# unix_time, cycles_done, cur_path, paths_total, pending_total, pending_favs, map_size, unique_crashes, unique_hangs, max_depth, execs_per_sec
1606739511, 0, 0, 3, 3, 1, 0.43%, 0, 0, 1, 324.32
1606739516, 3, 0, 3, 0, 0, 0.43%, 0, 0, 1, 377.61
1606739521, 5, 2, 3, 0, 0, 0.43%, 0, 0, 1, 390.84
1606739526, 8, 1, 3, 0, 0, 0.43%, 0, 0, 1, 396.16
1606739531, 11, 0, 3, 0, 0, 0.43%, 0, 0, 1, 398.92
1606739536, 13, 2, 3, 0, 0, 0.43%, 0, 0, 1, 399.72
1606739541, 16, 1, 3, 0, 0, 0.43%, 0, 0, 1, 400.50
1606739546, 19, 0, 3, 0, 0, 0.43%, 0, 0, 1, 398.50
1606739552, 21, 2, 3, 0, 0, 0.43%, 0, 0, 1, 397.96
1606739557, 24, 1, 3, 0, 0, 0.43%, 0, 0, 1, 392.46
1606739562, 27, 0, 3, 0, 0, 0.43%, 0, 0, 1, 394.38
1606739567, 29, 1, 3, 0, 0, 0.43%, 0, 0, 1, 386.67
1606739572, 32, 0, 3, 0, 0, 0.43%, 0, 0, 1, 372.43
1606739577, 34, 1, 3, 0, 0, 0.43%, 0, 0, 1, 364.38
1606739582, 36, 2, 3, 0, 0, 0.43%, 0, 0, 1, 372.65
1606739587, 39, 1, 3, 0, 0, 0.43%, 0, 0, 1, 369.39
1606739592, 41, 2, 3, 0, 0, 0.43%, 0, 0, 1, 382.69
1606739597, 44, 1, 3, 0, 0, 0.43%, 0, 0, 1, 381.36
1606739602, 46, 2, 3, 0, 0, 0.43%, 0, 0, 1, 386.31
1606739607, 49, 1, 3, 0, 0, 0.43%, 0, 0, 1, 385.23
1606739612, 52, 0, 3, 0, 0, 0.43%, 0, 0, 1, 390.81
1606739617, 54, 1, 3, 0, 0, 0.43%, 0, 0, 1, 391.54
1606739623, 57, 0, 3, 0, 0, 0.43%, 0, 0, 1, 393.36
1606739628, 59, 1, 3, 0, 0, 0.43%, 0, 0, 1, 374.18
1606739633, 62, 0, 3, 0, 0, 0.43%, 0, 0, 1, 377.40
1606739638, 64, 0, 3, 0, 0, 0.43%, 0, 0, 1, 315.58
1606739643, 66, 1, 3, 0, 0, 0.43%, 0, 0, 1, 362.90
1606739648, 69, 0, 3, 0, 0, 0.43%, 0, 0, 1, 371.30
1606739653, 71, 1, 3, 0, 0, 0.43%, 0, 0, 1, 379.51
1606739658, 74, 0, 3, 0, 0, 0.43%, 0, 0, 1, 389.27
1606739663, 76, 2, 3, 0, 0, 0.43%, 0, 0, 1, 379.05
1606739668, 79, 0, 3, 0, 0, 0.43%, 0, 0, 1, 374.17
1606739673, 81, 1, 3, 0, 0, 0.43%, 0, 0, 1, 376.21
1606739678, 84, 0, 3, 0, 0, 0.43%, 0, 0, 1, 370.77
1606739683, 86, 0, 3, 0, 0, 0.43%, 0, 0, 1, 318.61
1606739688, 88, 0, 3, 0, 0, 0.43%, 0, 0, 1, 331.25
1606739693, 90, 1, 3, 0, 0, 0.43%, 0, 0, 1, 360.55
1606739699, 93, 0, 3, 0, 0, 0.43%, 0, 0, 1, 364.42
1606739704, 95, 1, 3, 0, 0, 0.43%, 0, 0, 1, 365.96
1606739709, 97, 2, 3, 0, 0, 0.43%, 0, 0, 1, 366.62
1606739714, 100, 1, 3, 0, 0, 0.43%, 0, 0, 1, 381.12
1606739719, 102, 2, 3, 0, 0, 0.43%, 0, 0, 1, 382.38
1606739724, 105, 0, 3, 0, 0, 0.43%, 0, 0, 1, 369.70
1606739729, 107, 2, 3, 0, 0, 0.43%, 0, 0, 1, 372.35
1606739734, 110, 0, 3, 0, 0, 0.43%, 0, 0, 1, 375.14
1606739739, 112, 2, 3, 0, 0, 0.43%, 0, 0, 1, 372.88
1606739744, 115, 0, 3, 0, 0, 0.43%, 0, 0, 1, 377.73
1606739749, 117, 2, 3, 0, 0, 0.43%, 0, 0, 1, 368.04
1606739754, 120, 0, 3, 0, 0, 0.43%, 0, 0, 1, 366.11
1606739759, 122, 0, 3, 0, 0, 0.43%, 0, 0, 1, 343.35
1606739764, 124, 2, 3, 0, 0, 0.43%, 0, 0, 1, 359.56
1606739770, 127, 0, 3, 0, 0, 0.43%, 0, 0, 1, 367.22
1606739775, 129, 2, 3, 0, 0, 0.43%, 0, 0, 1, 377.09
1606739780, 132, 0, 3, 0, 0, 0.43%, 0, 0, 1, 379.15
1606739785, 134, 2, 3, 0, 0, 0.43%, 0, 0, 1, 384.66
1606739790, 137, 0, 3, 0, 0, 0.43%, 0, 0, 1, 380.96
1606739795, 139, 2, 3, 0, 0, 0.43%, 0, 0, 1, 381.98
1606739800, 142, 1, 3, 0, 0, 0.43%, 0, 0, 1, 386.19
1606739805, 145, 0, 3, 0, 0, 0.43%, 0, 0, 1, 388.36
1606739810, 147, 1, 3, 0, 0, 0.43%, 0, 0, 1, 385.34
1606739816, 150, 0, 3, 0, 0, 0.43%, 0, 0, 1, 383.44
1606739821, 152, 2, 3, 0, 0, 0.43%, 0, 0, 1, 387.71
1606739826, 155, 0, 3, 0, 0, 0.43%, 0, 0, 1, 386.32
1606739831, 157, 2, 3, 0, 0, 0.43%, 0, 0, 1, 385.87
1606739836, 160, 1, 3, 0, 0, 0.43%, 0, 0, 1, 388.07
1606739841, 162, 2, 3, 0, 0, 0.43%, 0, 0, 1, 388.75
1606739846, 165, 1, 3, 0, 0, 0.43%, 0, 0, 1, 388.34
1606739851, 168, 0, 3, 0, 0, 0.43%, 0, 0, 1, 385.34
1606739856, 170, 1, 3, 0, 0, 0.43%, 0, 0, 1, 386.63
1606739861, 173, 0, 3, 0, 0, 0.43%, 0, 0, 1, 384.82
1606739866, 175, 2, 3, 0, 0, 0.43%, 0, 0, 1, 379.37
1606739871, 178, 0, 3, 0, 0, 0.43%, 0, 0, 1, 374.14
1606739876, 180, 1, 3, 0, 0, 0.43%, 0, 0, 1, 384.01
1606739882, 183, 0, 3, 0, 0, 0.43%, 0, 0, 1, 387.39
1606739887, 185, 2, 3, 0, 0, 0.43%, 0, 0, 1, 388.70
1606739892, 188, 1, 3, 0, 0, 0.43%, 0, 0, 1, 385.79
1606739897, 190, 2, 3, 0, 0, 0.43%, 0, 0, 1, 381.35
1606739902, 193, 0, 3, 0, 0, 0.43%, 0, 0, 1, 376.13
1606739907, 195, 2, 3, 0, 0, 0.43%, 0, 0, 1, 378.37
1606739912, 198, 0, 3, 0, 0, 0.43%, 0, 0, 1, 381.60
1606739917, 200, 2, 3, 0, 0, 0.43%, 0, 0, 1, 370.08
1606739922, 203, 0, 3, 0, 0, 0.43%, 0, 0, 1, 366.73
1606739927, 205, 1, 3, 0, 0, 0.43%, 0, 0, 1, 367.63
1606739932, 207, 2, 3, 0, 0, 0.43%, 0, 0, 1, 360.48
1606739937, 210, 0, 3, 0, 0, 0.43%, 0, 0, 1, 363.34
1606739942, 212, 1, 3, 0, 0, 0.43%, 0, 0, 1, 355.20
1606739947, 214, 2, 3, 0, 0, 0.43%, 0, 0, 1, 341.10
1606739952, 217, 1, 3, 0, 0, 0.43%, 0, 0, 1, 369.05
1606739957, 219, 2, 3, 0, 0, 0.43%, 0, 0, 1, 374.87
1606739962, 222, 1, 3, 0, 0, 0.43%, 0, 0, 1, 381.58
1606739968, 224, 2, 3, 0, 0, 0.43%, 0, 0, 1, 379.06
1606739973, 227, 1, 3, 0, 0, 0.43%, 0, 0, 1, 376.16
1606739978, 230, 0, 3, 0, 0, 0.43%, 0, 0, 1, 375.86
1606739983, 232, 1, 3, 0, 0, 0.43%, 0, 0, 1, 364.29
1606739988, 234, 2, 3, 0, 0, 0.43%, 0, 0, 1, 368.19
1606739993, 237, 1, 3, 0, 0, 0.43%, 0, 0, 1, 369.60
1606739999, 239, 2, 3, 0, 0, 0.43%, 0, 0, 1, 372.32
1606740004, 242, 0, 3, 0, 0, 0.43%, 0, 0, 1, 365.74
1606740009, 244, 1, 3, 0, 0, 0.43%, 0, 0, 1, 341.87
1606740014, 246, 2, 3, 0, 0, 0.43%, 0, 0, 1, 349.36
1606740019, 249, 0, 3, 0, 0, 0.43%, 0, 0, 1, 368.39
1606740024, 251, 2, 3, 0, 0, 0.43%, 0, 0, 1, 373.68
1606740029, 254, 0, 3, 0, 0, 0.43%, 0, 0, 1, 376.91
1606740034, 256, 2, 3, 0, 0, 0.43%, 0, 0, 1, 366.73
1606740039, 259, 0, 3, 0, 0, 0.43%, 0, 0, 1, 375.86
1606740044, 261, 2, 3, 0, 0, 0.43%, 0, 0, 1, 370.08
1606740049, 264, 0, 3, 0, 0, 0.43%, 0, 0, 1, 367.38
1606740055, 266, 1, 3, 0, 0, 0.43%, 0, 0, 1, 374.90
1606740060, 269, 0, 3, 0, 0, 0.43%, 0, 0, 1, 378.03
1606740065, 271, 1, 3, 0, 0, 0.43%, 0, 0, 1, 373.37
1606740070, 274, 0, 3, 0, 0, 0.43%, 0, 0, 1, 379.54
1606740075, 276, 2, 3, 0, 0, 0.43%, 0, 0, 1, 378.37
1606740080, 279, 0, 3, 0, 0, 0.43%, 0, 0, 1, 374.79
1606740085, 281, 2, 3, 0, 0, 0.43%, 0, 0, 1, 377.24
1606740091, 284, 0, 3, 0, 0, 0.43%, 0, 0, 1, 378.64
1606740096, 286, 2, 3, 0, 0, 0.43%, 0, 0, 1, 376.44
1606740101, 289, 0, 3, 0, 0, 0.43%, 0, 0, 1, 382.91
1606740106, 291, 2, 3, 0, 0, 0.43%, 0, 0, 1, 376.69
1606740111, 294, 0, 3, 0, 0, 0.43%, 0, 0, 1, 382.42
1606740116, 296, 2, 3, 0, 0, 0.43%, 0, 0, 1, 379.06
1606740121, 299, 0, 3, 0, 0, 0.43%, 0, 0, 1, 380.59
1606740126, 301, 2, 3, 0, 0, 0.43%, 0, 0, 1, 381.83
1606740131, 304, 1, 3, 0, 0, 0.43%, 0, 0, 1, 373.65
1606740136, 306, 2, 3, 0, 0, 0.43%, 0, 0, 1, 368.41
1606740141, 309, 0, 3, 0, 0, 0.43%, 0, 0, 1, 361.40
1606740147, 311, 1, 3, 0, 0, 0.43%, 0, 0, 1, 367.69
1606740152, 314, 0, 3, 0, 0, 0.43%, 0, 0, 1, 366.42
1606740157, 316, 1, 3, 0, 0, 0.43%, 0, 0, 1, 353.40
1606740162, 318, 2, 3, 0, 0, 0.43%, 0, 0, 1, 368.25
1606740167, 321, 0, 3, 0, 0, 0.43%, 0, 0, 1, 359.91
1606740172, 323, 2, 3, 0, 0, 0.43%, 0, 0, 1, 364.19
1606740177, 326, 0, 3, 0, 0, 0.43%, 0, 0, 1, 349.97
1606740182, 327, 2, 3, 0, 0, 0.43%, 0, 0, 1, 296.15
1606740188, 330, 1, 3, 0, 0, 0.43%, 0, 0, 1, 357.36
1606740193, 332, 2, 3, 0, 0, 0.43%, 0, 0, 1, 370.34
1606740198, 335, 0, 3, 0, 0, 0.43%, 0, 0, 1, 372.71
1606740203, 337, 2, 3, 0, 0, 0.43%, 0, 0, 1, 374.40
1606740208, 340, 1, 3, 0, 0, 0.43%, 0, 0, 1, 374.57
1606740213, 342, 2, 3, 0, 0, 0.43%, 0, 0, 1, 363.50
1606740218, 345, 0, 3, 0, 0, 0.43%, 0, 0, 1, 373.12
1606740224, 347, 2, 3, 0, 0, 0.43%, 0, 0, 1, 373.37
1606740229, 350, 0, 3, 0, 0, 0.43%, 0, 0, 1, 378.50
1606740234, 352, 2, 3, 0, 0, 0.43%, 0, 0, 1, 377.62
1606740239, 355, 1, 3, 0, 0, 0.43%, 0, 0, 1, 377.28
1606740244, 357, 2, 3, 0, 0, 0.43%, 0, 0, 1, 377.10
1606740249, 360, 1, 3, 0, 0, 0.43%, 0, 0, 1, 374.84
1606740255, 362, 2, 3, 0, 0, 0.43%, 0, 0, 1, 366.78
1606740260, 365, 1, 3, 0, 0, 0.43%, 0, 0, 1, 368.87
1606740265, 367, 2, 3, 0, 0, 0.43%, 0, 0, 1, 367.90
1606740270, 370, 0, 3, 0, 0, 0.43%, 0, 0, 1, 349.11
1606740275, 372, 1, 3, 0, 0, 0.43%, 0, 0, 1, 342.60
1606740280, 374, 2, 3, 0, 0, 0.43%, 0, 0, 1, 357.19
1606740285, 377, 0, 3, 0, 0, 0.43%, 0, 0, 1, 365.24
1606740291, 379, 2, 3, 0, 0, 0.43%, 0, 0, 1, 373.83
1606740296, 382, 0, 3, 0, 0, 0.43%, 0, 0, 1, 372.78
1606740301, 384, 1, 3, 0, 0, 0.43%, 0, 0, 1, 362.87
1606740306, 386, 2, 3, 0, 0, 0.43%, 0, 0, 1, 343.41
1606740311, 389, 0, 3, 0, 0, 0.43%, 0, 0, 1, 340.19
1606740316, 391, 1, 3, 0, 0, 0.43%, 0, 0, 1, 332.56
1606740321, 393, 2, 3, 0, 0, 0.43%, 0, 0, 1, 351.03
1606740326, 396, 0, 3, 0, 0, 0.43%, 0, 0, 1, 364.07
1606740332, 398, 2, 3, 0, 0, 0.43%, 0, 0, 1, 375.37
1606740337, 401, 0, 3, 0, 0, 0.43%, 0, 0, 1, 357.18
1606740342, 403, 1, 3, 0, 0, 0.43%, 0, 0, 1, 363.04
1606740347, 406, 0, 3, 0, 0, 0.43%, 0, 0, 1, 372.61
1606740352, 408, 1, 3, 0, 0, 0.43%, 0, 0, 1, 363.92
1606740357, 410, 2, 3, 0, 0, 0.43%, 0, 0, 1, 365.03
1606740362, 413, 1, 3, 0, 0, 0.43%, 0, 0, 1, 374.35
1606740368, 415, 2, 3, 0, 0, 0.43%, 0, 0, 1, 366.29
1606740373, 418, 0, 3, 0, 0, 0.43%, 0, 0, 1, 364.37
1606740378, 420, 1, 3, 0, 0, 0.43%, 0, 0, 1, 359.55
1606740383, 423, 0, 3, 0, 0, 0.43%, 0, 0, 1, 370.03
1606740388, 425, 1, 3, 0, 0, 0.43%, 0, 0, 1, 363.46
1606740393, 428, 0, 3, 0, 0, 0.43%, 0, 0, 1, 368.82
1606740399, 430, 1, 3, 0, 0, 0.43%, 0, 0, 1, 370.41
1606740404, 432, 2, 3, 0, 0, 0.43%, 0, 0, 1, 359.52
1606740409, 435, 0, 3, 0, 0, 0.43%, 0, 0, 1, 354.43
1606740414, 437, 1, 3, 0, 0, 0.43%, 0, 0, 1, 350.59
1606740419, 440, 0, 3, 0, 0, 0.43%, 0, 0, 1, 355.59
1606740424, 442, 1, 3, 0, 0, 0.43%, 0, 0, 1, 353.54
1606740429, 444, 2, 3, 0, 0, 0.43%, 0, 0, 1, 358.87
1606740434, 447, 0, 3, 0, 0, 0.43%, 0, 0, 1, 367.16
1606740440, 449, 2, 3, 0, 0, 0.43%, 0, 0, 1, 375.21
1606740445, 452, 0, 3, 0, 0, 0.43%, 0, 0, 1, 377.37
1606740450, 454, 2, 3, 0, 0, 0.43%, 0, 0, 1, 376.92
1606740455, 457, 0, 3, 0, 0, 0.43%, 0, 0, 1, 369.80
1606740460, 459, 2, 3, 0, 0, 0.43%, 0, 0, 1, 374.46
1606740465, 462, 0, 3, 0, 0, 0.43%, 0, 0, 1, 358.13
1606740471, 464, 2, 3, 0, 0, 0.43%, 0, 0, 1, 373.04
1606740476, 467, 0, 3, 0, 0, 0.43%, 0, 0, 1, 371.45
1606740481, 469, 1, 3, 0, 0, 0.43%, 0, 0, 1, 366.49
1606740486, 472, 0, 3, 0, 0, 0.43%, 0, 0, 1, 370.19
1606740491, 474, 1, 3, 0, 0, 0.43%, 0, 0, 1, 373.63
1606740496, 477, 0, 3, 0, 0, 0.43%, 0, 0, 1, 375.79
1606740501, 479, 2, 3, 0, 0, 0.43%, 0, 0, 1, 375.96
1606740506, 482, 0, 3, 0, 0, 0.43%, 0, 0, 1, 358.36
1606740511, 484, 1, 3, 0, 0, 0.43%, 0, 0, 1, 352.37
1606740517, 486, 2, 3, 0, 0, 0.43%, 0, 0, 1, 368.01
1606740522, 489, 0, 3, 0, 0, 0.43%, 0, 0, 1, 360.15
1606740527, 491, 1, 3, 0, 0, 0.43%, 0, 0, 1, 358.52
1606740532, 494, 0, 3, 0, 0, 0.43%, 0, 0, 1, 367.59
1606740537, 496, 1, 3, 0, 0, 0.43%, 0, 0, 1, 371.84
1606740542, 498, 2, 3, 0, 0, 0.43%, 0, 0, 1, 367.75
1606740547, 501, 1, 3, 0, 0, 0.43%, 0, 0, 1, 366.72
1606740552, 503, 2, 3, 0, 0, 0.43%, 0, 0, 1, 365.53
1606740557, 506, 0, 3, 0, 0, 0.43%, 0, 0, 1, 362.66
1606740563, 508, 2, 3, 0, 0, 0.43%, 0, 0, 1, 369.42
1606740568, 511, 0, 3, 0, 0, 0.43%, 0, 0, 1, 361.54
1606740573, 513, 1, 3, 0, 0, 0.43%, 0, 0, 1, 361.14
1606740578, 515, 2, 3, 0, 0, 0.43%, 0, 0, 1, 360.91
1606740583, 518, 0, 3, 0, 0, 0.43%, 0, 0, 1, 362.19
1606740588, 520, 1, 3, 0, 0, 0.43%, 0, 0, 1, 365.18
1606740593, 523, 0, 3, 0, 0, 0.43%, 0, 0, 1, 369.98
1606740598, 525, 1, 3, 0, 0, 0.43%, 0, 0, 1, 378.17
1606740603, 528, 0, 3, 0, 0, 0.43%, 0, 0, 1, 376.74
1606740608, 530, 1, 3, 0, 0, 0.43%, 0, 0, 1, 371.61
1606740613, 533, 0, 3, 0, 0, 0.43%, 0, 0, 1, 371.81
1606740618, 535, 1, 3, 0, 0, 0.43%, 0, 0, 1, 367.56
1606740624, 538, 0, 3, 0, 0, 0.43%, 0, 0, 1, 374.18
1606740629, 540, 1, 3, 0, 0, 0.43%, 0, 0, 1, 369.37
1606740634, 542, 2, 3, 0, 0, 0.43%, 0, 0, 1, 365.34
1606740639, 545, 0, 3, 0, 0, 0.43%, 0, 0, 1, 365.75
1606740644, 547, 1, 3, 0, 0, 0.43%, 0, 0, 1, 368.35
1606740649, 550, 0, 3, 0, 0, 0.43%, 0, 0, 1, 368.74
1606740654, 552, 1, 3, 0, 0, 0.43%, 0, 0, 1, 366.90
1606740659, 554, 2, 3, 0, 0, 0.43%, 0, 0, 1, 362.13
1606740664, 557, 1, 3, 0, 0, 0.43%, 0, 0, 1, 373.40
1606740669, 559, 2, 3, 0, 0, 0.43%, 0, 0, 1, 365.07
1606740675, 562, 1, 3, 0, 0, 0.43%, 0, 0, 1, 365.03
1606740680, 564, 2, 3, 0, 0, 0.43%, 0, 0, 1, 370.52
1606740685, 567, 0, 3, 0, 0, 0.43%, 0, 0, 1, 373.29
1606740690, 569, 2, 3, 0, 0, 0.43%, 0, 0, 1, 375.88
1606740695, 572, 0, 3, 0, 0, 0.43%, 0, 0, 1, 371.78
1606740700, 574, 1, 3, 0, 0, 0.43%, 0, 0, 1, 369.95
1606740705, 577, 0, 3, 0, 0, 0.43%, 0, 0, 1, 369.24
1606740710, 579, 1, 3, 0, 0, 0.43%, 0, 0, 1, 373.22
1606740715, 582, 0, 3, 0, 0, 0.43%, 0, 0, 1, 373.42
1606740720, 584, 1, 3, 0, 0, 0.43%, 0, 0, 1, 361.27
1606740726, 586, 2, 3, 0, 0, 0.43%, 0, 0, 1, 371.76
1606740731, 589, 1, 3, 0, 0, 0.43%, 0, 0, 1, 376.98
1606740736, 592, 0, 3, 0, 0, 0.43%, 0, 0, 1, 378.07
1606740741, 594, 1, 3, 0, 0, 0.43%, 0, 0, 1, 379.33
1606740746, 596, 2, 3, 0, 0, 0.43%, 0, 0, 1, 372.73
1606740751, 599, 1, 3, 0, 0, 0.43%, 0, 0, 1, 376.74
1606740756, 602, 0, 3, 0, 0, 0.43%, 0, 0, 1, 381.41
1606740762, 604, 1, 3, 0, 0, 0.43%, 0, 0, 1, 375.24
1606740767, 607, 0, 3, 0, 0, 0.43%, 0, 0, 1, 373.25
1606740772, 609, 1, 3, 0, 0, 0.43%, 0, 0, 1, 376.48
1606740777, 612, 0, 3, 0, 0, 0.43%, 0, 0, 1, 373.67
1606740782, 614, 1, 3, 0, 0, 0.43%, 0, 0, 1, 377.12
1606740787, 617, 0, 3, 0, 0, 0.43%, 0, 0, 1, 377.16
1606740792, 619, 1, 3, 0, 0, 0.43%, 0, 0, 1, 371.89
1606740797, 621, 2, 3, 0, 0, 0.43%, 0, 0, 1, 367.26
1606740802, 624, 0, 3, 0, 0, 0.43%, 0, 0, 1, 364.17
1606740807, 626, 2, 3, 0, 0, 0.43%, 0, 0, 1, 375.24
1606740812, 629, 1, 3, 0, 0, 0.43%, 0, 0, 1, 370.59
1606740818, 631, 2, 3, 0, 0, 0.43%, 0, 0, 1, 366.51
1606740823, 634, 0, 3, 0, 0, 0.43%, 0, 0, 1, 371.44
1606740828, 636, 2, 3, 0, 0, 0.43%, 0, 0, 1, 368.01
1606740833, 639, 0, 3, 0, 0, 0.43%, 0, 0, 1, 365.30
1606740838, 641, 1, 3, 0, 0, 0.43%, 0, 0, 1, 370.21
1606740843, 644, 0, 3, 0, 0, 0.43%, 0, 0, 1, 375.15
1606740848, 646, 1, 3, 0, 0, 0.43%, 0, 0, 1, 364.67
1606740853, 648, 2, 3, 0, 0, 0.43%, 0, 0, 1, 355.52
1606740858, 651, 0, 3, 0, 0, 0.43%, 0, 0, 1, 367.59
1606740863, 653, 2, 3, 0, 0, 0.43%, 0, 0, 1, 368.59
1606740868, 655, 2, 3, 0, 0, 0.43%, 0, 0, 1, 349.22
1606740873, 658, 0, 3, 0, 0, 0.43%, 0, 0, 1, 353.52
1606740878, 660, 1, 3, 0, 0, 0.43%, 0, 0, 1, 353.19
1606740884, 662, 2, 3, 0, 0, 0.43%, 0, 0, 1, 348.03
1606740889, 665, 0, 3, 0, 0, 0.43%, 0, 0, 1, 351.91
1606740894, 667, 1, 3, 0, 0, 0.43%, 0, 0, 1, 361.85
1606740899, 669, 2, 3, 0, 0, 0.43%, 0, 0, 1, 361.34
1606740904, 672, 1, 3, 0, 0, 0.43%, 0, 0, 1, 363.92
1606740909, 674, 2, 3, 0, 0, 0.43%, 0, 0, 1, 361.83
1606740914, 677, 0, 3, 0, 0, 0.43%, 0, 0, 1, 359.33
1606740919, 679, 1, 3, 0, 0, 0.43%, 0, 0, 1, 359.38
1606740924, 681, 2, 3, 0, 0, 0.43%, 0, 0, 1, 363.22
1606740929, 684, 0, 3, 0, 0, 0.43%, 0, 0, 1, 365.13
1606740934, 686, 2, 3, 0, 0, 0.43%, 0, 0, 1, 374.80
1606740939, 689, 0, 3, 0, 0, 0.43%, 0, 0, 1, 376.47
1606740944, 691, 2, 3, 0, 0, 0.43%, 0, 0, 1, 375.38
1606740949, 694, 0, 3, 0, 0, 0.43%, 0, 0, 1, 377.81
1606740955, 696, 2, 3, 0, 0, 0.43%, 0, 0, 1, 378.16
1606740960, 699, 1, 3, 0, 0, 0.43%, 0, 0, 1, 377.17
1606740965, 701, 2, 3, 0, 0, 0.43%, 0, 0, 1, 361.91
1606740970, 704, 0, 3, 0, 0, 0.43%, 0, 0, 1, 356.52
1606740975, 706, 1, 3, 0, 0, 0.43%, 0, 0, 1, 369.67
1606740980, 708, 2, 3, 0, 0, 0.43%, 0, 0, 1, 369.59
1606740985, 711, 1, 3, 0, 0, 0.43%, 0, 0, 1, 371.54
1606740990, 713, 2, 3, 0, 0, 0.43%, 0, 0, 1, 360.30
1606740995, 716, 0, 3, 0, 0, 0.43%, 0, 0, 1, 356.48
1606741000, 718, 1, 3, 0, 0, 0.43%, 0, 0, 1, 355.35
1606741005, 720, 2, 3, 0, 0, 0.43%, 0, 0, 1, 349.65
1606741010, 723, 0, 3, 0, 0, 0.43%, 0, 0, 1, 345.43
1606741016, 725, 1, 3, 0, 0, 0.43%, 0, 0, 1, 349.85
1606741021, 727, 2, 3, 0, 0, 0.43%, 0, 0, 1, 349.59
1606741026, 730, 0, 3, 0, 0, 0.43%, 0, 0, 1, 346.27
1606741031, 732, 1, 3, 0, 0, 0.43%, 0, 0, 1, 347.72
1606741036, 734, 2, 3, 0, 0, 0.43%, 0, 0, 1, 351.33
1606741041, 737, 0, 3, 0, 0, 0.43%, 0, 0, 1, 354.66
1606741046, 739, 0, 3, 0, 0, 0.43%, 0, 0, 1, 346.58
1606741051, 741, 1, 3, 0, 0, 0.43%, 0, 0, 1, 345.69
1606741056, 743, 2, 3, 0, 0, 0.43%, 0, 0, 1, 347.59
1606741062, 746, 0, 3, 0, 0, 0.43%, 0, 0, 1, 346.17
1606741067, 748, 1, 3, 0, 0, 0.43%, 0, 0, 1, 357.36
1606741072, 750, 2, 3, 0, 0, 0.43%, 0, 0, 1, 359.10
1606741077, 753, 1, 3, 0, 0, 0.43%, 0, 0, 1, 368.25
1606741082, 755, 2, 3, 0, 0, 0.43%, 0, 0, 1, 373.07
1606741087, 758, 1, 3, 0, 0, 0.43%, 0, 0, 1, 372.94
1606741092, 760, 2, 3, 0, 0, 0.43%, 0, 0, 1, 369.33
1606741097, 763, 1, 3, 0, 0, 0.43%, 0, 0, 1, 374.51
1606741102, 765, 2, 3, 0, 0, 0.43%, 0, 0, 1, 374.11
1606741107, 768, 0, 3, 0, 0, 0.43%, 0, 0, 1, 375.05
1606741112, 770, 2, 3, 0, 0, 0.43%, 0, 0, 1, 373.79
1606741118, 773, 0, 3, 0, 0, 0.43%, 0, 0, 1, 375.94
1606741123, 775, 1, 3, 0, 0, 0.43%, 0, 0, 1, 357.61
1606741128, 778, 0, 3, 0, 0, 0.43%, 0, 0, 1, 365.66
1606741133, 780, 1, 3, 0, 0, 0.43%, 0, 0, 1, 366.38
1606741138, 782, 2, 3, 0, 0, 0.43%, 0, 0, 1, 357.73
1606741143, 785, 1, 3, 0, 0, 0.43%, 0, 0, 1, 368.88
1606741148, 787, 2, 3, 0, 0, 0.43%, 0, 0, 1, 372.54
1606741153, 790, 0, 3, 0, 0, 0.43%, 0, 0, 1, 362.37
1606741158, 792, 1, 3, 0, 0, 0.43%, 0, 0, 1, 365.09
1606741163, 794, 2, 3, 0, 0, 0.43%, 0, 0, 1, 356.18
1606741168, 797, 1, 3, 0, 0, 0.43%, 0, 0, 1, 370.52
1606741174, 799, 2, 3, 0, 0, 0.43%, 0, 0, 1, 374.28
1606741179, 802, 1, 3, 0, 0, 0.43%, 0, 0, 1, 374.37
1606741184, 804, 2, 3, 0, 0, 0.43%, 0, 0, 1, 374.26
1606741189, 807, 0, 3, 0, 0, 0.43%, 0, 0, 1, 355.06
1606741194, 809, 1, 3, 0, 0, 0.43%, 0, 0, 1, 353.76
1606741199, 811, 2, 3, 0, 0, 0.43%, 0, 0, 1, 364.33
1606741204, 814, 1, 3, 0, 0, 0.43%, 0, 0, 1, 372.17
1606741209, 816, 2, 3, 0, 0, 0.43%, 0, 0, 1, 371.08
1606741214, 819, 0, 3, 0, 0, 0.43%, 0, 0, 1, 364.82
1606741219, 821, 1, 3, 0, 0, 0.43%, 0, 0, 1, 355.50
1606741224, 823, 2, 3, 0, 0, 0.43%, 0, 0, 1, 358.72
1606741229, 826, 0, 3, 0, 0, 0.43%, 0, 0, 1, 353.93
1606741234, 828, 2, 3, 0, 0, 0.43%, 0, 0, 1, 370.19
1606741239, 831, 0, 3, 0, 0, 0.43%, 0, 0, 1, 365.49
1606741244, 833, 1, 3, 0, 0, 0.43%, 0, 0, 1, 369.58
1606741250, 836, 0, 3, 0, 0, 0.43%, 0, 0, 1, 369.18
1606741255, 838, 1, 3, 0, 0, 0.43%, 0, 0, 1, 366.25
1606741260, 840, 2, 3, 0, 0, 0.43%, 0, 0, 1, 368.72
1606741265, 843, 1, 3, 0, 0, 0.43%, 0, 0, 1, 369.70
1606741270, 845, 2, 3, 0, 0, 0.43%, 0, 0, 1, 367.82
1606741275, 848, 0, 3, 0, 0, 0.43%, 0, 0, 1, 356.15
1606741280, 850, 1, 3, 0, 0, 0.43%, 0, 0, 1, 358.51
1606741285, 852, 2, 3, 0, 0, 0.43%, 0, 0, 1, 348.31
1606741291, 855, 0, 3, 0, 0, 0.43%, 0, 0, 1, 361.43
1606741296, 857, 1, 3, 0, 0, 0.43%, 0, 0, 1, 351.52
1606741301, 860, 0, 3, 0, 0, 0.43%, 0, 0, 1, 367.72
1606741306, 862, 1, 3, 0, 0, 0.43%, 0, 0, 1, 375.05
1606741311, 865, 0, 3, 0, 0, 0.43%, 0, 0, 1, 377.25
1606741316, 867, 2, 3, 0, 0, 0.43%, 0, 0, 1, 375.43
1606741321, 870, 0, 3, 0, 0, 0.43%, 0, 0, 1, 364.43
1606741326, 872, 1, 3, 0, 0, 0.43%, 0, 0, 1, 359.76
1606741332, 874, 2, 3, 0, 0, 0.43%, 0, 0, 1, 366.32
1606741337, 877, 1, 3, 0, 0, 0.43%, 0, 0, 1, 360.96
1606741342, 879, 2, 3, 0, 0, 0.43%, 0, 0, 1, 360.47
1606741347, 882, 0, 3, 0, 0, 0.43%, 0, 0, 1, 355.05
1606741352, 884, 1, 3, 0, 0, 0.43%, 0, 0, 1, 338.77
1606741357, 886, 2, 3, 0, 0, 0.43%, 0, 0, 1, 347.55
1606741362, 889, 0, 3, 0, 0, 0.43%, 0, 0, 1, 345.58
1606741367, 891, 1, 3, 0, 0, 0.43%, 0, 0, 1, 352.70
1606741373, 893, 2, 3, 0, 0, 0.43%, 0, 0, 1, 356.93
1606741378, 896, 0, 3, 0, 0, 0.43%, 0, 0, 1, 357.43
1606741383, 898, 1, 3, 0, 0, 0.43%, 0, 0, 1, 355.94
1606741388, 900, 2, 3, 0, 0, 0.43%, 0, 0, 1, 357.96
1606741393, 903, 0, 3, 0, 0, 0.43%, 0, 0, 1, 356.68
1606741398, 905, 1, 3, 0, 0, 0.43%, 0, 0, 1, 354.26
1606741403, 907, 2, 3, 0, 0, 0.43%, 0, 0, 1, 357.87
1606741408, 910, 0, 3, 0, 0, 0.43%, 0, 0, 1, 356.45
1606741413, 912, 1, 3, 0, 0, 0.43%, 0, 0, 1, 356.56
1606741418, 914, 2, 3, 0, 0, 0.43%, 0, 0, 1, 357.44
1606741423, 917, 0, 3, 0, 0, 0.43%, 0, 0, 1, 355.64
1606741428, 919, 1, 3, 0, 0, 0.43%, 0, 0, 1, 355.32
1606741433, 921, 2, 3, 0, 0, 0.43%, 0, 0, 1, 357.19
1606741438, 924, 1, 3, 0, 0, 0.43%, 0, 0, 1, 357.42
1606741444, 926, 2, 3, 0, 0, 0.43%, 0, 0, 1, 359.24
1606741449, 929, 0, 3, 0, 0, 0.43%, 0, 0, 1, 357.99
1606741454, 931, 1, 3, 0, 0, 0.43%, 0, 0, 1, 342.79
1606741459, 933, 2, 3, 0, 0, 0.43%, 0, 0, 1, 351.06
1606741464, 936, 0, 3, 0, 0, 0.43%, 0, 0, 1, 356.69
1606741469, 938, 1, 3, 0, 0, 0.43%, 0, 0, 1, 357.52
1606741474, 940, 2, 3, 0, 0, 0.43%, 0, 0, 1, 356.84
1606741479, 943, 0, 3, 0, 0, 0.43%, 0, 0, 1, 354.91
1606741484, 945, 1, 3, 0, 0, 0.43%, 0, 0, 1, 353.31
1606741489, 947, 1, 3, 0, 0, 0.43%, 0, 0, 1, 344.64
1606741494, 950, 0, 3, 0, 0, 0.43%, 0, 0, 1, 347.86
1606741499, 952, 1, 3, 0, 0, 0.43%, 0, 0, 1, 347.06
1606741505, 954, 2, 3, 0, 0, 0.43%, 0, 0, 1, 357.09
1606741510, 957, 0, 3, 0, 0, 0.43%, 0, 0, 1, 356.54
1606741515, 959, 1, 3, 0, 0, 0.43%, 0, 0, 1, 354.68
1606741520, 961, 2, 3, 0, 0, 0.43%, 0, 0, 1, 355.84
1606741525, 964, 0, 3, 0, 0, 0.43%, 0, 0, 1, 356.38
1606741530, 966, 1, 3, 0, 0, 0.43%, 0, 0, 1, 359.55
1606741535, 968, 2, 3, 0, 0, 0.43%, 0, 0, 1, 341.94
1606741540, 970, 2, 3, 0, 0, 0.43%, 0, 0, 1, 333.62
1606741545, 973, 0, 3, 0, 0, 0.43%, 0, 0, 1, 327.11
1606741550, 975, 1, 3, 0, 0, 0.43%, 0, 0, 1, 348.95
1606741555, 977, 2, 3, 0, 0, 0.43%, 0, 0, 1, 353.05
1606741560, 980, 0, 3, 0, 0, 0.43%, 0, 0, 1, 355.78
1606741565, 982, 0, 3, 0, 0, 0.43%, 0, 0, 1, 344.46
1606741571, 984, 1, 3, 0, 0, 0.43%, 0, 0, 1, 326.77
1606741576, 986, 1, 3, 0, 0, 0.43%, 0, 0, 1, 287.07
1606741581, 988, 0, 3, 0, 0, 0.43%, 0, 0, 1, 269.40
1606741586, 989, 2, 3, 0, 0, 0.43%, 0, 0, 1, 270.13
1606741591, 991, 2, 3, 0, 0, 0.43%, 0, 0, 1, 303.11
1606741596, 994, 0, 3, 0, 0, 0.43%, 0, 0, 1, 331.58
1606741601, 996, 1, 3, 0, 0, 0.43%, 0, 0, 1, 334.05
1606741606, 998, 2, 3, 0, 0, 0.43%, 0, 0, 1, 341.60
1606741611, 1001, 0, 3, 0, 0, 0.43%, 0, 0, 1, 340.08
1606741617, 1003, 0, 3, 0, 0, 0.43%, 0, 0, 1, 333.59
1606741622, 1005, 1, 3, 0, 0, 0.43%, 0, 0, 1, 334.44
1606741627, 1007, 2, 3, 0, 0, 0.43%, 0, 0, 1, 344.60
1606741632, 1010, 0, 3, 0, 0, 0.43%, 0, 0, 1, 343.13
1606741637, 1012, 1, 3, 0, 0, 0.43%, 0, 0, 1, 334.44
1606741642, 1014, 2, 3, 0, 0, 0.43%, 0, 0, 1, 344.78
1606741648, 1016, 2, 3, 0, 0, 0.43%, 0, 0, 1, 333.05
1606741653, 1019, 0, 3, 0, 0, 0.43%, 0, 0, 1, 320.98
1606741658, 1020, 2, 3, 0, 0, 0.43%, 0, 0, 1, 283.80
1606741663, 1022, 2, 3, 0, 0, 0.43%, 0, 0, 1, 315.62
1606741668, 1025, 0, 3, 0, 0, 0.43%, 0, 0, 1, 348.94
1606741673, 1027, 1, 3, 0, 0, 0.43%, 0, 0, 1, 350.27
1606741678, 1029, 2, 3, 0, 0, 0.43%, 0, 0, 1, 348.79
1606741683, 1032, 0, 3, 0, 0, 0.43%, 0, 0, 1, 331.84
1606741688, 1034, 1, 3, 0, 0, 0.43%, 0, 0, 1, 341.03
1606741693, 1036, 2, 3, 0, 0, 0.43%, 0, 0, 1, 354.08
1606741698, 1039, 0, 3, 0, 0, 0.43%, 0, 0, 1, 356.42
1606741704, 1041, 1, 3, 0, 0, 0.43%, 0, 0, 1, 359.14
1606741709, 1043, 2, 3, 0, 0, 0.43%, 0, 0, 1, 362.66
1606741714, 1046, 0, 3, 0, 0, 0.43%, 0, 0, 1, 363.29
1606741719, 1048, 1, 3, 0, 0, 0.43%, 0, 0, 1, 363.01
1606741724, 1050, 2, 3, 0, 0, 0.43%, 0, 0, 1, 362.08
1606741729, 1053, 1, 3, 0, 0, 0.43%, 0, 0, 1, 357.55
1606741734, 1055, 2, 3, 0, 0, 0.43%, 0, 0, 1, 361.32
1606741739, 1058, 0, 3, 0, 0, 0.43%, 0, 0, 1, 358.02
1606741744, 1060, 1, 3, 0, 0, 0.43%, 0, 0, 1, 359.15
1606741749, 1062, 2, 3, 0, 0, 0.43%, 0, 0, 1, 350.66
1606741754, 1064, 2, 3, 0, 0, 0.43%, 0, 0, 1, 325.27
1606741759, 1067, 0, 3, 0, 0, 0.43%, 0, 0, 1, 342.67
1606741764, 1069, 0, 3, 0, 0, 0.43%, 0, 0, 1, 335.79
1606741769, 1071, 1, 3, 0, 0, 0.43%, 0, 0, 1, 325.75
1606741774, 1073, 1, 3, 0, 0, 0.43%, 0, 0, 1, 335.39
1606741780, 1075, 2, 3, 0, 0, 0.43%, 0, 0, 1, 341.73
1606741785, 1078, 0, 3, 0, 0, 0.43%, 0, 0, 1, 351.17
1606741790, 1080, 1, 3, 0, 0, 0.43%, 0, 0, 1, 346.83
1606741795, 1082, 2, 3, 0, 0, 0.43%, 0, 0, 1, 341.23
1606741800, 1084, 2, 3, 0, 0, 0.43%, 0, 0, 1, 337.47
1606741805, 1087, 1, 3, 0, 0, 0.43%, 0, 0, 1, 355.38
1606741810, 1089, 2, 3, 0, 0, 0.43%, 0, 0, 1, 337.78
1606741815, 1091, 2, 3, 0, 0, 0.43%, 0, 0, 1, 346.28
1606741820, 1094, 0, 3, 0, 0, 0.43%, 0, 0, 1, 355.60
1606741825, 1096, 1, 3, 0, 0, 0.43%, 0, 0, 1, 358.67
1606741831, 1099, 0, 3, 0, 0, 0.43%, 0, 0, 1, 363.13
1606741836, 1101, 1, 3, 0, 0, 0.43%, 0, 0, 1, 361.67
1606741841, 1103, 2, 3, 0, 0, 0.43%, 0, 0, 1, 360.58
1606741846, 1106, 0, 3, 0, 0, 0.43%, 0, 0, 1, 359.97
1606741851, 1108, 1, 3, 0, 0, 0.43%, 0, 0, 1, 362.54
1606741856, 1111, 0, 3, 0, 0, 0.43%, 0, 0, 1, 368.89
1606741861, 1113, 1, 3, 0, 0, 0.43%, 0, 0, 1, 365.52
1606741866, 1115, 1, 3, 0, 0, 0.43%, 0, 0, 1, 306.90
1606741871, 1117, 2, 3, 0, 0, 0.43%, 0, 0, 1, 349.20
1606741876, 1120, 0, 3, 0, 0, 0.43%, 0, 0, 1, 359.57
1606741881, 1122, 2, 3, 0, 0, 0.43%, 0, 0, 1, 363.57
1606741887, 1124, 2, 3, 0, 0, 0.43%, 0, 0, 1, 336.56
1606741892, 1126, 2, 3, 0, 0, 0.43%, 0, 0, 1, 279.31
1606741897, 1128, 1, 3, 0, 0, 0.43%, 0, 0, 1, 272.40
1606741902, 1130, 1, 3, 0, 0, 0.43%, 0, 0, 1, 288.02
1606741907, 1132, 0, 3, 0, 0, 0.43%, 0, 0, 1, 277.52
1606741912, 1134, 0, 3, 0, 0, 0.43%, 0, 0, 1, 281.78
1606741917, 1136, 0, 3, 0, 0, 0.43%, 0, 0, 1, 281.70
1606741922, 1138, 0, 3, 0, 0, 0.43%, 0, 0, 1, 308.10
1606741927, 1140, 1, 3, 0, 0, 0.43%, 0, 0, 1, 343.93
1606741932, 1142, 2, 3, 0, 0, 0.43%, 0, 0, 1, 362.11
1606741938, 1145, 0, 3, 0, 0, 0.43%, 0, 0, 1, 363.25
1606741943, 1147, 2, 3, 0, 0, 0.43%, 0, 0, 1, 361.60
1606741948, 1150, 0, 3, 0, 0, 0.43%, 0, 0, 1, 372.99
1606741953, 1152, 2, 3, 0, 0, 0.43%, 0, 0, 1, 377.65
1606741958, 1155, 1, 3, 0, 0, 0.43%, 0, 0, 1, 378.06
1606741963, 1157, 2, 3, 0, 0, 0.43%, 0, 0, 1, 378.39
1606741969, 1160, 1, 3, 0, 0, 0.43%, 0, 0, 1, 378.07
1606741974, 1162, 2, 3, 0, 0, 0.43%, 0, 0, 1, 372.40
1606741979, 1165, 1, 3, 0, 0, 0.43%, 0, 0, 1, 375.18
1606741984, 1168, 0, 3, 0, 0, 0.43%, 0, 0, 1, 378.51
1606741989, 1170, 1, 3, 0, 0, 0.43%, 0, 0, 1, 376.52
1606741994, 1173, 0, 3, 0, 0, 0.43%, 0, 0, 1, 379.37
1606742000, 1175, 1, 3, 0, 0, 0.43%, 0, 0, 1, 380.33
1606742005, 1178, 0, 3, 0, 0, 0.43%, 0, 0, 1, 380.84
1606742010, 1180, 2, 3, 0, 0, 0.43%, 0, 0, 1, 374.18
1606742015, 1183, 0, 3, 0, 0, 0.43%, 0, 0, 1, 376.50
1606742020, 1185, 2, 3, 0, 0, 0.43%, 0, 0, 1, 367.99
1606742025, 1188, 0, 3, 0, 0, 0.43%, 0, 0, 1, 373.03
1606742031, 1190, 2, 3, 0, 0, 0.43%, 0, 0, 1, 377.40
1606742036, 1193, 0, 3, 0, 0, 0.43%, 0, 0, 1, 366.96
1606742041, 1195, 2, 3, 0, 0, 0.43%, 0, 0, 1, 365.34
1606742046, 1198, 0, 3, 0, 0, 0.43%, 0, 0, 1, 376.79
1606742051, 1200, 2, 3, 0, 0, 0.43%, 0, 0, 1, 378.87
1606742056, 1203, 0, 3, 0, 0, 0.43%, 0, 0, 1, 375.43
1606742061, 1205, 1, 3, 0, 0, 0.43%, 0, 0, 1, 365.87
1606742067, 1208, 0, 3, 0, 0, 0.43%, 0, 0, 1, 364.21
1606742072, 1210, 1, 3, 0, 0, 0.43%, 0, 0, 1, 370.81
1606742077, 1213, 0, 3, 0, 0, 0.43%, 0, 0, 1, 373.01
1606742082, 1215, 2, 3, 0, 0, 0.43%, 0, 0, 1, 378.21
1606742087, 1218, 0, 3, 0, 0, 0.43%, 0, 0, 1, 379.63
1606742092, 1220, 2, 3, 0, 0, 0.43%, 0, 0, 1, 378.95
1606742097, 1222, 2, 3, 0, 0, 0.43%, 0, 0, 1, 334.13
1606742103, 1225, 1, 3, 0, 0, 0.43%, 0, 0, 1, 364.29
1606742108, 1227, 2, 3, 0, 0, 0.43%, 0, 0, 1, 375.94
1606742113, 1230, 1, 3, 0, 0, 0.43%, 0, 0, 1, 377.97
1606742118, 1233, 0, 3, 0, 0, 0.43%, 0, 0, 1, 373.71
1606742123, 1235, 1, 3, 0, 0, 0.43%, 0, 0, 1, 376.56
1606742128, 1238, 0, 3, 0, 0, 0.43%, 0, 0, 1, 377.32
1606742134, 1240, 1, 3, 0, 0, 0.43%, 0, 0, 1, 376.90
1606742139, 1243, 0, 3, 0, 0, 0.43%, 0, 0, 1, 374.78
1606742144, 1245, 2, 3, 0, 0, 0.43%, 0, 0, 1, 373.13
1606742149, 1248, 0, 3, 0, 0, 0.43%, 0, 0, 1, 375.97
1606742154, 1250, 1, 3, 0, 0, 0.43%, 0, 0, 1, 370.48
1606742159, 1253, 0, 3, 0, 0, 0.43%, 0, 0, 1, 366.21
1606742164, 1255, 1, 3, 0, 0, 0.43%, 0, 0, 1, 376.83
1606742169, 1258, 0, 3, 0, 0, 0.43%, 0, 0, 1, 379.37
1606742175, 1260, 1, 3, 0, 0, 0.43%, 0, 0, 1, 380.10
1606742180, 1263, 0, 3, 0, 0, 0.43%, 0, 0, 1, 380.23
1606742185, 1265, 2, 3, 0, 0, 0.43%, 0, 0, 1, 379.00
1606742190, 1268, 0, 3, 0, 0, 0.43%, 0, 0, 1, 380.21
1606742195, 1270, 2, 3, 0, 0, 0.43%, 0, 0, 1, 379.80
1606742200, 1273, 1, 3, 0, 0, 0.43%, 0, 0, 1, 379.46
1606742205, 1275, 2, 3, 0, 0, 0.43%, 0, 0, 1, 380.45
1606742211, 1278, 1, 3, 0, 0, 0.43%, 0, 0, 1, 369.18
1606742216, 1280, 2, 3, 0, 0, 0.43%, 0, 0, 1, 375.00
1606742221, 1283, 1, 3, 0, 0, 0.43%, 0, 0, 1, 378.46
1606742226, 1286, 0, 3, 0, 0, 0.43%, 0, 0, 1, 379.33
1606742231, 1288, 1, 3, 0, 0, 0.43%, 0, 0, 1, 379.55
1606742236, 1290, 2, 3, 0, 0, 0.43%, 0, 0, 1, 361.53
1606742241, 1293, 1, 3, 0, 0, 0.43%, 0, 0, 1, 368.90
1606742247, 1295, 2, 3, 0, 0, 0.43%, 0, 0, 1, 354.04
1606742252, 1298, 0, 3, 0, 0, 0.43%, 0, 0, 1, 354.15
1606742257, 1300, 1, 3, 0, 0, 0.43%, 0, 0, 1, 361.96
1606742262, 1303, 0, 3, 0, 0, 0.43%, 0, 0, 1, 372.89
1606742267, 1305, 1, 3, 0, 0, 0.43%, 0, 0, 1, 364.61
1606742272, 1307, 2, 3, 0, 0, 0.43%, 0, 0, 1, 369.06
1606742277, 1310, 1, 3, 0, 0, 0.43%, 0, 0, 1, 374.89
1606742282, 1312, 2, 3, 0, 0, 0.43%, 0, 0, 1, 369.40
1606742288, 1315, 1, 3, 0, 0, 0.43%, 0, 0, 1, 379.20
1606742293, 1318, 0, 3, 0, 0, 0.43%, 0, 0, 1, 381.46
1606742298, 1320, 1, 3, 0, 0, 0.43%, 0, 0, 1, 382.16
1606742303, 1323, 0, 3, 0, 0, 0.43%, 0, 0, 1, 383.72
1606742308, 1325, 2, 3, 0, 0, 0.43%, 0, 0, 1, 380.22
1606742313, 1328, 0, 3, 0, 0, 0.43%, 0, 0, 1, 381.45
1606742318, 1330, 2, 3, 0, 0, 0.43%, 0, 0, 1, 383.45
1606742323, 1333, 0, 3, 0, 0, 0.43%, 0, 0, 1, 384.01
1606742328, 1335, 2, 3, 0, 0, 0.43%, 0, 0, 1, 384.04
1606742334, 1338, 1, 3, 0, 0, 0.43%, 0, 0, 1, 383.71
1606742339, 1340, 2, 3, 0, 0, 0.43%, 0, 0, 1, 380.35
1606742344, 1343, 0, 3, 0, 0, 0.43%, 0, 0, 1, 351.26
1606742349, 1345, 1, 3, 0, 0, 0.43%, 0, 0, 1, 358.87
1606742354, 1348, 0, 3, 0, 0, 0.43%, 0, 0, 1, 372.17
1606742359, 1350, 1, 3, 0, 0, 0.43%, 0, 0, 1, 379.86
1606742364, 1353, 0, 3, 0, 0, 0.43%, 0, 0, 1, 380.54
1606742369, 1355, 2, 3, 0, 0, 0.43%, 0, 0, 1, 378.43
1606742375, 1358, 0, 3, 0, 0, 0.43%, 0, 0, 1, 381.16
1606742380, 1360, 2, 3, 0, 0, 0.43%, 0, 0, 1, 381.66
1606742385, 1363, 1, 3, 0, 0, 0.43%, 0, 0, 1, 381.72
1606742390, 1365, 2, 3, 0, 0, 0.43%, 0, 0, 1, 381.80
1606742395, 1368, 1, 3, 0, 0, 0.43%, 0, 0, 1, 380.66
1606742400, 1371, 0, 3, 0, 0, 0.43%, 0, 0, 1, 379.45
1606742406, 1373, 1, 3, 0, 0, 0.43%, 0, 0, 1, 379.05
1606742411, 1376, 0, 3, 0, 0, 0.43%, 0, 0, 1, 379.35
1606742416, 1378, 2, 3, 0, 0, 0.43%, 0, 0, 1, 380.39
1606742421, 1381, 0, 3, 0, 0, 0.43%, 0, 0, 1, 380.93
1606742426, 1383, 2, 3, 0, 0, 0.43%, 0, 0, 1, 379.25
1606742431, 1386, 0, 3, 0, 0, 0.43%, 0, 0, 1, 373.99
1606742436, 1388, 2, 3, 0, 0, 0.43%, 0, 0, 1, 353.44
1606742441, 1391, 0, 3, 0, 0, 0.43%, 0, 0, 1, 358.90
1606742446, 1393, 1, 3, 0, 0, 0.43%, 0, 0, 1, 353.12
1606742452, 1395, 2, 3, 0, 0, 0.43%, 0, 0, 1, 369.01
1606742457, 1398, 1, 3, 0, 0, 0.43%, 0, 0, 1, 378.09
1606742462, 1400, 2, 3, 0, 0, 0.43%, 0, 0, 1, 380.84
1606742467, 1403, 1, 3, 0, 0, 0.43%, 0, 0, 1, 381.55
1606742472, 1406, 0, 3, 0, 0, 0.43%, 0, 0, 1, 382.29
1606742477, 1408, 1, 3, 0, 0, 0.43%, 0, 0, 1, 382.90
1606742482, 1411, 0, 3, 0, 0, 0.43%, 0, 0, 1, 382.99
1606742488, 1413, 2, 3, 0, 0, 0.43%, 0, 0, 1, 382.17
1606742493, 1416, 0, 3, 0, 0, 0.43%, 0, 0, 1, 381.93
1606742498, 1418, 2, 3, 0, 0, 0.43%, 0, 0, 1, 381.92
1606742503, 1421, 1, 3, 0, 0, 0.43%, 0, 0, 1, 381.57
1606742508, 1423, 2, 3, 0, 0, 0.43%, 0, 0, 1, 381.03
1606742513, 1426, 1, 3, 0, 0, 0.43%, 0, 0, 1, 382.39
1606742518, 1429, 0, 3, 0, 0, 0.43%, 0, 0, 1, 381.12
1606742523, 1431, 1, 3, 0, 0, 0.43%, 0, 0, 1, 381.87
1606742529, 1434, 0, 3, 0, 0, 0.43%, 0, 0, 1, 382.17
1606742534, 1436, 1, 3, 0, 0, 0.43%, 0, 0, 1, 382.63
1606742539, 1439, 0, 3, 0, 0, 0.43%, 0, 0, 1, 381.43
1606742544, 1441, 2, 3, 0, 0, 0.43%, 0, 0, 1, 380.71
1606742549, 1444, 0, 3, 0, 0, 0.43%, 0, 0, 1, 380.97
1606742554, 1446, 2, 3, 0, 0, 0.43%, 0, 0, 1, 380.71
1606742559, 1449, 1, 3, 0, 0, 0.43%, 0, 0, 1, 379.60
1606742565, 1451, 2, 3, 0, 0, 0.43%, 0, 0, 1, 380.97
1606742570, 1454, 1, 3, 0, 0, 0.43%, 0, 0, 1, 380.52
1606742575, 1457, 0, 3, 0, 0, 0.43%, 0, 0, 1, 381.42
1606742580, 1459, 1, 3, 0, 0, 0.43%, 0, 0, 1, 378.56
1606742585, 1462, 0, 3, 0, 0, 0.43%, 0, 0, 1, 377.66
1606742590, 1464, 1, 3, 0, 0, 0.43%, 0, 0, 1, 371.88
1606742595, 1467, 0, 3, 0, 0, 0.43%, 0, 0, 1, 380.22
1606742601, 1469, 1, 3, 0, 0, 0.43%, 0, 0, 1, 381.39
1606742606, 1472, 0, 3, 0, 0, 0.43%, 0, 0, 1, 382.09
1606742611, 1474, 2, 3, 0, 0, 0.43%, 0, 0, 1, 377.21
1606742616, 1477, 0, 3, 0, 0, 0.43%, 0, 0, 1, 380.16
1606742621, 1479, 2, 3, 0, 0, 0.43%, 0, 0, 1, 382.77
1606742626, 1482, 1, 3, 0, 0, 0.43%, 0, 0, 1, 382.63
1606742631, 1484, 2, 3, 0, 0, 0.43%, 0, 0, 1, 382.39
1606742636, 1487, 1, 3, 0, 0, 0.43%, 0, 0, 1, 381.51
1606742642, 1490, 0, 3, 0, 0, 0.43%, 0, 0, 1, 381.77
1606742647, 1492, 1, 3, 0, 0, 0.43%, 0, 0, 1, 382.24
1606742652, 1495, 0, 3, 0, 0, 0.43%, 0, 0, 1, 382.45
1606742657, 1497, 2, 3, 0, 0, 0.43%, 0, 0, 1, 382.74
1606742662, 1500, 0, 3, 0, 0, 0.43%, 0, 0, 1, 383.37
1606742667, 1502, 2, 3, 0, 0, 0.43%, 0, 0, 1, 382.76
1606742672, 1505, 1, 3, 0, 0, 0.43%, 0, 0, 1, 379.59
1606742678, 1507, 2, 3, 0, 0, 0.43%, 0, 0, 1, 380.11
1606742683, 1510, 1, 3, 0, 0, 0.43%, 0, 0, 1, 383.53
1606742688, 1513, 0, 3, 0, 0, 0.43%, 0, 0, 1, 384.33
1606742693, 1515, 1, 3, 0, 0, 0.43%, 0, 0, 1, 383.08
1606742698, 1518, 0, 3, 0, 0, 0.43%, 0, 0, 1, 383.65
1606742703, 1520, 2, 3, 0, 0, 0.43%, 0, 0, 1, 383.07
1606742708, 1523, 0, 3, 0, 0, 0.43%, 0, 0, 1, 383.45
1606742714, 1525, 2, 3, 0, 0, 0.43%, 0, 0, 1, 383.44
1606742719, 1528, 1, 3, 0, 0, 0.43%, 0, 0, 1, 377.52
1606742724, 1530, 2, 3, 0, 0, 0.43%, 0, 0, 1, 381.82
1606742729, 1533, 1, 3, 0, 0, 0.43%, 0, 0, 1, 383.21
1606742734, 1536, 0, 3, 0, 0, 0.43%, 0, 0, 1, 383.03
1606742739, 1538, 1, 3, 0, 0, 0.43%, 0, 0, 1, 383.53
1606742744, 1541, 0, 3, 0, 0, 0.43%, 0, 0, 1, 383.34
1606742750, 1543, 2, 3, 0, 0, 0.43%, 0, 0, 1, 382.68
1606742755, 1546, 1, 3, 0, 0, 0.43%, 0, 0, 1, 383.21
1606742760, 1548, 2, 3, 0, 0, 0.43%, 0, 0, 1, 383.31
1606742765, 1551, 1, 3, 0, 0, 0.43%, 0, 0, 1, 383.09
1606742770, 1554, 0, 3, 0, 0, 0.43%, 0, 0, 1, 382.89
1606742775, 1556, 1, 3, 0, 0, 0.43%, 0, 0, 1, 382.68
1606742780, 1559, 0, 3, 0, 0, 0.43%, 0, 0, 1, 383.03
1606742786, 1561, 2, 3, 0, 0, 0.43%, 0, 0, 1, 383.19
1606742791, 1564, 1, 3, 0, 0, 0.43%, 0, 0, 1, 382.97
1606742796, 1566, 2, 3, 0, 0, 0.43%, 0, 0, 1, 381.79
1606742801, 1569, 1, 3, 0, 0, 0.43%, 0, 0, 1, 383.10
1606742806, 1572, 0, 3, 0, 0, 0.43%, 0, 0, 1, 383.08
1606742811, 1574, 1, 3, 0, 0, 0.43%, 0, 0, 1, 383.18
1606742817, 1577, 0, 3, 0, 0, 0.43%, 0, 0, 1, 384.21
1606742822, 1579, 2, 3, 0, 0, 0.43%, 0, 0, 1, 383.13
1606742827, 1582, 0, 3, 0, 0, 0.43%, 0, 0, 1, 383.65
1606742832, 1584, 2, 3, 0, 0, 0.43%, 0, 0, 1, 383.72
1606742837, 1587, 1, 3, 0, 0, 0.43%, 0, 0, 1, 382.65
1606742842, 1589, 2, 3, 0, 0, 0.43%, 0, 0, 1, 382.97
1606742847, 1592, 1, 3, 0, 0, 0.43%, 0, 0, 1, 382.83
1606742852, 1595, 0, 3, 0, 0, 0.43%, 0, 0, 1, 382.55
1606742858, 1597, 1, 3, 0, 0, 0.43%, 0, 0, 1, 383.67
1606742863, 1600, 0, 3, 0, 0, 0.43%, 0, 0, 1, 383.55
1606742868, 1602, 2, 3, 0, 0, 0.43%, 0, 0, 1, 383.37
1606742873, 1605, 1, 3, 0, 0, 0.43%, 0, 0, 1, 382.92
1606742878, 1607, 2, 3, 0, 0, 0.43%, 0, 0, 1, 383.62
1606742883, 1610, 1, 3, 0, 0, 0.43%, 0, 0, 1, 383.80
1606742888, 1613, 0, 3, 0, 0, 0.43%, 0, 0, 1, 382.56
1606742894, 1615, 1, 3, 0, 0, 0.43%, 0, 0, 1, 383.22
1606742899, 1618, 0, 3, 0, 0, 0.43%, 0, 0, 1, 383.79
1606742904, 1620, 2, 3, 0, 0, 0.43%, 0, 0, 1, 383.41
1606742909, 1623, 1, 3, 0, 0, 0.43%, 0, 0, 1, 383.01
1606742914, 1625, 2, 3, 0, 0, 0.43%, 0, 0, 1, 383.17
1606742919, 1628, 1, 3, 0, 0, 0.43%, 0, 0, 1, 377.88
1606742925, 1631, 0, 3, 0, 0, 0.43%, 0, 0, 1, 380.18
1606742930, 1633, 1, 3, 0, 0, 0.43%, 0, 0, 1, 382.42
1606742935, 1636, 0, 3, 0, 0, 0.43%, 0, 0, 1, 382.93
1606742940, 1638, 2, 3, 0, 0, 0.43%, 0, 0, 1, 383.14
1606742945, 1641, 0, 3, 0, 0, 0.43%, 0, 0, 1, 382.92
1606742950, 1643, 2, 3, 0, 0, 0.43%, 0, 0, 1, 381.98
1606742955, 1646, 1, 3, 0, 0, 0.43%, 0, 0, 1, 381.81
1606742961, 1648, 2, 3, 0, 0, 0.43%, 0, 0, 1, 382.39
1606742966, 1651, 1, 3, 0, 0, 0.43%, 0, 0, 1, 382.83
1606742971, 1654, 0, 3, 0, 0, 0.43%, 0, 0, 1, 382.66
1606742976, 1656, 1, 3, 0, 0, 0.43%, 0, 0, 1, 382.19
1606742981, 1659, 0, 3, 0, 0, 0.43%, 0, 0, 1, 381.72
1606742986, 1661, 2, 3, 0, 0, 0.43%, 0, 0, 1, 381.73
1606742991, 1664, 0, 3, 0, 0, 0.43%, 0, 0, 1, 383.13
1606742996, 1666, 2, 3, 0, 0, 0.43%, 0, 0, 1, 382.52
1606743002, 1669, 1, 3, 0, 0, 0.43%, 0, 0, 1, 382.72
1606743007, 1671, 2, 3, 0, 0, 0.43%, 0, 0, 1, 382.56
1606743012, 1674, 1, 3, 0, 0, 0.43%, 0, 0, 1, 383.65
1606743017, 1677, 0, 3, 0, 0, 0.43%, 0, 0, 1, 383.24
1606743022, 1679, 1, 3, 0, 0, 0.43%, 0, 0, 1, 383.16
1606743027, 1682, 0, 3, 0, 0, 0.43%, 0, 0, 1, 382.95
1606743032, 1684, 2, 3, 0, 0, 0.43%, 0, 0, 1, 382.84
1606743037, 1687, 0, 3, 0, 0, 0.43%, 0, 0, 1, 382.93
1606743043, 1689, 2, 3, 0, 0, 0.43%, 0, 0, 1, 379.72
1606743048, 1692, 1, 3, 0, 0, 0.43%, 0, 0, 1, 381.41
1606743053, 1694, 2, 3, 0, 0, 0.43%, 0, 0, 1, 381.88
1606743058, 1697, 1, 3, 0, 0, 0.43%, 0, 0, 1, 381.80
1606743063, 1700, 0, 3, 0, 0, 0.43%, 0, 0, 1, 382.66
1606743068, 1702, 1, 3, 0, 0, 0.43%, 0, 0, 1, 382.53
1606743073, 1705, 0, 3, 0, 0, 0.43%, 0, 0, 1, 382.78
1606743079, 1707, 2, 3, 0, 0, 0.43%, 0, 0, 1, 382.67
1606743084, 1710, 0, 3, 0, 0, 0.43%, 0, 0, 1, 383.69
1606743089, 1712, 2, 3, 0, 0, 0.43%, 0, 0, 1, 383.45
1606743094, 1715, 1, 3, 0, 0, 0.43%, 0, 0, 1, 383.44
1606743099, 1717, 2, 3, 0, 0, 0.43%, 0, 0, 1, 383.41
1606743104, 1720, 1, 3, 0, 0, 0.43%, 0, 0, 1, 383.94
1606743109, 1723, 0, 3, 0, 0, 0.43%, 0, 0, 1, 384.33
1606743114, 1725, 1, 3, 0, 0, 0.43%, 0, 0, 1, 383.93
1606743120, 1728, 0, 3, 0, 0, 0.43%, 0, 0, 1, 384.01
1606743125, 1730, 2, 3, 0, 0, 0.43%, 0, 0, 1, 378.37
1606743130, 1733, 0, 3, 0, 0, 0.43%, 0, 0, 1, 381.65
1606743135, 1735, 2, 3, 0, 0, 0.43%, 0, 0, 1, 382.21
1606743140, 1738, 1, 3, 0, 0, 0.43%, 0, 0, 1, 382.89
1606743145, 1740, 2, 3, 0, 0, 0.43%, 0, 0, 1, 382.64
1606743150, 1743, 1, 3, 0, 0, 0.43%, 0, 0, 1, 383.42
1606743156, 1746, 0, 3, 0, 0, 0.43%, 0, 0, 1, 382.89
1606743161, 1748, 1, 3, 0, 0, 0.43%, 0, 0, 1, 381.85
1606743166, 1751, 0, 3, 0, 0, 0.43%, 0, 0, 1, 380.89
1606743171, 1753, 2, 3, 0, 0, 0.43%, 0, 0, 1, 381.88
1606743176, 1756, 0, 3, 0, 0, 0.43%, 0, 0, 1, 381.84
1606743181, 1758, 2, 3, 0, 0, 0.43%, 0, 0, 1, 382.57
1606743186, 1761, 1, 3, 0, 0, 0.43%, 0, 0, 1, 381.16
1606743191, 1763, 2, 3, 0, 0, 0.43%, 0, 0, 1, 382.62
1606743197, 1766, 1, 3, 0, 0, 0.43%, 0, 0, 1, 383.12
1606743202, 1769, 0, 3, 0, 0, 0.43%, 0, 0, 1, 382.96
1606743207, 1771, 1, 3, 0, 0, 0.43%, 0, 0, 1, 383.37
1606743212, 1774, 0, 3, 0, 0, 0.43%, 0, 0, 1, 382.08
1606743217, 1776, 2, 3, 0, 0, 0.43%, 0, 0, 1, 382.53
1606743222, 1779, 0, 3, 0, 0, 0.43%, 0, 0, 1, 383.32
1606743227, 1781, 2, 3, 0, 0, 0.43%, 0, 0, 1, 383.28
1606743233, 1784, 1, 3, 0, 0, 0.43%, 0, 0, 1, 383.19
1606743238, 1786, 2, 3, 0, 0, 0.43%, 0, 0, 1, 382.51
1606743243, 1789, 1, 3, 0, 0, 0.43%, 0, 0, 1, 382.48
1606743248, 1792, 0, 3, 0, 0, 0.43%, 0, 0, 1, 383.42
1606743253, 1794, 1, 3, 0, 0, 0.43%, 0, 0, 1, 382.24
1606743258, 1797, 0, 3, 0, 0, 0.43%, 0, 0, 1, 381.85
1606743263, 1799, 2, 3, 0, 0, 0.43%, 0, 0, 1, 381.18
1606743268, 1802, 0, 3, 0, 0, 0.43%, 0, 0, 1, 381.90
1606743274, 1804, 2, 3, 0, 0, 0.43%, 0, 0, 1, 381.71
1606743279, 1807, 1, 3, 0, 0, 0.43%, 0, 0, 1, 381.29
1606743284, 1809, 2, 3, 0, 0, 0.43%, 0, 0, 1, 379.30
1606743289, 1812, 1, 3, 0, 0, 0.43%, 0, 0, 1, 381.97
1606743294, 1814, 2, 3, 0, 0, 0.43%, 0, 0, 1, 382.20
1606743299, 1817, 1, 3, 0, 0, 0.43%, 0, 0, 1, 382.19
1606743304, 1820, 0, 3, 0, 0, 0.43%, 0, 0, 1, 382.23
1606743309, 1822, 1, 3, 0, 0, 0.43%, 0, 0, 1, 382.54
1606743315, 1825, 0, 3, 0, 0, 0.43%, 0, 0, 1, 382.41
1606743320, 1827, 2, 3, 0, 0, 0.43%, 0, 0, 1, 382.39
1606743325, 1830, 0, 3, 0, 0, 0.43%, 0, 0, 1, 382.57
1606743330, 1832, 2, 3, 0, 0, 0.43%, 0, 0, 1, 382.63
1606743335, 1835, 1, 3, 0, 0, 0.43%, 0, 0, 1, 381.86
1606743340, 1837, 2, 3, 0, 0, 0.43%, 0, 0, 1, 382.26
1606743345, 1840, 1, 3, 0, 0, 0.43%, 0, 0, 1, 383.00
1606743350, 1843, 0, 3, 0, 0, 0.43%, 0, 0, 1, 382.64
1606743355, 1845, 1, 3, 0, 0, 0.43%, 0, 0, 1, 382.55
1606743361, 1848, 0, 3, 0, 0, 0.43%, 0, 0, 1, 382.72
1606743366, 1850, 2, 3, 0, 0, 0.43%, 0, 0, 1, 382.80
1606743371, 1853, 0, 3, 0, 0, 0.43%, 0, 0, 1, 382.84
1606743376, 1855, 2, 3, 0, 0, 0.43%, 0, 0, 1, 382.87
1606743381, 1858, 0, 3, 0, 0, 0.43%, 0, 0, 1, 382.69
1606743386, 1860, 2, 3, 0, 0, 0.43%, 0, 0, 1, 383.35
1606743391, 1863, 1, 3, 0, 0, 0.43%, 0, 0, 1, 382.63
1606743396, 1865, 2, 3, 0, 0, 0.43%, 0, 0, 1, 382.49
1606743402, 1868, 1, 3, 0, 0, 0.43%, 0, 0, 1, 382.45
1606743407, 1871, 0, 3, 0, 0, 0.43%, 0, 0, 1, 381.18
1606743412, 1873, 1, 3, 0, 0, 0.43%, 0, 0, 1, 383.15
1606743417, 1876, 0, 3, 0, 0, 0.43%, 0, 0, 1, 383.00
1606743422, 1878, 2, 3, 0, 0, 0.43%, 0, 0, 1, 383.01
1606743427, 1881, 0, 3, 0, 0, 0.43%, 0, 0, 1, 383.05
1606743432, 1883, 2, 3, 0, 0, 0.43%, 0, 0, 1, 382.81
1606743437, 1886, 1, 3, 0, 0, 0.43%, 0, 0, 1, 383.72
1606743443, 1888, 2, 3, 0, 0, 0.43%, 0, 0, 1, 383.47
1606743448, 1891, 1, 3, 0, 0, 0.43%, 0, 0, 1, 382.73
1606743453, 1894, 0, 3, 0, 0, 0.43%, 0, 0, 1, 382.96
1606743458, 1896, 1, 3, 0, 0, 0.43%, 0, 0, 1, 382.20
1606743463, 1899, 0, 3, 0, 0, 0.43%, 0, 0, 1, 382.86
1606743468, 1901, 2, 3, 0, 0, 0.43%, 0, 0, 1, 382.99
1606743473, 1904, 0, 3, 0, 0, 0.43%, 0, 0, 1, 382.44
1606743478, 1906, 2, 3, 0, 0, 0.43%, 0, 0, 1, 382.60
1606743484, 1909, 1, 3, 0, 0, 0.43%, 0, 0, 1, 382.30
1606743489, 1911, 2, 3, 0, 0, 0.43%, 0, 0, 1, 382.93
1606743494, 1914, 1, 3, 0, 0, 0.43%, 0, 0, 1, 382.59
1606743499, 1917, 0, 3, 0, 0, 0.43%, 0, 0, 1, 382.12
1606743504, 1919, 1, 3, 0, 0, 0.43%, 0, 0, 1, 381.76
1606743509, 1922, 0, 3, 0, 0, 0.43%, 0, 0, 1, 382.79
1606743514, 1924, 2, 3, 0, 0, 0.43%, 0, 0, 1, 381.69
1606743519, 1927, 0, 3, 0, 0, 0.43%, 0, 0, 1, 381.36
1606743525, 1929, 2, 3, 0, 0, 0.43%, 0, 0, 1, 381.68
1606743530, 1932, 0, 3, 0, 0, 0.43%, 0, 0, 1, 380.06
1606743535, 1934, 2, 3, 0, 0, 0.43%, 0, 0, 1, 382.26
1606743540, 1937, 1, 3, 0, 0, 0.43%, 0, 0, 1, 383.17
1606743545, 1939, 2, 3, 0, 0, 0.43%, 0, 0, 1, 382.94
1606743550, 1942, 1, 3, 0, 0, 0.43%, 0, 0, 1, 383.22
1606743555, 1945, 0, 3, 0, 0, 0.43%, 0, 0, 1, 383.36
1606743561, 1947, 2, 3, 0, 0, 0.43%, 0, 0, 1, 383.36
1606743566, 1950, 0, 3, 0, 0, 0.43%, 0, 0, 1, 383.13
1606743571, 1952, 2, 3, 0, 0, 0.43%, 0, 0, 1, 383.02
1606743576, 1955, 1, 3, 0, 0, 0.43%, 0, 0, 1, 382.18
1606743581, 1957, 2, 3, 0, 0, 0.43%, 0, 0, 1, 382.70
1606743586, 1960, 1, 3, 0, 0, 0.43%, 0, 0, 1, 382.19
1606743591, 1963, 0, 3, 0, 0, 0.43%, 0, 0, 1, 382.54
1606743596, 1965, 1, 3, 0, 0, 0.43%, 0, 0, 1, 382.53
1606743602, 1968, 0, 3, 0, 0, 0.43%, 0, 0, 1, 382.67
1606743607, 1970, 2, 3, 0, 0, 0.43%, 0, 0, 1, 383.19
1606743612, 1973, 0, 3, 0, 0, 0.43%, 0, 0, 1, 380.24
1606743617, 1975, 2, 3, 0, 0, 0.43%, 0, 0, 1, 382.55
1606743622, 1978, 1, 3, 0, 0, 0.43%, 0, 0, 1, 382.79
1606743627, 1980, 2, 3, 0, 0, 0.43%, 0, 0, 1, 382.84
1606743632, 1983, 1, 3, 0, 0, 0.43%, 0, 0, 1, 382.71
1606743637, 1985, 2, 3, 0, 0, 0.43%, 0, 0, 1, 382.56
1606743643, 1988, 1, 3, 0, 0, 0.43%, 0, 0, 1, 382.56
1606743648, 1991, 0, 3, 0, 0, 0.43%, 0, 0, 1, 383.22
1606743653, 1993, 1, 3, 0, 0, 0.43%, 0, 0, 1, 381.00
1606743658, 1996, 0, 3, 0, 0, 0.43%, 0, 0, 1, 381.20
1606743663, 1998, 2, 3, 0, 0, 0.43%, 0, 0, 1, 382.68
1606743668, 2001, 0, 3, 0, 0, 0.43%, 0, 0, 1, 382.55
1606743673, 2003, 2, 3, 0, 0, 0.43%, 0, 0, 1, 382.56
1606743678, 2006, 1, 3, 0, 0, 0.43%, 0, 0, 1, 382.97
1606743684, 2008, 2, 3, 0, 0, 0.43%, 0, 0, 1, 382.84
1606743689, 2011, 1, 3, 0, 0, 0.43%, 0, 0, 1, 382.66
1606743694, 2014, 0, 3, 0, 0, 0.43%, 0, 0, 1, 383.30
1606743699, 2016, 1, 3, 0, 0, 0.43%, 0, 0, 1, 382.92
1606743704, 2019, 0, 3, 0, 0, 0.43%, 0, 0, 1, 382.92
1606743709, 2021, 2, 3, 0, 0, 0.43%, 0, 0, 1, 382.35
1606743714, 2024, 0, 3, 0, 0, 0.43%, 0, 0, 1, 382.40
1606743719, 2026, 2, 3, 0, 0, 0.43%, 0, 0, 1, 383.19
1606743725, 2029, 1, 3, 0, 0, 0.43%, 0, 0, 1, 379.40
1606743730, 2031, 2, 3, 0, 0, 0.43%, 0, 0, 1, 381.57
1606743735, 2034, 1, 3, 0, 0, 0.43%, 0, 0, 1, 384.13
1606743740, 2036, 2, 3, 0, 0, 0.43%, 0, 0, 1, 383.76
1606743745, 2039, 1, 3, 0, 0, 0.43%, 0, 0, 1, 385.06
1606743750, 2042, 0, 3, 0, 0, 0.43%, 0, 0, 1, 385.65
1606743755, 2044, 1, 3, 0, 0, 0.43%, 0, 0, 1, 385.00
1606743760, 2047, 0, 3, 0, 0, 0.43%, 0, 0, 1, 385.33
1606743765, 2049, 1, 3, 0, 0, 0.43%, 0, 0, 1, 385.47
1606743770, 2052, 0, 3, 0, 0, 0.43%, 0, 0, 1, 385.80
1606743775, 2054, 2, 3, 0, 0, 0.43%, 0, 0, 1, 384.12
1606743780, 2057, 0, 3, 0, 0, 0.43%, 0, 0, 1, 385.68
1606743785, 2059, 2, 3, 0, 0, 0.43%, 0, 0, 1, 385.54
1606743791, 2062, 1, 3, 0, 0, 0.43%, 0, 0, 1, 385.45
1606743796, 2064, 2, 3, 0, 0, 0.43%, 0, 0, 1, 385.01
1606743801, 2067, 1, 3, 0, 0, 0.43%, 0, 0, 1, 384.63
1606743806, 2070, 0, 3, 0, 0, 0.43%, 0, 0, 1, 385.33
1606743811, 2072, 2, 3, 0, 0, 0.43%, 0, 0, 1, 384.99
1606743816, 2075, 0, 3, 0, 0, 0.43%, 0, 0, 1, 384.27
1606743821, 2077, 2, 3, 0, 0, 0.43%, 0, 0, 1, 384.98
1606743826, 2080, 1, 3, 0, 0, 0.43%, 0, 0, 1, 385.12
1606743831, 2082, 2, 3, 0, 0, 0.43%, 0, 0, 1, 385.24
1606743837, 2085, 1, 3, 0, 0, 0.43%, 0, 0, 1, 384.83
1606743842, 2088, 0, 3, 0, 0, 0.43%, 0, 0, 1, 386.02
1606743847, 2090, 1, 3, 0, 0, 0.43%, 0, 0, 1, 386.18
1606743852, 2093, 0, 3, 0, 0, 0.43%, 0, 0, 1, 386.00
1606743857, 2095, 2, 3, 0, 0, 0.43%, 0, 0, 1, 385.53
1606743862, 2098, 1, 3, 0, 0, 0.43%, 0, 0, 1, 386.06
1606743867, 2100, 2, 3, 0, 0, 0.43%, 0, 0, 1, 386.12
1606743872, 2103, 1, 3, 0, 0, 0.43%, 0, 0, 1, 385.10
1606743878, 2106, 0, 3, 0, 0, 0.43%, 0, 0, 1, 384.33
1606743883, 2108, 2, 3, 0, 0, 0.43%, 0, 0, 1, 385.20
1606743888, 2111, 0, 3, 0, 0, 0.43%, 0, 0, 1, 385.49
1606743893, 2113, 2, 3, 0, 0, 0.43%, 0, 0, 1, 385.29
1606743898, 2116, 1, 3, 0, 0, 0.43%, 0, 0, 1, 383.51
1606743903, 2118, 2, 3, 0, 0, 0.43%, 0, 0, 1, 384.40
1606743908, 2121, 1, 3, 0, 0, 0.43%, 0, 0, 1, 385.72
1606743913, 2124, 0, 3, 0, 0, 0.43%, 0, 0, 1, 384.61
1606743918, 2126, 1, 3, 0, 0, 0.43%, 0, 0, 1, 385.12
1606743924, 2129, 0, 3, 0, 0, 0.43%, 0, 0, 1, 384.63
1606743929, 2131, 2, 3, 0, 0, 0.43%, 0, 0, 1, 384.53
1606743934, 2134, 0, 3, 0, 0, 0.43%, 0, 0, 1, 383.46
1606743939, 2136, 2, 3, 0, 0, 0.43%, 0, 0, 1, 383.83
1606743944, 2139, 1, 3, 0, 0, 0.43%, 0, 0, 1, 384.95
1606743949, 2142, 0, 3, 0, 0, 0.43%, 0, 0, 1, 384.90
1606743955, 2144, 1, 3, 0, 0, 0.43%, 0, 0, 1, 385.21
1606743960, 2147, 0, 3, 0, 0, 0.43%, 0, 0, 1, 384.50
1606743965, 2149, 2, 3, 0, 0, 0.43%, 0, 0, 1, 384.53
1606743970, 2152, 0, 3, 0, 0, 0.43%, 0, 0, 1, 384.26
1606743975, 2154, 2, 3, 0, 0, 0.43%, 0, 0, 1, 383.68
1606743980, 2157, 1, 3, 0, 0, 0.43%, 0, 0, 1, 384.47
1606743985, 2160, 0, 3, 0, 0, 0.43%, 0, 0, 1, 384.44
1606743991, 2162, 1, 3, 0, 0, 0.43%, 0, 0, 1, 384.27
1606743996, 2165, 0, 3, 0, 0, 0.43%, 0, 0, 1, 384.65
1606744001, 2167, 2, 3, 0, 0, 0.43%, 0, 0, 1, 384.71
1606744006, 2170, 1, 3, 0, 0, 0.43%, 0, 0, 1, 384.57
1606744011, 2172, 2, 3, 0, 0, 0.43%, 0, 0, 1, 384.22
1606744016, 2175, 1, 3, 0, 0, 0.43%, 0, 0, 1, 383.90
1606744021, 2178, 0, 3, 0, 0, 0.43%, 0, 0, 1, 382.89
1606744027, 2180, 1, 3, 0, 0, 0.43%, 0, 0, 1, 384.31
1606744032, 2183, 0, 3, 0, 0, 0.43%, 0, 0, 1, 384.00
1606744037, 2185, 2, 3, 0, 0, 0.43%, 0, 0, 1, 384.56
1606744042, 2188, 1, 3, 0, 0, 0.43%, 0, 0, 1, 384.69
1606744047, 2190, 2, 3, 0, 0, 0.43%, 0, 0, 1, 384.37
1606744052, 2193, 1, 3, 0, 0, 0.43%, 0, 0, 1, 384.88
1606744057, 2196, 0, 3, 0, 0, 0.43%, 0, 0, 1, 383.88
1606744063, 2198, 1, 3, 0, 0, 0.43%, 0, 0, 1, 384.53
1606744068, 2201, 0, 3, 0, 0, 0.43%, 0, 0, 1, 385.18
1606744073, 2203, 2, 3, 0, 0, 0.43%, 0, 0, 1, 384.29
1606744078, 2206, 1, 3, 0, 0, 0.43%, 0, 0, 1, 384.10
1606744083, 2208, 2, 3, 0, 0, 0.43%, 0, 0, 1, 384.77
1606744088, 2211, 1, 3, 0, 0, 0.43%, 0, 0, 1, 385.04
1606744094, 2214, 0, 3, 0, 0, 0.43%, 0, 0, 1, 384.25
1606744099, 2216, 2, 3, 0, 0, 0.43%, 0, 0, 1, 384.53
1606744104, 2219, 0, 3, 0, 0, 0.43%, 0, 0, 1, 384.53
1606744109, 2221, 2, 3, 0, 0, 0.43%, 0, 0, 1, 384.61
1606744114, 2224, 1, 3, 0, 0, 0.43%, 0, 0, 1, 383.51
1606744119, 2227, 0, 3, 0, 0, 0.43%, 0, 0, 1, 384.21
1606744125, 2229, 1, 3, 0, 0, 0.43%, 0, 0, 1, 384.68
1606744130, 2232, 0, 3, 0, 0, 0.43%, 0, 0, 1, 384.63
1606744135, 2234, 2, 3, 0, 0, 0.43%, 0, 0, 1, 384.25
1606744140, 2237, 0, 3, 0, 0, 0.43%, 0, 0, 1, 383.46
1606744145, 2239, 2, 3, 0, 0, 0.43%, 0, 0, 1, 383.09
1606744150, 2242, 1, 3, 0, 0, 0.43%, 0, 0, 1, 383.42
1606744155, 2244, 2, 3, 0, 0, 0.43%, 0, 0, 1, 384.18
1606744160, 2247, 1, 3, 0, 0, 0.43%, 0, 0, 1, 384.42
1606744166, 2250, 0, 3, 0, 0, 0.43%, 0, 0, 1, 383.91
1606744171, 2252, 2, 3, 0, 0, 0.43%, 0, 0, 1, 384.12
1606744176, 2255, 0, 3, 0, 0, 0.43%, 0, 0, 1, 383.80
1606744181, 2257, 2, 3, 0, 0, 0.43%, 0, 0, 1, 384.25
1606744186, 2260, 1, 3, 0, 0, 0.43%, 0, 0, 1, 384.28
1606744191, 2263, 0, 3, 0, 0, 0.43%, 0, 0, 1, 384.10
1606744197, 2265, 2, 3, 0, 0, 0.43%, 0, 0, 1, 384.18
1606744202, 2268, 0, 3, 0, 0, 0.43%, 0, 0, 1, 384.99
1606744207, 2270, 2, 3, 0, 0, 0.43%, 0, 0, 1, 384.80
1606744212, 2273, 1, 3, 0, 0, 0.43%, 0, 0, 1, 382.54
1606744217, 2275, 2, 3, 0, 0, 0.43%, 0, 0, 1, 385.16
1606744222, 2278, 1, 3, 0, 0, 0.43%, 0, 0, 1, 384.51
1606744227, 2281, 0, 3, 0, 0, 0.43%, 0, 0, 1, 384.60
1606744233, 2283, 2, 3, 0, 0, 0.43%, 0, 0, 1, 384.03
1606744238, 2286, 0, 3, 0, 0, 0.43%, 0, 0, 1, 383.83
1606744243, 2288, 2, 3, 0, 0, 0.43%, 0, 0, 1, 384.28
1606744248, 2291, 1, 3, 0, 0, 0.43%, 0, 0, 1, 384.29
1606744253, 2294, 0, 3, 0, 0, 0.43%, 0, 0, 1, 384.04
1606744258, 2296, 1, 3, 0, 0, 0.43%, 0, 0, 1, 383.83
1606744263, 2299, 0, 3, 0, 0, 0.43%, 0, 0, 1, 384.58
1606744269, 2301, 2, 3, 0, 0, 0.43%, 0, 0, 1, 383.76
1606744274, 2304, 0, 3, 0, 0, 0.43%, 0, 0, 1, 384.02
1606744279, 2306, 2, 3, 0, 0, 0.43%, 0, 0, 1, 384.73
1606744284, 2309, 1, 3, 0, 0, 0.43%, 0, 0, 1, 384.43
1606744289, 2311, 2, 3, 0, 0, 0.43%, 0, 0, 1, 383.83
1606744294, 2314, 1, 3, 0, 0, 0.43%, 0, 0, 1, 384.05
1606744299, 2317, 0, 3, 0, 0, 0.43%, 0, 0, 1, 384.65
1606744305, 2319, 2, 3, 0, 0, 0.43%, 0, 0, 1, 384.92
1606744310, 2322, 0, 3, 0, 0, 0.43%, 0, 0, 1, 383.85
1606744315, 2324, 2, 3, 0, 0, 0.43%, 0, 0, 1, 385.00
1606744320, 2327, 1, 3, 0, 0, 0.43%, 0, 0, 1, 385.57
1606744325, 2329, 2, 3, 0, 0, 0.43%, 0, 0, 1, 384.43
1606744330, 2332, 1, 3, 0, 0, 0.43%, 0, 0, 1, 380.84
1606744335, 2335, 0, 3, 0, 0, 0.43%, 0, 0, 1, 383.91
1606744340, 2337, 1, 3, 0, 0, 0.43%, 0, 0, 1, 384.35
1606744346, 2340, 0, 3, 0, 0, 0.43%, 0, 0, 1, 384.75
1606744351, 2342, 2, 3, 0, 0, 0.43%, 0, 0, 1, 384.38
1606744356, 2345, 1, 3, 0, 0, 0.43%, 0, 0, 1, 384.54
1606744361, 2348, 0, 3, 0, 0, 0.43%, 0, 0, 1, 383.69
1606744366, 2350, 1, 3, 0, 0, 0.43%, 0, 0, 1, 384.39
1606744371, 2353, 0, 3, 0, 0, 0.43%, 0, 0, 1, 384.42
1606744377, 2355, 2, 3, 0, 0, 0.43%, 0, 0, 1, 383.73
1606744382, 2358, 1, 3, 0, 0, 0.43%, 0, 0, 1, 383.73
1606744387, 2360, 2, 3, 0, 0, 0.43%, 0, 0, 1, 382.43
1606744392, 2363, 1, 3, 0, 0, 0.43%, 0, 0, 1, 383.90
1606744397, 2366, 0, 3, 0, 0, 0.43%, 0, 0, 1, 383.87
1606744403, 2368, 2, 3, 0, 0, 0.43%, 0, 0, 1, 384.60
1606744408, 2371, 1, 3, 0, 0, 0.43%, 0, 0, 1, 383.21
1606744413, 2373, 2, 3, 0, 0, 0.43%, 0, 0, 1, 383.54
1606744418, 2376, 1, 3, 0, 0, 0.43%, 0, 0, 1, 383.87
1606744423, 2379, 0, 3, 0, 0, 0.43%, 0, 0, 1, 382.10
1606744428, 2381, 1, 3, 0, 0, 0.43%, 0, 0, 1, 383.21
1606744434, 2384, 0, 3, 0, 0, 0.43%, 0, 0, 1, 384.64
1606744439, 2386, 2, 3, 0, 0, 0.43%, 0, 0, 1, 384.63
1606744444, 2389, 1, 3, 0, 0, 0.43%, 0, 0, 1, 381.84
1606744449, 2391, 2, 3, 0, 0, 0.43%, 0, 0, 1, 382.73
1606744454, 2394, 1, 3, 0, 0, 0.43%, 0, 0, 1, 382.77
1606744459, 2397, 0, 3, 0, 0, 0.43%, 0, 0, 1, 383.06
1606744465, 2399, 2, 3, 0, 0, 0.43%, 0, 0, 1, 382.82
1606744470, 2402, 0, 3, 0, 0, 0.43%, 0, 0, 1, 382.96
1606744475, 2404, 2, 3, 0, 0, 0.43%, 0, 0, 1, 383.26
1606744480, 2407, 0, 3, 0, 0, 0.43%, 0, 0, 1, 382.74
1606744485, 2409, 2, 3, 0, 0, 0.43%, 0, 0, 1, 382.39
1606744490, 2412, 1, 3, 0, 0, 0.43%, 0, 0, 1, 382.88
1606744495, 2415, 0, 3, 0, 0, 0.43%, 0, 0, 1, 382.43
1606744501, 2417, 1, 3, 0, 0, 0.43%, 0, 0, 1, 382.28
1606744506, 2420, 0, 3, 0, 0, 0.43%, 0, 0, 1, 381.57
1606744511, 2422, 2, 3, 0, 0, 0.43%, 0, 0, 1, 380.49
1606744516, 2425, 0, 3, 0, 0, 0.43%, 0, 0, 1, 380.59
1606744521, 2427, 2, 3, 0, 0, 0.43%, 0, 0, 1, 381.75
1606744526, 2430, 1, 3, 0, 0, 0.43%, 0, 0, 1, 382.08
1606744532, 2433, 0, 3, 0, 0, 0.43%, 0, 0, 1, 380.99
1606744537, 2435, 1, 3, 0, 0, 0.43%, 0, 0, 1, 380.71
1606744542, 2438, 0, 3, 0, 0, 0.43%, 0, 0, 1, 381.01
1606744547, 2440, 1, 3, 0, 0, 0.43%, 0, 0, 1, 380.26
1606744552, 2443, 0, 3, 0, 0, 0.43%, 0, 0, 1, 380.67
1606744557, 2445, 2, 3, 0, 0, 0.43%, 0, 0, 1, 380.83
1606744562, 2448, 0, 3, 0, 0, 0.43%, 0, 0, 1, 380.44
1606744567, 2450, 1, 3, 0, 0, 0.43%, 0, 0, 1, 330.11
1606748112, 2451, 2, 3, 0, 0, 0.43%, 0, 0, 1, 0.01
1606748117, 2454, 0, 3, 0, 0, 0.43%, 0, 0, 1, 320.80
1606748122, 2456, 1, 3, 0, 0, 0.43%, 0, 0, 1, 358.05
1606748127, 2459, 0, 3, 0, 0, 0.43%, 0, 0, 1, 388.89
1606748132, 2461, 2, 3, 0, 0, 0.43%, 0, 0, 1, 397.84
1606748138, 2464, 1, 3, 0, 0, 0.43%, 0, 0, 1, 403.71
1606748143, 2467, 0, 3, 0, 0, 0.43%, 0, 0, 1, 402.64
1606748148, 2469, 2, 3, 0, 0, 0.43%, 0, 0, 1, 394.80
1606748153, 2472, 1, 3, 0, 0, 0.43%, 0, 0, 1, 399.54
1606748158, 2475, 0, 3, 0, 0, 0.43%, 0, 0, 1, 395.61
1606748163, 2477, 2, 3, 0, 0, 0.43%, 0, 0, 1, 385.81
1606748169, 2480, 1, 3, 0, 0, 0.43%, 0, 0, 1, 397.00
1606748174, 2483, 0, 3, 0, 0, 0.43%, 0, 0, 1, 388.29
1606748179, 2485, 2, 3, 0, 0, 0.43%, 0, 0, 1, 388.66
1606748184, 2488, 0, 3, 0, 0, 0.43%, 0, 0, 1, 393.52
1606748189, 2491, 0, 3, 0, 0, 0.43%, 0, 0, 1, 400.23
1606748194, 2493, 2, 3, 0, 0, 0.43%, 0, 0, 1, 401.28
1606748199, 2496, 1, 3, 0, 0, 0.43%, 0, 0, 1, 401.77
1606748205, 2499, 0, 3, 0, 0, 0.43%, 0, 0, 1, 401.92
1606748210, 2501, 2, 3, 0, 0, 0.43%, 0, 0, 1, 394.66
1606748215, 2504, 1, 3, 0, 0, 0.43%, 0, 0, 1, 399.73
1606748220, 2507, 0, 3, 0, 0, 0.43%, 0, 0, 1, 396.60
1606748225, 2509, 2, 3, 0, 0, 0.43%, 0, 0, 1, 400.82
1606748230, 2512, 1, 3, 0, 0, 0.43%, 0, 0, 1, 376.78
1606748235, 2514, 2, 3, 0, 0, 0.43%, 0, 0, 1, 383.27
1606748241, 2517, 1, 3, 0, 0, 0.43%, 0, 0, 1, 395.82
1606748246, 2520, 0, 3, 0, 0, 0.43%, 0, 0, 1, 394.89
1606748251, 2522, 2, 3, 0, 0, 0.43%, 0, 0, 1, 390.31
1606748256, 2525, 0, 3, 0, 0, 0.43%, 0, 0, 1, 363.35
1606748261, 2527, 0, 3, 0, 0, 0.43%, 0, 0, 1, 346.32
1606748266, 2529, 2, 3, 0, 0, 0.43%, 0, 0, 1, 376.50
1606748271, 2532, 0, 3, 0, 0, 0.43%, 0, 0, 1, 381.51
1606748276, 2534, 2, 3, 0, 0, 0.43%, 0, 0, 1, 373.15
1606748281, 2537, 0, 3, 0, 0, 0.43%, 0, 0, 1, 381.40
1606748286, 2539, 2, 3, 0, 0, 0.43%, 0, 0, 1, 385.40
1606748291, 2542, 1, 3, 0, 0, 0.43%, 0, 0, 1, 390.18
1606748296, 2545, 0, 3, 0, 0, 0.43%, 0, 0, 1, 391.72
1606748301, 2547, 1, 3, 0, 0, 0.43%, 0, 0, 1, 392.00
1606748307, 2550, 0, 3, 0, 0, 0.43%, 0, 0, 1, 383.62
1606748312, 2552, 2, 3, 0, 0, 0.43%, 0, 0, 1, 382.15
1606748317, 2555, 0, 3, 0, 0, 0.43%, 0, 0, 1, 382.79
1606748322, 2557, 1, 3, 0, 0, 0.43%, 0, 0, 1, 375.36
1606748327, 2560, 0, 3, 0, 0, 0.43%, 0, 0, 1, 384.96
1606748332, 2562, 1, 3, 0, 0, 0.43%, 0, 0, 1, 371.72
1606748337, 2565, 0, 3, 0, 0, 0.43%, 0, 0, 1, 373.05
1606748342, 2567, 1, 3, 0, 0, 0.43%, 0, 0, 1, 367.58
1606748347, 2570, 0, 3, 0, 0, 0.43%, 0, 0, 1, 382.29
1606748352, 2572, 1, 3, 0, 0, 0.43%, 0, 0, 1, 381.71
1606748357, 2575, 0, 3, 0, 0, 0.43%, 0, 0, 1, 373.19
1606748363, 2577, 1, 3, 0, 0, 0.43%, 0, 0, 1, 358.40
1606748368, 2579, 2, 3, 0, 0, 0.43%, 0, 0, 1, 359.32
1606748373, 2582, 1, 3, 0, 0, 0.43%, 0, 0, 1, 369.24
1606748378, 2584, 2, 3, 0, 0, 0.43%, 0, 0, 1, 378.00
1606748383, 2587, 0, 3, 0, 0, 0.43%, 0, 0, 1, 371.87
1606748388, 2589, 2, 3, 0, 0, 0.43%, 0, 0, 1, 369.11
1606748393, 2592, 0, 3, 0, 0, 0.43%, 0, 0, 1, 366.84
1606748398, 2594, 2, 3, 0, 0, 0.43%, 0, 0, 1, 376.30
1606748403, 2597, 0, 3, 0, 0, 0.43%, 0, 0, 1, 383.55
1606748408, 2599, 2, 3, 0, 0, 0.43%, 0, 0, 1, 381.89
1606748413, 2602, 0, 3, 0, 0, 0.43%, 0, 0, 1, 365.23
1606748418, 2604, 1, 3, 0, 0, 0.43%, 0, 0, 1, 372.37
1606748423, 2607, 0, 3, 0, 0, 0.43%, 0, 0, 1, 380.56
1606748428, 2609, 1, 3, 0, 0, 0.43%, 0, 0, 1, 386.55
1606748434, 2612, 0, 3, 0, 0, 0.43%, 0, 0, 1, 377.47
1606748439, 2614, 1, 3, 0, 0, 0.43%, 0, 0, 1, 371.92
1606748444, 2617, 0, 3, 0, 0, 0.43%, 0, 0, 1, 383.26
1606748449, 2619, 2, 3, 0, 0, 0.43%, 0, 0, 1, 388.87
1606748454, 2622, 0, 3, 0, 0, 0.43%, 0, 0, 1, 389.71
1606748459, 2624, 2, 3, 0, 0, 0.43%, 0, 0, 1, 391.15
1606748464, 2627, 1, 3, 0, 0, 0.43%, 0, 0, 1, 389.55
1606748469, 2629, 2, 3, 0, 0, 0.43%, 0, 0, 1, 374.22
1606748474, 2632, 0, 3, 0, 0, 0.43%, 0, 0, 1, 367.11
1606748479, 2634, 2, 3, 0, 0, 0.43%, 0, 0, 1, 378.16
1606748484, 2637, 0, 3, 0, 0, 0.43%, 0, 0, 1, 383.56
1606748489, 2639, 2, 3, 0, 0, 0.43%, 0, 0, 1, 380.06
1606748494, 2642, 0, 3, 0, 0, 0.43%, 0, 0, 1, 376.11
1606748499, 2644, 2, 3, 0, 0, 0.43%, 0, 0, 1, 381.42
1606748504, 2647, 0, 3, 0, 0, 0.43%, 0, 0, 1, 379.78
1606748510, 2649, 2, 3, 0, 0, 0.43%, 0, 0, 1, 378.65
1606748515, 2652, 0, 3, 0, 0, 0.43%, 0, 0, 1, 382.45
1606748520, 2654, 2, 3, 0, 0, 0.43%, 0, 0, 1, 384.48
1606748525, 2657, 1, 3, 0, 0, 0.43%, 0, 0, 1, 386.42
1606748530, 2659, 2, 3, 0, 0, 0.43%, 0, 0, 1, 383.98
1606748535, 2662, 1, 3, 0, 0, 0.43%, 0, 0, 1, 384.41
1606748540, 2664, 2, 3, 0, 0, 0.43%, 0, 0, 1, 385.18
1606748545, 2667, 1, 3, 0, 0, 0.43%, 0, 0, 1, 369.80
1606748550, 2669, 2, 3, 0, 0, 0.43%, 0, 0, 1, 374.36
1606748555, 2672, 1, 3, 0, 0, 0.43%, 0, 0, 1, 376.24
1606748560, 2674, 2, 3, 0, 0, 0.43%, 0, 0, 1, 373.96
1606748566, 2677, 1, 3, 0, 0, 0.43%, 0, 0, 1, 373.42
1606748571, 2679, 2, 3, 0, 0, 0.43%, 0, 0, 1, 370.98
1606748576, 2682, 1, 3, 0, 0, 0.43%, 0, 0, 1, 382.21
1606748581, 2685, 0, 3, 0, 0, 0.43%, 0, 0, 1, 385.46
1606748586, 2687, 1, 3, 0, 0, 0.43%, 0, 0, 1, 383.35
1606748591, 2689, 2, 3, 0, 0, 0.43%, 0, 0, 1, 374.24
1606748596, 2692, 1, 3, 0, 0, 0.43%, 0, 0, 1, 379.67
1606748601, 2694, 2, 3, 0, 0, 0.43%, 0, 0, 1, 384.66
1606748606, 2697, 1, 3, 0, 0, 0.43%, 0, 0, 1, 385.53
1606748611, 2699, 2, 3, 0, 0, 0.43%, 0, 0, 1, 359.00
1606748616, 2701, 2, 3, 0, 0, 0.43%, 0, 0, 1, 304.09
1606748621, 2703, 2, 3, 0, 0, 0.43%, 0, 0, 1, 290.86
1606748626, 2705, 1, 3, 0, 0, 0.43%, 0, 0, 1, 287.14
1606748631, 2707, 1, 3, 0, 0, 0.43%, 0, 0, 1, 286.13
1606748636, 2709, 1, 3, 0, 0, 0.43%, 0, 0, 1, 325.74
1606748642, 2712, 0, 3, 0, 0, 0.43%, 0, 0, 1, 372.52
1606748647, 2714, 2, 3, 0, 0, 0.43%, 0, 0, 1, 379.25
1606748652, 2717, 0, 3, 0, 0, 0.43%, 0, 0, 1, 383.38
1606748657, 2719, 2, 3, 0, 0, 0.43%, 0, 0, 1, 383.57
1606748662, 2722, 1, 3, 0, 0, 0.43%, 0, 0, 1, 384.07
1606748667, 2724, 2, 3, 0, 0, 0.43%, 0, 0, 1, 378.76
1606748672, 2727, 1, 3, 0, 0, 0.43%, 0, 0, 1, 381.36
1606748677, 2729, 2, 3, 0, 0, 0.43%, 0, 0, 1, 383.78
1606748682, 2732, 1, 3, 0, 0, 0.43%, 0, 0, 1, 383.91
1606748687, 2734, 2, 3, 0, 0, 0.43%, 0, 0, 1, 377.17
1606748692, 2737, 1, 3, 0, 0, 0.43%, 0, 0, 1, 377.85
1606748697, 2739, 2, 3, 0, 0, 0.43%, 0, 0, 1, 383.19
1606748703, 2742, 1, 3, 0, 0, 0.43%, 0, 0, 1, 376.88
1606748708, 2744, 2, 3, 0, 0, 0.43%, 0, 0, 1, 373.94
1606748713, 2747, 0, 3, 0, 0, 0.43%, 0, 0, 1, 352.74
1606748718, 2749, 2, 3, 0, 0, 0.43%, 0, 0, 1, 364.50
1606748723, 2752, 0, 3, 0, 0, 0.43%, 0, 0, 1, 374.81
1606748728, 2754, 2, 3, 0, 0, 0.43%, 0, 0, 1, 369.91
1606748733, 2757, 0, 3, 0, 0, 0.43%, 0, 0, 1, 367.52
1606748738, 2759, 2, 3, 0, 0, 0.43%, 0, 0, 1, 372.13
1606748743, 2762, 0, 3, 0, 0, 0.43%, 0, 0, 1, 381.49
1606748749, 2764, 2, 3, 0, 0, 0.43%, 0, 0, 1, 377.65
1606748754, 2767, 0, 3, 0, 0, 0.43%, 0, 0, 1, 370.83
1606748759, 2769, 1, 3, 0, 0, 0.43%, 0, 0, 1, 378.74
1606748764, 2772, 0, 3, 0, 0, 0.43%, 0, 0, 1, 370.03
1606748769, 2774, 1, 3, 0, 0, 0.43%, 0, 0, 1, 367.92
1606748774, 2776, 2, 3, 0, 0, 0.43%, 0, 0, 1, 354.28
1606748779, 2779, 1, 3, 0, 0, 0.43%, 0, 0, 1, 373.35
1606748784, 2781, 2, 3, 0, 0, 0.43%, 0, 0, 1, 358.52
1606748789, 2784, 0, 3, 0, 0, 0.43%, 0, 0, 1, 370.46
1606748794, 2786, 2, 3, 0, 0, 0.43%, 0, 0, 1, 368.45
1606748799, 2789, 0, 3, 0, 0, 0.43%, 0, 0, 1, 370.94
1606748805, 2791, 1, 3, 0, 0, 0.43%, 0, 0, 1, 358.64
1606748810, 2793, 2, 3, 0, 0, 0.43%, 0, 0, 1, 372.57
1606748815, 2796, 0, 3, 0, 0, 0.43%, 0, 0, 1, 362.16
1606748820, 2798, 1, 3, 0, 0, 0.43%, 0, 0, 1, 365.09
1606748825, 2801, 0, 3, 0, 0, 0.43%, 0, 0, 1, 362.18
1606748830, 2803, 1, 3, 0, 0, 0.43%, 0, 0, 1, 356.21
1606748835, 2805, 2, 3, 0, 0, 0.43%, 0, 0, 1, 357.89
1606748840, 2808, 0, 3, 0, 0, 0.43%, 0, 0, 1, 363.11
1606748845, 2810, 1, 3, 0, 0, 0.43%, 0, 0, 1, 350.25
1606748850, 2812, 2, 3, 0, 0, 0.43%, 0, 0, 1, 360.88
1606748855, 2815, 0, 3, 0, 0, 0.43%, 0, 0, 1, 360.94
1606748860, 2817, 1, 3, 0, 0, 0.43%, 0, 0, 1, 354.64
1606748865, 2819, 2, 3, 0, 0, 0.43%, 0, 0, 1, 359.45
1606748870, 2822, 1, 3, 0, 0, 0.43%, 0, 0, 1, 362.25
1606748875, 2824, 2, 3, 0, 0, 0.43%, 0, 0, 1, 363.30
1606748880, 2827, 0, 3, 0, 0, 0.43%, 0, 0, 1, 358.23
1606748885, 2829, 1, 3, 0, 0, 0.43%, 0, 0, 1, 356.61
1606748891, 2831, 2, 3, 0, 0, 0.43%, 0, 0, 1, 359.50
1606748896, 2834, 0, 3, 0, 0, 0.43%, 0, 0, 1, 357.13
1606748901, 2836, 1, 3, 0, 0, 0.43%, 0, 0, 1, 364.04
1606748906, 2838, 2, 3, 0, 0, 0.43%, 0, 0, 1, 361.45
1606748911, 2841, 0, 3, 0, 0, 0.43%, 0, 0, 1, 353.17
1606748916, 2843, 1, 3, 0, 0, 0.43%, 0, 0, 1, 351.37
1606748921, 2845, 2, 3, 0, 0, 0.43%, 0, 0, 1, 366.05
1606748926, 2848, 0, 3, 0, 0, 0.43%, 0, 0, 1, 338.23
1606748931, 2850, 0, 3, 0, 0, 0.43%, 0, 0, 1, 293.48
1606748936, 2852, 0, 3, 0, 0, 0.43%, 0, 0, 1, 342.99
1606748941, 2854, 1, 3, 0, 0, 0.43%, 0, 0, 1, 353.03
1606748946, 2857, 0, 3, 0, 0, 0.43%, 0, 0, 1, 371.11
1606748951, 2859, 2, 3, 0, 0, 0.43%, 0, 0, 1, 376.52
1606748956, 2861, 2, 3, 0, 0, 0.43%, 0, 0, 1, 346.24
1606748962, 2864, 0, 3, 0, 0, 0.43%, 0, 0, 1, 346.69
1606748967, 2866, 1, 3, 0, 0, 0.43%, 0, 0, 1, 362.62
1606748972, 2869, 0, 3, 0, 0, 0.43%, 0, 0, 1, 366.22
1606748977, 2871, 1, 3, 0, 0, 0.43%, 0, 0, 1, 369.09
1606748982, 2873, 2, 3, 0, 0, 0.43%, 0, 0, 1, 367.22
1606748987, 2876, 0, 3, 0, 0, 0.43%, 0, 0, 1, 355.38
1606748992, 2878, 1, 3, 0, 0, 0.43%, 0, 0, 1, 348.45
1606748997, 2880, 2, 3, 0, 0, 0.43%, 0, 0, 1, 351.52
1606749002, 2883, 0, 3, 0, 0, 0.43%, 0, 0, 1, 344.18
1606749007, 2885, 1, 3, 0, 0, 0.43%, 0, 0, 1, 350.31
1606749012, 2887, 2, 3, 0, 0, 0.43%, 0, 0, 1, 352.38
1606749017, 2890, 0, 3, 0, 0, 0.43%, 0, 0, 1, 342.71
1606749022, 2892, 1, 3, 0, 0, 0.43%, 0, 0, 1, 350.51
1606749028, 2894, 2, 3, 0, 0, 0.43%, 0, 0, 1, 353.44
1606749033, 2897, 0, 3, 0, 0, 0.43%, 0, 0, 1, 347.16
1606749038, 2899, 1, 3, 0, 0, 0.43%, 0, 0, 1, 351.97
1606749043, 2901, 2, 3, 0, 0, 0.43%, 0, 0, 1, 353.18
1606749048, 2904, 0, 3, 0, 0, 0.43%, 0, 0, 1, 352.27
1606749053, 2906, 1, 3, 0, 0, 0.43%, 0, 0, 1, 350.69
1606749058, 2908, 2, 3, 0, 0, 0.43%, 0, 0, 1, 356.34
1606749063, 2911, 0, 3, 0, 0, 0.43%, 0, 0, 1, 356.86
1606749068, 2913, 1, 3, 0, 0, 0.43%, 0, 0, 1, 359.97
1606749073, 2915, 2, 3, 0, 0, 0.43%, 0, 0, 1, 356.85
1606749078, 2918, 0, 3, 0, 0, 0.43%, 0, 0, 1, 354.59
1606749083, 2920, 1, 3, 0, 0, 0.43%, 0, 0, 1, 356.74
1606749088, 2922, 2, 3, 0, 0, 0.43%, 0, 0, 1, 345.52
1606749093, 2925, 0, 3, 0, 0, 0.43%, 0, 0, 1, 355.72
1606749098, 2927, 1, 3, 0, 0, 0.43%, 0, 0, 1, 358.98
1606749104, 2929, 2, 3, 0, 0, 0.43%, 0, 0, 1, 356.94
1606749109, 2932, 0, 3, 0, 0, 0.43%, 0, 0, 1, 352.92
1606749114, 2934, 1, 3, 0, 0, 0.43%, 0, 0, 1, 357.21
1606749119, 2936, 2, 3, 0, 0, 0.43%, 0, 0, 1, 361.92
1606749124, 2939, 0, 3, 0, 0, 0.43%, 0, 0, 1, 362.82
1606749129, 2941, 1, 3, 0, 0, 0.43%, 0, 0, 1, 357.24
1606749134, 2943, 2, 3, 0, 0, 0.43%, 0, 0, 1, 357.44
1606749139, 2946, 0, 3, 0, 0, 0.43%, 0, 0, 1, 355.37
1606749144, 2948, 1, 3, 0, 0, 0.43%, 0, 0, 1, 353.76
1606749149, 2950, 2, 3, 0, 0, 0.43%, 0, 0, 1, 361.13
1606749154, 2953, 0, 3, 0, 0, 0.43%, 0, 0, 1, 359.07
1606749159, 2955, 1, 3, 0, 0, 0.43%, 0, 0, 1, 361.34
1606749164, 2957, 2, 3, 0, 0, 0.43%, 0, 0, 1, 360.34
1606749169, 2960, 1, 3, 0, 0, 0.43%, 0, 0, 1, 359.58
1606749174, 2962, 2, 3, 0, 0, 0.43%, 0, 0, 1, 360.37
1606749179, 2965, 0, 3, 0, 0, 0.43%, 0, 0, 1, 362.81
1606749184, 2967, 1, 3, 0, 0, 0.43%, 0, 0, 1, 361.71
1606749189, 2969, 2, 3, 0, 0, 0.43%, 0, 0, 1, 361.19
1606749194, 2972, 0, 3, 0, 0, 0.43%, 0, 0, 1, 364.89
1606749199, 2974, 1, 3, 0, 0, 0.43%, 0, 0, 1, 360.81
1606749204, 2976, 2, 3, 0, 0, 0.43%, 0, 0, 1, 360.32
1606749209, 2979, 0, 3, 0, 0, 0.43%, 0, 0, 1, 357.92
1606749214, 2981, 1, 3, 0, 0, 0.43%, 0, 0, 1, 355.88
1606749219, 2983, 2, 3, 0, 0, 0.43%, 0, 0, 1, 359.54
1606749224, 2986, 1, 3, 0, 0, 0.43%, 0, 0, 1, 359.20
1606749230, 2988, 2, 3, 0, 0, 0.43%, 0, 0, 1, 357.07
1606749235, 2991, 0, 3, 0, 0, 0.43%, 0, 0, 1, 351.29
1606749240, 2993, 0, 3, 0, 0, 0.43%, 0, 0, 1, 350.46
1606749245, 2995, 1, 3, 0, 0, 0.43%, 0, 0, 1, 347.48
1606749250, 2997, 2, 3, 0, 0, 0.43%, 0, 0, 1, 344.68
1606749255, 3000, 0, 3, 0, 0, 0.43%, 0, 0, 1, 355.33
1606749260, 3002, 1, 3, 0, 0, 0.43%, 0, 0, 1, 356.60
1606749265, 3005, 0, 3, 0, 0, 0.43%, 0, 0, 1, 358.31
1606749270, 3007, 1, 3, 0, 0, 0.43%, 0, 0, 1, 360.13
1606749275, 3009, 2, 3, 0, 0, 0.43%, 0, 0, 1, 360.41
1606749280, 3012, 0, 3, 0, 0, 0.43%, 0, 0, 1, 361.59
1606749285, 3014, 1, 3, 0, 0, 0.43%, 0, 0, 1, 359.34
1606749290, 3016, 2, 3, 0, 0, 0.43%, 0, 0, 1, 356.56
1606749296, 3019, 0, 3, 0, 0, 0.43%, 0, 0, 1, 356.16
1606749301, 3021, 1, 3, 0, 0, 0.43%, 0, 0, 1, 356.29
1606749306, 3023, 2, 3, 0, 0, 0.43%, 0, 0, 1, 348.19
1606749311, 3026, 0, 3, 0, 0, 0.43%, 0, 0, 1, 355.55
1606749316, 3028, 1, 3, 0, 0, 0.43%, 0, 0, 1, 358.83
1606749321, 3030, 2, 3, 0, 0, 0.43%, 0, 0, 1, 355.86
1606749326, 3033, 0, 3, 0, 0, 0.43%, 0, 0, 1, 355.24
1606749331, 3035, 1, 3, 0, 0, 0.43%, 0, 0, 1, 359.72
1606749336, 3037, 2, 3, 0, 0, 0.43%, 0, 0, 1, 363.15
