# unix_time, cycles_done, cur_path, paths_total, pending_total, pending_favs, map_size, unique_crashes, unique_hangs, max_depth, execs_per_sec
1606739511, 0, 0, 3, 3, 1, 0.43%, 0, 0, 1, 328.77
1606739516, 3, 0, 3, 0, 0, 0.43%, 0, 0, 1, 373.23
1606739521, 5, 1, 3, 0, 0, 0.43%, 0, 0, 1, 384.10
1606739526, 8, 0, 3, 0, 0, 0.43%, 0, 0, 1, 389.18
1606739531, 10, 2, 3, 0, 0, 0.43%, 0, 0, 1, 392.18
1606739536, 13, 0, 3, 0, 0, 0.43%, 0, 0, 1, 393.10
1606739541, 15, 2, 3, 0, 0, 0.43%, 0, 0, 1, 393.40
1606739546, 18, 1, 3, 0, 0, 0.43%, 0, 0, 1, 392.89
1606739551, 21, 0, 3, 0, 0, 0.43%, 0, 0, 1, 391.80
1606739556, 23, 1, 3, 0, 0, 0.43%, 0, 0, 1, 386.76
1606739561, 26, 0, 3, 0, 0, 0.43%, 0, 0, 1, 385.93
1606739566, 28, 1, 3, 0, 0, 0.43%, 0, 0, 1, 386.42
1606739571, 31, 0, 3, 0, 0, 0.43%, 0, 0, 1, 364.94
1606739576, 33, 1, 3, 0, 0, 0.43%, 0, 0, 1, 360.13
1606739581, 35, 2, 3, 0, 0, 0.43%, 0, 0, 1, 370.01
1606739587, 38, 1, 3, 0, 0, 0.43%, 0, 0, 1, 368.46
1606739592, 40, 2, 3, 0, 0, 0.43%, 0, 0, 1, 376.71
1606739597, 43, 1, 3, 0, 0, 0.43%, 0, 0, 1, 375.92
1606739602, 45, 2, 3, 0, 0, 0.43%, 0, 0, 1, 382.07
1606739607, 48, 1, 3, 0, 0, 0.43%, 0, 0, 1, 381.88
1606739612, 51, 0, 3, 0, 0, 0.43%, 0, 0, 1, 387.63
1606739617, 53, 1, 3, 0, 0, 0.43%, 0, 0, 1, 388.34
1606739622, 56, 0, 3, 0, 0, 0.43%, 0, 0, 1, 389.22
1606739627, 58, 2, 3, 0, 0, 0.43%, 0, 0, 1, 370.35
1606739632, 61, 0, 3, 0, 0, 0.43%, 0, 0, 1, 374.63
1606739637, 63, 0, 3, 0, 0, 0.43%, 0, 0, 1, 315.46
1606739643, 65, 2, 3, 0, 0, 0.43%, 0, 0, 1, 360.37
1606739648, 68, 0, 3, 0, 0, 0.43%, 0, 0, 1, 369.89
1606739653, 70, 1, 3, 0, 0, 0.43%, 0, 0, 1, 378.46
1606739658, 73, 0, 3, 0, 0, 0.43%, 0, 0, 1, 387.71
1606739663, 75, 2, 3, 0, 0, 0.43%, 0, 0, 1, 376.92
1606739668, 78, 0, 3, 0, 0, 0.43%, 0, 0, 1, 372.87
1606739673, 80, 1, 3, 0, 0, 0.43%, 0, 0, 1, 372.88
1606739678, 83, 0, 3, 0, 0, 0.43%, 0, 0, 1, 379.09
1606739683, 85, 0, 3, 0, 0, 0.43%, 0, 0, 1, 320.10
1606739688, 87, 0, 3, 0, 0, 0.43%, 0, 0, 1, 328.00
1606739693, 89, 2, 3, 0, 0, 0.43%, 0, 0, 1, 357.19
1606739698, 92, 0, 3, 0, 0, 0.43%, 0, 0, 1, 362.35
1606739703, 94, 1, 3, 0, 0, 0.43%, 0, 0, 1, 368.36
1606739708, 96, 2, 3, 0, 0, 0.43%, 0, 0, 1, 365.03
1606739713, 99, 1, 3, 0, 0, 0.43%, 0, 0, 1, 380.25
1606739718, 101, 2, 3, 0, 0, 0.43%, 0, 0, 1, 383.77
1606739723, 104, 0, 3, 0, 0, 0.43%, 0, 0, 1, 369.93
1606739729, 106, 2, 3, 0, 0, 0.43%, 0, 0, 1, 372.44
1606739734, 109, 1, 3, 0, 0, 0.43%, 0, 0, 1, 375.29
1606739739, 111, 2, 3, 0, 0, 0.43%, 0, 0, 1, 371.40
1606739744, 114, 0, 3, 0, 0, 0.43%, 0, 0, 1, 378.14
1606739749, 116, 1, 3, 0, 0, 0.43%, 0, 0, 1, 369.57
1606739754, 119, 0, 3, 0, 0, 0.43%, 0, 0, 1, 365.80
1606739759, 121, 0, 3, 0, 0, 0.43%, 0, 0, 1, 342.28
1606739764, 123, 2, 3, 0, 0, 0.43%, 0, 0, 1, 355.82
1606739769, 126, 0, 3, 0, 0, 0.43%, 0, 0, 1, 366.25
1606739774, 128, 1, 3, 0, 0, 0.43%, 0, 0, 1, 380.36
1606739779, 131, 0, 3, 0, 0, 0.43%, 0, 0, 1, 380.51
1606739784, 133, 1, 3, 0, 0, 0.43%, 0, 0, 1, 382.92
1606739789, 136, 0, 3, 0, 0, 0.43%, 0, 0, 1, 379.56
1606739794, 138, 1, 3, 0, 0, 0.43%, 0, 0, 1, 381.56
1606739799, 141, 0, 3, 0, 0, 0.43%, 0, 0, 1, 385.19
1606739804, 143, 2, 3, 0, 0, 0.43%, 0, 0, 1, 387.19
1606739809, 146, 0, 3, 0, 0, 0.43%, 0, 0, 1, 386.03
1606739815, 148, 2, 3, 0, 0, 0.43%, 0, 0, 1, 382.80
1606739820, 151, 1, 3, 0, 0, 0.43%, 0, 0, 1, 385.71
1606739825, 153, 2, 3, 0, 0, 0.43%, 0, 0, 1, 387.25
1606739830, 156, 1, 3, 0, 0, 0.43%, 0, 0, 1, 384.87
1606739835, 159, 0, 3, 0, 0, 0.43%, 0, 0, 1, 386.38
1606739840, 161, 1, 3, 0, 0, 0.43%, 0, 0, 1, 387.35
1606739845, 164, 0, 3, 0, 0, 0.43%, 0, 0, 1, 386.66
1606739850, 166, 2, 3, 0, 0, 0.43%, 0, 0, 1, 383.47
1606739855, 169, 0, 3, 0, 0, 0.43%, 0, 0, 1, 384.77
1606739860, 171, 2, 3, 0, 0, 0.43%, 0, 0, 1, 385.58
1606739865, 174, 0, 3, 0, 0, 0.43%, 0, 0, 1, 381.76
1606739870, 176, 2, 3, 0, 0, 0.43%, 0, 0, 1, 369.40
1606739875, 179, 0, 3, 0, 0, 0.43%, 0, 0, 1, 381.31
1606739881, 181, 2, 3, 0, 0, 0.43%, 0, 0, 1, 386.05
1606739886, 184, 1, 3, 0, 0, 0.43%, 0, 0, 1, 387.37
1606739891, 186, 2, 3, 0, 0, 0.43%, 0, 0, 1, 385.86
1606739896, 189, 1, 3, 0, 0, 0.43%, 0, 0, 1, 378.15
1606739901, 191, 2, 3, 0, 0, 0.43%, 0, 0, 1, 374.43
1606739906, 194, 1, 3, 0, 0, 0.43%, 0, 0, 1, 377.69
1606739911, 196, 2, 3, 0, 0, 0.43%, 0, 0, 1, 383.24
1606739916, 199, 1, 3, 0, 0, 0.43%, 0, 0, 1, 369.14
1606739921, 201, 2, 3, 0, 0, 0.43%, 0, 0, 1, 364.54
1606739926, 204, 0, 3, 0, 0, 0.43%, 0, 0, 1, 369.30
1606739931, 206, 1, 3, 0, 0, 0.43%, 0, 0, 1, 366.21
1606739936, 208, 2, 3, 0, 0, 0.43%, 0, 0, 1, 361.76
1606739941, 211, 1, 3, 0, 0, 0.43%, 0, 0, 1, 358.22
1606739947, 213, 1, 3, 0, 0, 0.43%, 0, 0, 1, 343.63
1606739952, 216, 0, 3, 0, 0, 0.43%, 0, 0, 1, 369.42
1606739957, 218, 1, 3, 0, 0, 0.43%, 0, 0, 1, 374.56
1606739962, 221, 0, 3, 0, 0, 0.43%, 0, 0, 1, 380.82
1606739967, 223, 2, 3, 0, 0, 0.43%, 0, 0, 1, 380.80
1606739972, 226, 0, 3, 0, 0, 0.43%, 0, 0, 1, 376.70
1606739977, 228, 2, 3, 0, 0, 0.43%, 0, 0, 1, 378.26
1606739982, 231, 0, 3, 0, 0, 0.43%, 0, 0, 1, 367.69
1606739988, 233, 1, 3, 0, 0, 0.43%, 0, 0, 1, 370.27
1606739993, 236, 0, 3, 0, 0, 0.43%, 0, 0, 1, 372.28
1606739998, 238, 1, 3, 0, 0, 0.43%, 0, 0, 1, 369.58
1606740003, 240, 2, 3, 0, 0, 0.43%, 0, 0, 1, 367.74
1606740008, 243, 0, 3, 0, 0, 0.43%, 0, 0, 1, 342.46
1606740013, 245, 1, 3, 0, 0, 0.43%, 0, 0, 1, 360.23
1606740018, 247, 2, 3, 0, 0, 0.43%, 0, 0, 1, 365.90
1606740023, 250, 1, 3, 0, 0, 0.43%, 0, 0, 1, 373.38
1606740028, 253, 0, 3, 0, 0, 0.43%, 0, 0, 1, 377.75
1606740034, 255, 1, 3, 0, 0, 0.43%, 0, 0, 1, 369.26
1606740039, 258, 0, 3, 0, 0, 0.43%, 0, 0, 1, 374.15
1606740044, 260, 1, 3, 0, 0, 0.43%, 0, 0, 1, 368.52
1606740049, 263, 0, 3, 0, 0, 0.43%, 0, 0, 1, 366.01
1606740054, 265, 1, 3, 0, 0, 0.43%, 0, 0, 1, 372.67
1606740059, 267, 2, 3, 0, 0, 0.43%, 0, 0, 1, 376.53
1606740064, 270, 1, 3, 0, 0, 0.43%, 0, 0, 1, 369.26
1606740069, 272, 2, 3, 0, 0, 0.43%, 0, 0, 1, 375.25
1606740074, 275, 1, 3, 0, 0, 0.43%, 0, 0, 1, 375.23
1606740079, 277, 2, 3, 0, 0, 0.43%, 0, 0, 1, 374.54
1606740084, 280, 0, 3, 0, 0, 0.43%, 0, 0, 1, 373.72
1606740090, 282, 1, 3, 0, 0, 0.43%, 0, 0, 1, 373.64
1606740095, 285, 0, 3, 0, 0, 0.43%, 0, 0, 1, 369.16
1606740100, 287, 2, 3, 0, 0, 0.43%, 0, 0, 1, 379.23
1606740105, 290, 0, 3, 0, 0, 0.43%, 0, 0, 1, 373.09
1606740110, 292, 2, 3, 0, 0, 0.43%, 0, 0, 1, 379.39
1606740115, 295, 0, 3, 0, 0, 0.43%, 0, 0, 1, 373.70
1606740120, 297, 2, 3, 0, 0, 0.43%, 0, 0, 1, 375.88
1606740126, 300, 0, 3, 0, 0, 0.43%, 0, 0, 1, 380.33
1606740131, 302, 2, 3, 0, 0, 0.43%, 0, 0, 1, 372.14
1606740136, 305, 0, 3, 0, 0, 0.43%, 0, 0, 1, 366.10
1606740141, 307, 1, 3, 0, 0, 0.43%, 0, 0, 1, 361.78
1606740146, 310, 0, 3, 0, 0, 0.43%, 0, 0, 1, 370.00
1606740151, 312, 1, 3, 0, 0, 0.43%, 0, 0, 1, 365.45
1606740156, 314, 2, 3, 0, 0, 0.43%, 0, 0, 1, 354.52
1606740162, 317, 1, 3, 0, 0, 0.43%, 0, 0, 1, 366.43
1606740167, 319, 2, 3, 0, 0, 0.43%, 0, 0, 1, 357.85
1606740172, 322, 1, 3, 0, 0, 0.43%, 0, 0, 1, 367.08
1606740177, 324, 2, 3, 0, 0, 0.43%, 0, 0, 1, 352.37
1606740182, 326, 1, 3, 0, 0, 0.43%, 0, 0, 1, 296.43
1606740188, 329, 0, 3, 0, 0, 0.43%, 0, 0, 1, 355.41
1606740193, 331, 1, 3, 0, 0, 0.43%, 0, 0, 1, 368.11
1606740198, 333, 2, 3, 0, 0, 0.43%, 0, 0, 1, 370.79
1606740203, 336, 1, 3, 0, 0, 0.43%, 0, 0, 1, 372.91
1606740208, 338, 2, 3, 0, 0, 0.43%, 0, 0, 1, 373.66
1606740213, 341, 0, 3, 0, 0, 0.43%, 0, 0, 1, 362.45
1606740218, 343, 2, 3, 0, 0, 0.43%, 0, 0, 1, 371.69
1606740223, 346, 0, 3, 0, 0, 0.43%, 0, 0, 1, 371.98
1606740229, 348, 2, 3, 0, 0, 0.43%, 0, 0, 1, 376.88
1606740234, 351, 1, 3, 0, 0, 0.43%, 0, 0, 1, 376.00
1606740239, 353, 2, 3, 0, 0, 0.43%, 0, 0, 1, 376.07
1606740244, 356, 1, 3, 0, 0, 0.43%, 0, 0, 1, 376.46
1606740249, 358, 2, 3, 0, 0, 0.43%, 0, 0, 1, 376.59
1606740254, 361, 1, 3, 0, 0, 0.43%, 0, 0, 1, 365.24
1606740260, 363, 2, 3, 0, 0, 0.43%, 0, 0, 1, 367.55
1606740265, 366, 1, 3, 0, 0, 0.43%, 0, 0, 1, 368.55
1606740270, 368, 1, 3, 0, 0, 0.43%, 0, 0, 1, 344.74
1606740275, 370, 2, 3, 0, 0, 0.43%, 0, 0, 1, 340.15
1606740280, 373, 0, 3, 0, 0, 0.43%, 0, 0, 1, 355.96
1606740285, 375, 2, 3, 0, 0, 0.43%, 0, 0, 1, 364.96
1606740290, 378, 0, 3, 0, 0, 0.43%, 0, 0, 1, 373.50
1606740296, 380, 2, 3, 0, 0, 0.43%, 0, 0, 1, 372.30
1606740301, 383, 0, 3, 0, 0, 0.43%, 0, 0, 1, 364.84
1606740306, 385, 1, 3, 0, 0, 0.43%, 0, 0, 1, 343.15
1606740311, 387, 2, 3, 0, 0, 0.43%, 0, 0, 1, 340.59
1606740316, 389, 2, 3, 0, 0, 0.43%, 0, 0, 1, 335.82
1606740321, 392, 0, 3, 0, 0, 0.43%, 0, 0, 1, 356.20
1606740326, 394, 2, 3, 0, 0, 0.43%, 0, 0, 1, 363.60
1606740331, 397, 0, 3, 0, 0, 0.43%, 0, 0, 1, 375.18
1606740336, 399, 1, 3, 0, 0, 0.43%, 0, 0, 1, 358.55
1606740341, 401, 2, 3, 0, 0, 0.43%, 0, 0, 1, 361.52
1606740347, 404, 1, 3, 0, 0, 0.43%, 0, 0, 1, 372.43
1606740352, 406, 2, 3, 0, 0, 0.43%, 0, 0, 1, 364.95
1606740357, 409, 0, 3, 0, 0, 0.43%, 0, 0, 1, 363.59
1606740362, 411, 2, 3, 0, 0, 0.43%, 0, 0, 1, 373.78
1606740367, 414, 0, 3, 0, 0, 0.43%, 0, 0, 1, 364.12
1606740372, 416, 1, 3, 0, 0, 0.43%, 0, 0, 1, 370.04
1606740377, 418, 2, 3, 0, 0, 0.43%, 0, 0, 1, 361.94
1606740382, 421, 0, 3, 0, 0, 0.43%, 0, 0, 1, 369.55
1606740387, 423, 2, 3, 0, 0, 0.43%, 0, 0, 1, 362.92
1606740392, 426, 0, 3, 0, 0, 0.43%, 0, 0, 1, 364.45
1606740398, 428, 2, 3, 0, 0, 0.43%, 0, 0, 1, 368.95
1606740403, 431, 0, 3, 0, 0, 0.43%, 0, 0, 1, 356.92
1606740408, 433, 1, 3, 0, 0, 0.43%, 0, 0, 1, 352.34
1606740413, 435, 2, 3, 0, 0, 0.43%, 0, 0, 1, 348.02
1606740418, 438, 0, 3, 0, 0, 0.43%, 0, 0, 1, 355.08
1606740423, 440, 1, 3, 0, 0, 0.43%, 0, 0, 1, 348.45
1606740428, 442, 2, 3, 0, 0, 0.43%, 0, 0, 1, 363.01
1606740433, 445, 1, 3, 0, 0, 0.43%, 0, 0, 1, 363.65
1606740439, 447, 2, 3, 0, 0, 0.43%, 0, 0, 1, 373.86
1606740444, 450, 1, 3, 0, 0, 0.43%, 0, 0, 1, 377.31
1606740449, 452, 2, 3, 0, 0, 0.43%, 0, 0, 1, 376.65
1606740454, 455, 1, 3, 0, 0, 0.43%, 0, 0, 1, 366.02
1606740459, 457, 2, 3, 0, 0, 0.43%, 0, 0, 1, 373.71
1606740464, 460, 0, 3, 0, 0, 0.43%, 0, 0, 1, 356.76
1606740470, 462, 2, 3, 0, 0, 0.43%, 0, 0, 1, 370.49
1606740475, 465, 0, 3, 0, 0, 0.43%, 0, 0, 1, 375.80
1606740480, 467, 2, 3, 0, 0, 0.43%, 0, 0, 1, 362.92
1606740485, 470, 0, 3, 0, 0, 0.43%, 0, 0, 1, 368.14
1606740490, 472, 2, 3, 0, 0, 0.43%, 0, 0, 1, 372.83
1606740495, 475, 0, 3, 0, 0, 0.43%, 0, 0, 1, 375.72
1606740500, 477, 2, 3, 0, 0, 0.43%, 0, 0, 1, 376.11
1606740506, 480, 0, 3, 0, 0, 0.43%, 0, 0, 1, 357.89
1606740511, 482, 1, 3, 0, 0, 0.43%, 0, 0, 1, 351.34
1606740516, 485, 0, 3, 0, 0, 0.43%, 0, 0, 1, 369.09
1606740521, 487, 1, 3, 0, 0, 0.43%, 0, 0, 1, 364.36
1606740526, 489, 2, 3, 0, 0, 0.43%, 0, 0, 1, 360.67
1606740531, 492, 1, 3, 0, 0, 0.43%, 0, 0, 1, 364.96
1606740536, 494, 2, 3, 0, 0, 0.43%, 0, 0, 1, 370.99
1606740542, 497, 0, 3, 0, 0, 0.43%, 0, 0, 1, 366.14
1606740547, 499, 2, 3, 0, 0, 0.43%, 0, 0, 1, 366.22
1606740552, 502, 0, 3, 0, 0, 0.43%, 0, 0, 1, 369.42
1606740557, 504, 1, 3, 0, 0, 0.43%, 0, 0, 1, 351.76
1606740562, 506, 2, 3, 0, 0, 0.43%, 0, 0, 1, 365.10
1606740567, 509, 0, 3, 0, 0, 0.43%, 0, 0, 1, 363.33
1606740572, 511, 1, 3, 0, 0, 0.43%, 0, 0, 1, 357.35
1606740577, 513, 2, 3, 0, 0, 0.43%, 0, 0, 1, 358.07
1606740582, 516, 0, 3, 0, 0, 0.43%, 0, 0, 1, 361.19
1606740587, 518, 2, 3, 0, 0, 0.43%, 0, 0, 1, 362.09
1606740592, 521, 0, 3, 0, 0, 0.43%, 0, 0, 1, 369.44
1606740597, 523, 2, 3, 0, 0, 0.43%, 0, 0, 1, 377.03
1606740603, 526, 0, 3, 0, 0, 0.43%, 0, 0, 1, 377.81
1606740608, 528, 2, 3, 0, 0, 0.43%, 0, 0, 1, 371.38
1606740613, 531, 0, 3, 0, 0, 0.43%, 0, 0, 1, 370.82
1606740618, 533, 2, 3, 0, 0, 0.43%, 0, 0, 1, 366.75
1606740623, 536, 0, 3, 0, 0, 0.43%, 0, 0, 1, 373.53
1606740628, 538, 1, 3, 0, 0, 0.43%, 0, 0, 1, 368.45
1606740633, 541, 0, 3, 0, 0, 0.43%, 0, 0, 1, 366.47
1606740638, 543, 1, 3, 0, 0, 0.43%, 0, 0, 1, 366.58
1606740643, 545, 2, 3, 0, 0, 0.43%, 0, 0, 1, 366.99
1606740649, 548, 1, 3, 0, 0, 0.43%, 0, 0, 1, 370.70
1606740654, 550, 2, 3, 0, 0, 0.43%, 0, 0, 1, 366.18
1606740659, 553, 0, 3, 0, 0, 0.43%, 0, 0, 1, 360.68
1606740664, 555, 2, 3, 0, 0, 0.43%, 0, 0, 1, 373.10
1606740669, 558, 0, 3, 0, 0, 0.43%, 0, 0, 1, 365.73
1606740674, 560, 1, 3, 0, 0, 0.43%, 0, 0, 1, 368.44
1606740679, 563, 0, 3, 0, 0, 0.43%, 0, 0, 1, 368.81
1606740684, 565, 1, 3, 0, 0, 0.43%, 0, 0, 1, 372.55
1606740689, 568, 0, 3, 0, 0, 0.43%, 0, 0, 1, 375.45
1606740695, 570, 1, 3, 0, 0, 0.43%, 0, 0, 1, 371.14
1606740700, 572, 2, 3, 0, 0, 0.43%, 0, 0, 1, 372.23
1606740705, 575, 1, 3, 0, 0, 0.43%, 0, 0, 1, 370.27
1606740710, 577, 2, 3, 0, 0, 0.43%, 0, 0, 1, 373.75
1606740715, 580, 1, 3, 0, 0, 0.43%, 0, 0, 1, 373.97
1606740720, 582, 2, 3, 0, 0, 0.43%, 0, 0, 1, 362.12
1606740725, 585, 0, 3, 0, 0, 0.43%, 0, 0, 1, 370.95
1606740730, 587, 2, 3, 0, 0, 0.43%, 0, 0, 1, 377.30
1606740736, 590, 1, 3, 0, 0, 0.43%, 0, 0, 1, 378.46
1606740741, 592, 2, 3, 0, 0, 0.43%, 0, 0, 1, 379.16
1606740746, 595, 1, 3, 0, 0, 0.43%, 0, 0, 1, 371.49
1606740751, 597, 2, 3, 0, 0, 0.43%, 0, 0, 1, 374.79
1606740756, 600, 1, 3, 0, 0, 0.43%, 0, 0, 1, 379.45
1606740761, 602, 2, 3, 0, 0, 0.43%, 0, 0, 1, 374.00
1606740766, 605, 1, 3, 0, 0, 0.43%, 0, 0, 1, 369.80
1606740772, 607, 2, 3, 0, 0, 0.43%, 0, 0, 1, 371.45
1606740777, 610, 1, 3, 0, 0, 0.43%, 0, 0, 1, 370.41
1606740782, 612, 2, 3, 0, 0, 0.43%, 0, 0, 1, 375.76
1606740787, 615, 1, 3, 0, 0, 0.43%, 0, 0, 1, 373.69
1606740792, 618, 0, 3, 0, 0, 0.43%, 0, 0, 1, 368.43
1606740797, 620, 1, 3, 0, 0, 0.43%, 0, 0, 1, 366.75
1606740803, 622, 2, 3, 0, 0, 0.43%, 0, 0, 1, 364.71
1606740808, 625, 1, 3, 0, 0, 0.43%, 0, 0, 1, 374.44
1606740813, 627, 2, 3, 0, 0, 0.43%, 0, 0, 1, 370.31
1606740818, 630, 0, 3, 0, 0, 0.43%, 0, 0, 1, 365.25
1606740823, 632, 1, 3, 0, 0, 0.43%, 0, 0, 1, 370.70
1606740828, 635, 0, 3, 0, 0, 0.43%, 0, 0, 1, 367.40
1606740833, 637, 1, 3, 0, 0, 0.43%, 0, 0, 1, 364.69
1606740838, 640, 0, 3, 0, 0, 0.43%, 0, 0, 1, 369.65
1606740843, 642, 1, 3, 0, 0, 0.43%, 0, 0, 1, 375.48
1606740848, 644, 2, 3, 0, 0, 0.43%, 0, 0, 1, 365.31
1606740854, 647, 0, 3, 0, 0, 0.43%, 0, 0, 1, 357.39
1606740859, 649, 2, 3, 0, 0, 0.43%, 0, 0, 1, 367.65
1606740864, 652, 0, 3, 0, 0, 0.43%, 0, 0, 1, 359.66
1606740869, 654, 1, 3, 0, 0, 0.43%, 0, 0, 1, 351.15
1606740874, 656, 2, 3, 0, 0, 0.43%, 0, 0, 1, 351.34
1606740879, 659, 0, 3, 0, 0, 0.43%, 0, 0, 1, 345.89
1606740884, 661, 1, 3, 0, 0, 0.43%, 0, 0, 1, 347.58
1606740889, 663, 2, 3, 0, 0, 0.43%, 0, 0, 1, 350.01
1606740894, 666, 0, 3, 0, 0, 0.43%, 0, 0, 1, 361.96
1606740899, 668, 1, 3, 0, 0, 0.43%, 0, 0, 1, 361.80
1606740904, 670, 2, 3, 0, 0, 0.43%, 0, 0, 1, 365.39
1606740909, 673, 0, 3, 0, 0, 0.43%, 0, 0, 1, 359.50
1606740914, 675, 1, 3, 0, 0, 0.43%, 0, 0, 1, 358.49
1606740920, 678, 0, 3, 0, 0, 0.43%, 0, 0, 1, 360.59
1606740925, 680, 1, 3, 0, 0, 0.43%, 0, 0, 1, 364.64
1606740930, 682, 2, 3, 0, 0, 0.43%, 0, 0, 1, 367.56
1606740935, 685, 1, 3, 0, 0, 0.43%, 0, 0, 1, 375.51
1606740940, 687, 2, 3, 0, 0, 0.43%, 0, 0, 1, 376.72
1606740945, 690, 1, 3, 0, 0, 0.43%, 0, 0, 1, 373.37
1606740950, 692, 2, 3, 0, 0, 0.43%, 0, 0, 1, 376.69
1606740955, 695, 1, 3, 0, 0, 0.43%, 0, 0, 1, 377.37
1606740961, 698, 0, 3, 0, 0, 0.43%, 0, 0, 1, 377.49
1606740966, 700, 1, 3, 0, 0, 0.43%, 0, 0, 1, 355.35
1606740971, 702, 2, 3, 0, 0, 0.43%, 0, 0, 1, 360.24
1606740976, 705, 0, 3, 0, 0, 0.43%, 0, 0, 1, 369.26
1606740981, 707, 2, 3, 0, 0, 0.43%, 0, 0, 1, 370.24
1606740986, 710, 0, 3, 0, 0, 0.43%, 0, 0, 1, 365.89
1606740991, 712, 1, 3, 0, 0, 0.43%, 0, 0, 1, 360.60
1606740996, 714, 2, 3, 0, 0, 0.43%, 0, 0, 1, 355.46
1606741001, 717, 0, 3, 0, 0, 0.43%, 0, 0, 1, 357.82
1606741007, 719, 1, 3, 0, 0, 0.43%, 0, 0, 1, 345.25
1606741012, 721, 2, 3, 0, 0, 0.43%, 0, 0, 1, 344.66
1606741017, 724, 0, 3, 0, 0, 0.43%, 0, 0, 1, 351.92
1606741022, 726, 1, 3, 0, 0, 0.43%, 0, 0, 1, 348.67
1606741027, 728, 2, 3, 0, 0, 0.43%, 0, 0, 1, 347.41
1606741032, 731, 0, 3, 0, 0, 0.43%, 0, 0, 1, 348.76
1606741037, 733, 1, 3, 0, 0, 0.43%, 0, 0, 1, 353.59
1606741042, 735, 2, 3, 0, 0, 0.43%, 0, 0, 1, 353.63
1606741047, 738, 0, 3, 0, 0, 0.43%, 0, 0, 1, 348.35
1606741052, 740, 0, 3, 0, 0, 0.43%, 0, 0, 1, 335.13
1606741058, 742, 1, 3, 0, 0, 0.43%, 0, 0, 1, 350.55
1606741063, 744, 2, 3, 0, 0, 0.43%, 0, 0, 1, 350.44
1606741068, 747, 0, 3, 0, 0, 0.43%, 0, 0, 1, 356.88
1606741073, 749, 1, 3, 0, 0, 0.43%, 0, 0, 1, 355.72
1606741078, 752, 0, 3, 0, 0, 0.43%, 0, 0, 1, 369.72
1606741083, 754, 1, 3, 0, 0, 0.43%, 0, 0, 1, 373.54
1606741088, 757, 0, 3, 0, 0, 0.43%, 0, 0, 1, 373.32
1606741093, 759, 1, 3, 0, 0, 0.43%, 0, 0, 1, 370.42
1606741098, 761, 2, 3, 0, 0, 0.43%, 0, 0, 1, 373.38
1606741103, 764, 1, 3, 0, 0, 0.43%, 0, 0, 1, 373.64
1606741108, 766, 2, 3, 0, 0, 0.43%, 0, 0, 1, 374.41
1606741113, 769, 1, 3, 0, 0, 0.43%, 0, 0, 1, 374.23
1606741119, 771, 2, 3, 0, 0, 0.43%, 0, 0, 1, 375.87
1606741124, 774, 0, 3, 0, 0, 0.43%, 0, 0, 1, 361.99
1606741129, 776, 2, 3, 0, 0, 0.43%, 0, 0, 1, 368.73
1606741134, 779, 0, 3, 0, 0, 0.43%, 0, 0, 1, 367.85
1606741139, 781, 1, 3, 0, 0, 0.43%, 0, 0, 1, 358.04
1606741144, 784, 0, 3, 0, 0, 0.43%, 0, 0, 1, 365.55
1606741149, 786, 1, 3, 0, 0, 0.43%, 0, 0, 1, 371.25
1606741154, 788, 2, 3, 0, 0, 0.43%, 0, 0, 1, 360.18
1606741159, 791, 0, 3, 0, 0, 0.43%, 0, 0, 1, 366.50
1606741165, 793, 1, 3, 0, 0, 0.43%, 0, 0, 1, 359.73
1606741170, 796, 0, 3, 0, 0, 0.43%, 0, 0, 1, 368.89
1606741175, 798, 1, 3, 0, 0, 0.43%, 0, 0, 1, 373.89
1606741180, 801, 0, 3, 0, 0, 0.43%, 0, 0, 1, 373.72
1606741185, 803, 1, 3, 0, 0, 0.43%, 0, 0, 1, 372.39
1606741190, 805, 2, 3, 0, 0, 0.43%, 0, 0, 1, 351.07
1606741195, 808, 0, 3, 0, 0, 0.43%, 0, 0, 1, 350.65
1606741200, 810, 1, 3, 0, 0, 0.43%, 0, 0, 1, 365.96
1606741205, 813, 0, 3, 0, 0, 0.43%, 0, 0, 1, 373.17
1606741210, 815, 1, 3, 0, 0, 0.43%, 0, 0, 1, 370.55
1606741215, 817, 2, 3, 0, 0, 0.43%, 0, 0, 1, 362.47
1606741220, 820, 0, 3, 0, 0, 0.43%, 0, 0, 1, 355.15
1606741225, 822, 1, 3, 0, 0, 0.43%, 0, 0, 1, 356.59
1606741230, 824, 2, 3, 0, 0, 0.43%, 0, 0, 1, 360.08
1606741235, 827, 0, 3, 0, 0, 0.43%, 0, 0, 1, 366.31
1606741241, 829, 2, 3, 0, 0, 0.43%, 0, 0, 1, 367.27
1606741246, 832, 0, 3, 0, 0, 0.43%, 0, 0, 1, 370.38
1606741251, 834, 1, 3, 0, 0, 0.43%, 0, 0, 1, 369.90
1606741256, 837, 0, 3, 0, 0, 0.43%, 0, 0, 1, 364.16
1606741261, 839, 1, 3, 0, 0, 0.43%, 0, 0, 1, 371.07
1606741266, 841, 2, 3, 0, 0, 0.43%, 0, 0, 1, 368.70
1606741271, 844, 0, 3, 0, 0, 0.43%, 0, 0, 1, 357.38
1606741276, 846, 1, 3, 0, 0, 0.43%, 0, 0, 1, 351.78
1606741281, 848, 2, 3, 0, 0, 0.43%, 0, 0, 1, 358.76
1606741286, 851, 0, 3, 0, 0, 0.43%, 0, 0, 1, 354.11
1606741291, 853, 1, 3, 0, 0, 0.43%, 0, 0, 1, 355.91
1606741296, 855, 2, 3, 0, 0, 0.43%, 0, 0, 1, 356.12
1606741302, 858, 1, 3, 0, 0, 0.43%, 0, 0, 1, 369.86
1606741307, 861, 0, 3, 0, 0, 0.43%, 0, 0, 1, 374.01
1606741312, 863, 1, 3, 0, 0, 0.43%, 0, 0, 1, 376.72
1606741317, 866, 0, 3, 0, 0, 0.43%, 0, 0, 1, 374.13
1606741322, 868, 1, 3, 0, 0, 0.43%, 0, 0, 1, 364.60
1606741327, 870, 2, 3, 0, 0, 0.43%, 0, 0, 1, 361.75
1606741332, 873, 1, 3, 0, 0, 0.43%, 0, 0, 1, 366.64
1606741338, 875, 2, 3, 0, 0, 0.43%, 0, 0, 1, 361.83
1606741343, 878, 0, 3, 0, 0, 0.43%, 0, 0, 1, 360.89
1606741348, 880, 1, 3, 0, 0, 0.43%, 0, 0, 1, 350.93
1606741353, 882, 2, 3, 0, 0, 0.43%, 0, 0, 1, 344.24
1606741358, 885, 0, 3, 0, 0, 0.43%, 0, 0, 1, 348.49
1606741363, 887, 1, 3, 0, 0, 0.43%, 0, 0, 1, 348.20
1606741368, 889, 2, 3, 0, 0, 0.43%, 0, 0, 1, 353.67
1606741373, 892, 0, 3, 0, 0, 0.43%, 0, 0, 1, 347.25
1606741379, 894, 1, 3, 0, 0, 0.43%, 0, 0, 1, 355.23
1606741384, 896, 2, 3, 0, 0, 0.43%, 0, 0, 1, 356.84
1606741389, 899, 0, 3, 0, 0, 0.43%, 0, 0, 1, 358.58
1606741394, 901, 1, 3, 0, 0, 0.43%, 0, 0, 1, 355.32
1606741399, 903, 2, 3, 0, 0, 0.43%, 0, 0, 1, 353.83
1606741404, 906, 0, 3, 0, 0, 0.43%, 0, 0, 1, 358.08
1606741409, 908, 1, 3, 0, 0, 0.43%, 0, 0, 1, 356.41
1606741414, 910, 2, 3, 0, 0, 0.43%, 0, 0, 1, 356.24
1606741419, 913, 1, 3, 0, 0, 0.43%, 0, 0, 1, 357.53
1606741424, 915, 2, 3, 0, 0, 0.43%, 0, 0, 1, 354.89
1606741429, 918, 0, 3, 0, 0, 0.43%, 0, 0, 1, 355.84
1606741434, 920, 1, 3, 0, 0, 0.43%, 0, 0, 1, 356.90
1606741439, 922, 2, 3, 0, 0, 0.43%, 0, 0, 1, 356.91
1606741444, 925, 0, 3, 0, 0, 0.43%, 0, 0, 1, 358.76
1606741449, 927, 1, 3, 0, 0, 0.43%, 0, 0, 1, 357.17
1606741455, 929, 2, 3, 0, 0, 0.43%, 0, 0, 1, 346.59
1606741460, 932, 0, 3, 0, 0, 0.43%, 0, 0, 1, 352.48
1606741465, 934, 1, 3, 0, 0, 0.43%, 0, 0, 1, 356.95
1606741470, 936, 2, 3, 0, 0, 0.43%, 0, 0, 1, 357.90
1606741475, 939, 0, 3, 0, 0, 0.43%, 0, 0, 1, 355.57
1606741480, 941, 1, 3, 0, 0, 0.43%, 0, 0, 1, 356.79
1606741485, 943, 2, 3, 0, 0, 0.43%, 0, 0, 1, 347.83
1606741490, 946, 0, 3, 0, 0, 0.43%, 0, 0, 1, 346.34
1606741495, 948, 1, 3, 0, 0, 0.43%, 0, 0, 1, 345.57
1606741500, 950, 2, 3, 0, 0, 0.43%, 0, 0, 1, 349.62
1606741505, 953, 0, 3, 0, 0, 0.43%, 0, 0, 1, 353.03
1606741511, 955, 1, 3, 0, 0, 0.43%, 0, 0, 1, 356.74
1606741516, 957, 2, 3, 0, 0, 0.43%, 0, 0, 1, 352.55
1606741521, 960, 0, 3, 0, 0, 0.43%, 0, 0, 1, 356.85
1606741526, 962, 1, 3, 0, 0, 0.43%, 0, 0, 1, 356.71
1606741531, 964, 2, 3, 0, 0, 0.43%, 0, 0, 1, 359.77
1606741536, 967, 0, 3, 0, 0, 0.43%, 0, 0, 1, 340.10
1606741541, 969, 0, 3, 0, 0, 0.43%, 0, 0, 1, 333.70
1606741546, 971, 1, 3, 0, 0, 0.43%, 0, 0, 1, 326.38
1606741551, 973, 2, 3, 0, 0, 0.43%, 0, 0, 1, 347.91
1606741556, 975, 2, 3, 0, 0, 0.43%, 0, 0, 1, 351.25
1606741561, 978, 1, 3, 0, 0, 0.43%, 0, 0, 1, 356.04
1606741566, 980, 1, 3, 0, 0, 0.43%, 0, 0, 1, 345.22
1606741571, 982, 2, 3, 0, 0, 0.43%, 0, 0, 1, 329.55
1606741576, 984, 1, 3, 0, 0, 0.43%, 0, 0, 1, 283.95
1606741581, 986, 0, 3, 0, 0, 0.43%, 0, 0, 1, 268.92
1606741586, 988, 0, 3, 0, 0, 0.43%, 0, 0, 1, 275.60
1606741591, 990, 0, 3, 0, 0, 0.43%, 0, 0, 1, 305.08
1606741596, 992, 0, 3, 0, 0, 0.43%, 0, 0, 1, 328.52
1606741602, 994, 1, 3, 0, 0, 0.43%, 0, 0, 1, 333.50
1606741607, 996, 2, 3, 0, 0, 0.43%, 0, 0, 1, 342.40
1606741612, 999, 0, 3, 0, 0, 0.43%, 0, 0, 1, 340.74
1606741617, 1001, 0, 3, 0, 0, 0.43%, 0, 0, 1, 333.60
1606741622, 1003, 1, 3, 0, 0, 0.43%, 0, 0, 1, 335.75
1606741627, 1005, 2, 3, 0, 0, 0.43%, 0, 0, 1, 345.05
1606741632, 1008, 0, 3, 0, 0, 0.43%, 0, 0, 1, 341.41
1606741637, 1010, 1, 3, 0, 0, 0.43%, 0, 0, 1, 334.33
1606741642, 1012, 1, 3, 0, 0, 0.43%, 0, 0, 1, 343.63
1606741648, 1014, 2, 3, 0, 0, 0.43%, 0, 0, 1, 332.35
1606741653, 1016, 2, 3, 0, 0, 0.43%, 0, 0, 1, 320.49
1606741658, 1018, 2, 3, 0, 0, 0.43%, 0, 0, 1, 276.94
1606741663, 1020, 2, 3, 0, 0, 0.43%, 0, 0, 1, 317.91
1606741668, 1023, 0, 3, 0, 0, 0.43%, 0, 0, 1, 347.91
1606741673, 1025, 1, 3, 0, 0, 0.43%, 0, 0, 1, 347.53
1606741678, 1027, 2, 3, 0, 0, 0.43%, 0, 0, 1, 347.41
1606741683, 1030, 0, 3, 0, 0, 0.43%, 0, 0, 1, 344.62
1606741688, 1032, 1, 3, 0, 0, 0.43%, 0, 0, 1, 345.19
1606741693, 1034, 2, 3, 0, 0, 0.43%, 0, 0, 1, 354.78
1606741698, 1037, 0, 3, 0, 0, 0.43%, 0, 0, 1, 356.47
1606741704, 1039, 1, 3, 0, 0, 0.43%, 0, 0, 1, 358.33
1606741709, 1041, 2, 3, 0, 0, 0.43%, 0, 0, 1, 362.30
1606741714, 1044, 0, 3, 0, 0, 0.43%, 0, 0, 1, 363.02
1606741719, 1046, 1, 3, 0, 0, 0.43%, 0, 0, 1, 361.31
1606741724, 1048, 2, 3, 0, 0, 0.43%, 0, 0, 1, 361.60
1606741729, 1051, 0, 3, 0, 0, 0.43%, 0, 0, 1, 355.84
1606741734, 1053, 1, 3, 0, 0, 0.43%, 0, 0, 1, 361.69
1606741739, 1055, 2, 3, 0, 0, 0.43%, 0, 0, 1, 357.70
1606741744, 1058, 0, 3, 0, 0, 0.43%, 0, 0, 1, 358.89
1606741749, 1060, 1, 3, 0, 0, 0.43%, 0, 0, 1, 349.96
1606741754, 1062, 2, 3, 0, 0, 0.43%, 0, 0, 1, 324.80
1606741759, 1065, 0, 3, 0, 0, 0.43%, 0, 0, 1, 342.55
1606741764, 1067, 0, 3, 0, 0, 0.43%, 0, 0, 1, 337.12
1606741769, 1069, 0, 3, 0, 0, 0.43%, 0, 0, 1, 325.89
1606741774, 1071, 1, 3, 0, 0, 0.43%, 0, 0, 1, 333.01
1606741779, 1073, 2, 3, 0, 0, 0.43%, 0, 0, 1, 340.23
1606741784, 1076, 0, 3, 0, 0, 0.43%, 0, 0, 1, 350.25
1606741790, 1078, 1, 3, 0, 0, 0.43%, 0, 0, 1, 347.16
1606741795, 1080, 2, 3, 0, 0, 0.43%, 0, 0, 1, 343.92
1606741800, 1082, 2, 3, 0, 0, 0.43%, 0, 0, 1, 341.59
1606741805, 1085, 0, 3, 0, 0, 0.43%, 0, 0, 1, 355.96
1606741810, 1087, 1, 3, 0, 0, 0.43%, 0, 0, 1, 342.89
1606741815, 1089, 2, 3, 0, 0, 0.43%, 0, 0, 1, 346.76
1606741820, 1092, 0, 3, 0, 0, 0.43%, 0, 0, 1, 355.15
1606741825, 1094, 1, 3, 0, 0, 0.43%, 0, 0, 1, 358.03
1606741830, 1096, 2, 3, 0, 0, 0.43%, 0, 0, 1, 361.82
1606741835, 1099, 0, 3, 0, 0, 0.43%, 0, 0, 1, 368.34
1606741840, 1101, 1, 3, 0, 0, 0.43%, 0, 0, 1, 358.68
1606741845, 1104, 0, 3, 0, 0, 0.43%, 0, 0, 1, 361.99
1606741850, 1106, 1, 3, 0, 0, 0.43%, 0, 0, 1, 360.22
1606741855, 1108, 2, 3, 0, 0, 0.43%, 0, 0, 1, 367.73
1606741860, 1111, 0, 3, 0, 0, 0.43%, 0, 0, 1, 362.23
1606741865, 1113, 0, 3, 0, 0, 0.43%, 0, 0, 1, 316.58
1606741870, 1115, 1, 3, 0, 0, 0.43%, 0, 0, 1, 343.16
1606741875, 1117, 2, 3, 0, 0, 0.43%, 0, 0, 1, 356.87
1606741880, 1120, 0, 3, 0, 0, 0.43%, 0, 0, 1, 362.32
1606741885, 1122, 1, 3, 0, 0, 0.43%, 0, 0, 1, 352.59
1606741891, 1124, 1, 3, 0, 0, 0.43%, 0, 0, 1, 287.65
1606741896, 1126, 0, 3, 0, 0, 0.43%, 0, 0, 1, 274.39
1606741901, 1128, 0, 3, 0, 0, 0.43%, 0, 0, 1, 294.45
1606741906, 1129, 2, 3, 0, 0, 0.43%, 0, 0, 1, 277.21
1606741911, 1131, 2, 3, 0, 0, 0.43%, 0, 0, 1, 280.85
1606741916, 1133, 1, 3, 0, 0, 0.43%, 0, 0, 1, 277.84
1606741921, 1135, 2, 3, 0, 0, 0.43%, 0, 0, 1, 315.28
1606741926, 1137, 2, 3, 0, 0, 0.43%, 0, 0, 1, 337.70
1606741931, 1140, 1, 3, 0, 0, 0.43%, 0, 0, 1, 358.43
1606741936, 1142, 2, 3, 0, 0, 0.43%, 0, 0, 1, 364.31
1606741941, 1145, 0, 3, 0, 0, 0.43%, 0, 0, 1, 362.21
1606741947, 1147, 1, 3, 0, 0, 0.43%, 0, 0, 1, 370.32
1606741952, 1150, 0, 3, 0, 0, 0.43%, 0, 0, 1, 376.65
1606741957, 1152, 2, 3, 0, 0, 0.43%, 0, 0, 1, 377.70
1606741962, 1155, 0, 3, 0, 0, 0.43%, 0, 0, 1, 378.09
1606741967, 1157, 2, 3, 0, 0, 0.43%, 0, 0, 1, 377.82
1606741972, 1160, 1, 3, 0, 0, 0.43%, 0, 0, 1, 373.25
1606741978, 1162, 2, 3, 0, 0, 0.43%, 0, 0, 1, 372.67
1606741983, 1165, 1, 3, 0, 0, 0.43%, 0, 0, 1, 377.98
1606741988, 1167, 2, 3, 0, 0, 0.43%, 0, 0, 1, 374.98
1606741993, 1170, 1, 3, 0, 0, 0.43%, 0, 0, 1, 377.71
1606741998, 1173, 0, 3, 0, 0, 0.43%, 0, 0, 1, 379.52
1606742003, 1175, 1, 3, 0, 0, 0.43%, 0, 0, 1, 380.90
1606742009, 1178, 0, 3, 0, 0, 0.43%, 0, 0, 1, 370.85
1606742014, 1180, 1, 3, 0, 0, 0.43%, 0, 0, 1, 379.40
1606742019, 1183, 0, 3, 0, 0, 0.43%, 0, 0, 1, 362.51
1606742024, 1185, 1, 3, 0, 0, 0.43%, 0, 0, 1, 374.70
1606742029, 1188, 0, 3, 0, 0, 0.43%, 0, 0, 1, 375.52
1606742034, 1190, 1, 3, 0, 0, 0.43%, 0, 0, 1, 360.80
1606742040, 1193, 0, 3, 0, 0, 0.43%, 0, 0, 1, 367.34
1606742045, 1195, 1, 3, 0, 0, 0.43%, 0, 0, 1, 374.99
1606742050, 1198, 0, 3, 0, 0, 0.43%, 0, 0, 1, 378.91
1606742055, 1200, 1, 3, 0, 0, 0.43%, 0, 0, 1, 372.17
1606742060, 1203, 0, 3, 0, 0, 0.43%, 0, 0, 1, 371.05
1606742065, 1205, 1, 3, 0, 0, 0.43%, 0, 0, 1, 368.22
1606742070, 1207, 2, 3, 0, 0, 0.43%, 0, 0, 1, 367.60
1606742075, 1210, 1, 3, 0, 0, 0.43%, 0, 0, 1, 373.70
1606742080, 1212, 2, 3, 0, 0, 0.43%, 0, 0, 1, 377.26
1606742086, 1215, 1, 3, 0, 0, 0.43%, 0, 0, 1, 379.95
1606742091, 1218, 0, 3, 0, 0, 0.43%, 0, 0, 1, 381.50
1606742096, 1220, 1, 3, 0, 0, 0.43%, 0, 0, 1, 348.22
1606742101, 1222, 2, 3, 0, 0, 0.43%, 0, 0, 1, 355.78
1606742106, 1225, 0, 3, 0, 0, 0.43%, 0, 0, 1, 374.56
1606742111, 1227, 2, 3, 0, 0, 0.43%, 0, 0, 1, 377.02
1606742117, 1230, 0, 3, 0, 0, 0.43%, 0, 0, 1, 372.42
1606742122, 1232, 2, 3, 0, 0, 0.43%, 0, 0, 1, 376.45
1606742127, 1235, 1, 3, 0, 0, 0.43%, 0, 0, 1, 376.89
1606742132, 1237, 2, 3, 0, 0, 0.43%, 0, 0, 1, 377.71
1606742137, 1240, 1, 3, 0, 0, 0.43%, 0, 0, 1, 376.34
1606742142, 1242, 2, 3, 0, 0, 0.43%, 0, 0, 1, 371.51
1606742148, 1245, 1, 3, 0, 0, 0.43%, 0, 0, 1, 375.57
1606742153, 1248, 0, 3, 0, 0, 0.43%, 0, 0, 1, 371.54
1606742158, 1250, 1, 3, 0, 0, 0.43%, 0, 0, 1, 367.32
1606742163, 1253, 0, 3, 0, 0, 0.43%, 0, 0, 1, 375.72
1606742168, 1255, 1, 3, 0, 0, 0.43%, 0, 0, 1, 379.12
1606742173, 1258, 0, 3, 0, 0, 0.43%, 0, 0, 1, 380.08
1606742179, 1260, 2, 3, 0, 0, 0.43%, 0, 0, 1, 380.14
1606742184, 1263, 0, 3, 0, 0, 0.43%, 0, 0, 1, 378.01
1606742189, 1265, 2, 3, 0, 0, 0.43%, 0, 0, 1, 380.50
1606742194, 1268, 0, 3, 0, 0, 0.43%, 0, 0, 1, 380.24
1606742199, 1270, 2, 3, 0, 0, 0.43%, 0, 0, 1, 379.21
1606742204, 1273, 1, 3, 0, 0, 0.43%, 0, 0, 1, 380.37
1606742209, 1275, 2, 3, 0, 0, 0.43%, 0, 0, 1, 374.90
1606742215, 1278, 1, 3, 0, 0, 0.43%, 0, 0, 1, 372.81
1606742220, 1280, 2, 3, 0, 0, 0.43%, 0, 0, 1, 378.11
1606742225, 1283, 1, 3, 0, 0, 0.43%, 0, 0, 1, 379.84
1606742230, 1286, 0, 3, 0, 0, 0.43%, 0, 0, 1, 380.00
1606742235, 1288, 1, 3, 0, 0, 0.43%, 0, 0, 1, 376.67
1606742240, 1290, 2, 3, 0, 0, 0.43%, 0, 0, 1, 368.15
1606742245, 1293, 0, 3, 0, 0, 0.43%, 0, 0, 1, 352.59
1606742250, 1295, 1, 3, 0, 0, 0.43%, 0, 0, 1, 348.66
1606742255, 1297, 2, 3, 0, 0, 0.43%, 0, 0, 1, 361.28
1606742261, 1300, 1, 3, 0, 0, 0.43%, 0, 0, 1, 370.40
1606742266, 1302, 2, 3, 0, 0, 0.43%, 0, 0, 1, 362.74
1606742271, 1305, 1, 3, 0, 0, 0.43%, 0, 0, 1, 369.14
1606742276, 1307, 2, 3, 0, 0, 0.43%, 0, 0, 1, 374.52
1606742281, 1310, 0, 3, 0, 0, 0.43%, 0, 0, 1, 363.00
1606742286, 1312, 2, 3, 0, 0, 0.43%, 0, 0, 1, 377.82
1606742291, 1315, 1, 3, 0, 0, 0.43%, 0, 0, 1, 381.36
1606742297, 1317, 2, 3, 0, 0, 0.43%, 0, 0, 1, 382.16
1606742302, 1320, 1, 3, 0, 0, 0.43%, 0, 0, 1, 383.69
1606742307, 1323, 0, 3, 0, 0, 0.43%, 0, 0, 1, 379.52
1606742312, 1325, 1, 3, 0, 0, 0.43%, 0, 0, 1, 381.48
1606742317, 1328, 0, 3, 0, 0, 0.43%, 0, 0, 1, 382.66
1606742322, 1330, 2, 3, 0, 0, 0.43%, 0, 0, 1, 385.01
1606742327, 1333, 0, 3, 0, 0, 0.43%, 0, 0, 1, 383.90
1606742332, 1335, 2, 3, 0, 0, 0.43%, 0, 0, 1, 384.23
1606742337, 1338, 1, 3, 0, 0, 0.43%, 0, 0, 1, 383.40
1606742343, 1340, 2, 3, 0, 0, 0.43%, 0, 0, 1, 366.64
1606742348, 1343, 0, 3, 0, 0, 0.43%, 0, 0, 1, 356.94
1606742353, 1345, 1, 3, 0, 0, 0.43%, 0, 0, 1, 367.51
1606742358, 1348, 0, 3, 0, 0, 0.43%, 0, 0, 1, 379.96
1606742363, 1350, 1, 3, 0, 0, 0.43%, 0, 0, 1, 379.40
1606742368, 1353, 0, 3, 0, 0, 0.43%, 0, 0, 1, 377.42
1606742373, 1355, 1, 3, 0, 0, 0.43%, 0, 0, 1, 380.97
1606742378, 1358, 0, 3, 0, 0, 0.43%, 0, 0, 1, 380.75
1606742383, 1360, 2, 3, 0, 0, 0.43%, 0, 0, 1, 381.06
1606742389, 1363, 0, 3, 0, 0, 0.43%, 0, 0, 1, 381.38
1606742394, 1365, 2, 3, 0, 0, 0.43%, 0, 0, 1, 373.61
1606742399, 1368, 0, 3, 0, 0, 0.43%, 0, 0, 1, 378.93
1606742404, 1370, 2, 3, 0, 0, 0.43%, 0, 0, 1, 377.97
1606742409, 1373, 1, 3, 0, 0, 0.43%, 0, 0, 1, 379.76
1606742414, 1375, 2, 3, 0, 0, 0.43%, 0, 0, 1, 380.59
1606742419, 1378, 1, 3, 0, 0, 0.43%, 0, 0, 1, 380.74
1606742425, 1381, 0, 3, 0, 0, 0.43%, 0, 0, 1, 378.20
1606742430, 1383, 1, 3, 0, 0, 0.43%, 0, 0, 1, 370.63
1606742435, 1386, 0, 3, 0, 0, 0.43%, 0, 0, 1, 368.34
1606742440, 1388, 1, 3, 0, 0, 0.43%, 0, 0, 1, 359.39
1606742445, 1390, 2, 3, 0, 0, 0.43%, 0, 0, 1, 357.92
1606742450, 1393, 0, 3, 0, 0, 0.43%, 0, 0, 1, 361.97
1606742456, 1395, 2, 3, 0, 0, 0.43%, 0, 0, 1, 378.11
1606742461, 1398, 0, 3, 0, 0, 0.43%, 0, 0, 1, 379.89
1606742466, 1400, 2, 3, 0, 0, 0.43%, 0, 0, 1, 382.47
1606742471, 1403, 1, 3, 0, 0, 0.43%, 0, 0, 1, 381.45
1606742476, 1405, 2, 3, 0, 0, 0.43%, 0, 0, 1, 382.80
1606742481, 1408, 1, 3, 0, 0, 0.43%, 0, 0, 1, 382.33
1606742486, 1411, 0, 3, 0, 0, 0.43%, 0, 0, 1, 381.49
1606742491, 1413, 1, 3, 0, 0, 0.43%, 0, 0, 1, 382.02
1606742496, 1416, 0, 3, 0, 0, 0.43%, 0, 0, 1, 381.46
1606742502, 1418, 1, 3, 0, 0, 0.43%, 0, 0, 1, 381.34
1606742507, 1421, 0, 3, 0, 0, 0.43%, 0, 0, 1, 380.63
1606742512, 1423, 2, 3, 0, 0, 0.43%, 0, 0, 1, 382.16
1606742517, 1426, 0, 3, 0, 0, 0.43%, 0, 0, 1, 380.83
1606742522, 1428, 2, 3, 0, 0, 0.43%, 0, 0, 1, 381.30
1606742527, 1431, 1, 3, 0, 0, 0.43%, 0, 0, 1, 381.79
1606742532, 1433, 2, 3, 0, 0, 0.43%, 0, 0, 1, 382.07
1606742538, 1436, 1, 3, 0, 0, 0.43%, 0, 0, 1, 381.49
1606742543, 1439, 0, 3, 0, 0, 0.43%, 0, 0, 1, 380.47
1606742548, 1441, 1, 3, 0, 0, 0.43%, 0, 0, 1, 380.82
1606742553, 1444, 0, 3, 0, 0, 0.43%, 0, 0, 1, 379.74
1606742558, 1446, 1, 3, 0, 0, 0.43%, 0, 0, 1, 378.04
1606742563, 1449, 0, 3, 0, 0, 0.43%, 0, 0, 1, 380.04
1606742568, 1451, 2, 3, 0, 0, 0.43%, 0, 0, 1, 380.09
1606742573, 1454, 0, 3, 0, 0, 0.43%, 0, 0, 1, 381.60
1606742579, 1456, 2, 3, 0, 0, 0.43%, 0, 0, 1, 378.38
1606742584, 1459, 1, 3, 0, 0, 0.43%, 0, 0, 1, 380.56
1606742589, 1461, 2, 3, 0, 0, 0.43%, 0, 0, 1, 365.42
1606742594, 1464, 0, 3, 0, 0, 0.43%, 0, 0, 1, 378.15
1606742599, 1466, 2, 3, 0, 0, 0.43%, 0, 0, 1, 380.89
1606742604, 1469, 1, 3, 0, 0, 0.43%, 0, 0, 1, 382.17
1606742609, 1471, 2, 3, 0, 0, 0.43%, 0, 0, 1, 377.67
1606742614, 1474, 1, 3, 0, 0, 0.43%, 0, 0, 1, 378.80
1606742620, 1476, 2, 3, 0, 0, 0.43%, 0, 0, 1, 380.82
1606742625, 1479, 1, 3, 0, 0, 0.43%, 0, 0, 1, 382.59
1606742630, 1482, 0, 3, 0, 0, 0.43%, 0, 0, 1, 382.28
1606742635, 1484, 2, 3, 0, 0, 0.43%, 0, 0, 1, 381.86
1606742640, 1487, 0, 3, 0, 0, 0.43%, 0, 0, 1, 381.25
1606742645, 1489, 2, 3, 0, 0, 0.43%, 0, 0, 1, 382.09
1606742650, 1492, 0, 3, 0, 0, 0.43%, 0, 0, 1, 382.08
1606742655, 1494, 2, 3, 0, 0, 0.43%, 0, 0, 1, 382.65
1606742661, 1497, 1, 3, 0, 0, 0.43%, 0, 0, 1, 382.88
1606742666, 1500, 0, 3, 0, 0, 0.43%, 0, 0, 1, 382.80
1606742671, 1502, 1, 3, 0, 0, 0.43%, 0, 0, 1, 382.75
1606742676, 1505, 0, 3, 0, 0, 0.43%, 0, 0, 1, 377.86
1606742681, 1507, 2, 3, 0, 0, 0.43%, 0, 0, 1, 382.85
1606742686, 1510, 0, 3, 0, 0, 0.43%, 0, 0, 1, 384.38
1606742691, 1512, 2, 3, 0, 0, 0.43%, 0, 0, 1, 383.11
1606742697, 1515, 1, 3, 0, 0, 0.43%, 0, 0, 1, 383.54
1606742702, 1517, 2, 3, 0, 0, 0.43%, 0, 0, 1, 382.80
1606742707, 1520, 1, 3, 0, 0, 0.43%, 0, 0, 1, 382.97
1606742712, 1523, 0, 3, 0, 0, 0.43%, 0, 0, 1, 383.01
1606742717, 1525, 1, 3, 0, 0, 0.43%, 0, 0, 1, 379.96
1606742722, 1528, 0, 3, 0, 0, 0.43%, 0, 0, 1, 381.50
1606742727, 1530, 2, 3, 0, 0, 0.43%, 0, 0, 1, 382.76
1606742733, 1533, 0, 3, 0, 0, 0.43%, 0, 0, 1, 382.94
1606742738, 1535, 2, 3, 0, 0, 0.43%, 0, 0, 1, 383.02
1606742743, 1538, 1, 3, 0, 0, 0.43%, 0, 0, 1, 383.18
1606742748, 1540, 2, 3, 0, 0, 0.43%, 0, 0, 1, 382.62
1606742753, 1543, 1, 3, 0, 0, 0.43%, 0, 0, 1, 382.76
1606742758, 1546, 0, 3, 0, 0, 0.43%, 0, 0, 1, 383.01
1606742763, 1548, 1, 3, 0, 0, 0.43%, 0, 0, 1, 382.43
1606742769, 1551, 0, 3, 0, 0, 0.43%, 0, 0, 1, 383.01
1606742774, 1553, 2, 3, 0, 0, 0.43%, 0, 0, 1, 383.58
1606742779, 1556, 1, 3, 0, 0, 0.43%, 0, 0, 1, 382.98
1606742784, 1558, 2, 3, 0, 0, 0.43%, 0, 0, 1, 382.74
1606742789, 1561, 1, 3, 0, 0, 0.43%, 0, 0, 1, 382.94
1606742794, 1564, 0, 3, 0, 0, 0.43%, 0, 0, 1, 380.20
1606742799, 1566, 1, 3, 0, 0, 0.43%, 0, 0, 1, 382.47
1606742805, 1569, 0, 3, 0, 0, 0.43%, 0, 0, 1, 382.97
1606742810, 1571, 2, 3, 0, 0, 0.43%, 0, 0, 1, 382.75
1606742815, 1574, 0, 3, 0, 0, 0.43%, 0, 0, 1, 383.48
1606742820, 1576, 2, 3, 0, 0, 0.43%, 0, 0, 1, 383.56
1606742825, 1579, 1, 3, 0, 0, 0.43%, 0, 0, 1, 383.66
1606742830, 1581, 2, 3, 0, 0, 0.43%, 0, 0, 1, 383.03
1606742835, 1584, 1, 3, 0, 0, 0.43%, 0, 0, 1, 382.91
1606742841, 1587, 0, 3, 0, 0, 0.43%, 0, 0, 1, 382.71
1606742846, 1589, 2, 3, 0, 0, 0.43%, 0, 0, 1, 382.83
1606742851, 1592, 0, 3, 0, 0, 0.43%, 0, 0, 1, 382.97
1606742856, 1594, 2, 3, 0, 0, 0.43%, 0, 0, 1, 383.31
1606742861, 1597, 1, 3, 0, 0, 0.43%, 0, 0, 1, 383.63
1606742866, 1599, 2, 3, 0, 0, 0.43%, 0, 0, 1, 383.95
1606742871, 1602, 1, 3, 0, 0, 0.43%, 0, 0, 1, 383.27
1606742876, 1605, 0, 3, 0, 0, 0.43%, 0, 0, 1, 383.49
1606742882, 1607, 1, 3, 0, 0, 0.43%, 0, 0, 1, 383.12
1606742887, 1610, 0, 3, 0, 0, 0.43%, 0, 0, 1, 382.87
1606742892, 1612, 2, 3, 0, 0, 0.43%, 0, 0, 1, 383.15
1606742897, 1615, 0, 3, 0, 0, 0.43%, 0, 0, 1, 383.00
1606742902, 1617, 2, 3, 0, 0, 0.43%, 0, 0, 1, 383.40
1606742907, 1620, 1, 3, 0, 0, 0.43%, 0, 0, 1, 382.98
1606742912, 1623, 0, 3, 0, 0, 0.43%, 0, 0, 1, 383.31
1606742918, 1625, 1, 3, 0, 0, 0.43%, 0, 0, 1, 383.43
1606742923, 1628, 0, 3, 0, 0, 0.43%, 0, 0, 1, 378.56
1606742928, 1630, 2, 3, 0, 0, 0.43%, 0, 0, 1, 381.75
1606742933, 1633, 0, 3, 0, 0, 0.43%, 0, 0, 1, 382.24
1606742938, 1635, 2, 3, 0, 0, 0.43%, 0, 0, 1, 383.03
1606742943, 1638, 1, 3, 0, 0, 0.43%, 0, 0, 1, 383.15
1606742948, 1640, 2, 3, 0, 0, 0.43%, 0, 0, 1, 382.26
1606742954, 1643, 1, 3, 0, 0, 0.43%, 0, 0, 1, 382.20
1606742959, 1646, 0, 3, 0, 0, 0.43%, 0, 0, 1, 382.00
1606742964, 1648, 1, 3, 0, 0, 0.43%, 0, 0, 1, 382.45
1606742969, 1651, 0, 3, 0, 0, 0.43%, 0, 0, 1, 383.05
1606742974, 1653, 2, 3, 0, 0, 0.43%, 0, 0, 1, 382.90
1606742979, 1656, 0, 3, 0, 0, 0.43%, 0, 0, 1, 382.40
1606742984, 1658, 2, 3, 0, 0, 0.43%, 0, 0, 1, 381.56
1606742989, 1661, 1, 3, 0, 0, 0.43%, 0, 0, 1, 382.51
1606742995, 1663, 2, 3, 0, 0, 0.43%, 0, 0, 1, 383.34
1606743000, 1666, 1, 3, 0, 0, 0.43%, 0, 0, 1, 381.79
1606743005, 1668, 2, 3, 0, 0, 0.43%, 0, 0, 1, 382.40
1606743010, 1671, 1, 3, 0, 0, 0.43%, 0, 0, 1, 382.77
1606743015, 1674, 0, 3, 0, 0, 0.43%, 0, 0, 1, 383.15
1606743020, 1676, 1, 3, 0, 0, 0.43%, 0, 0, 1, 383.17
1606743025, 1679, 0, 3, 0, 0, 0.43%, 0, 0, 1, 383.03
1606743030, 1681, 2, 3, 0, 0, 0.43%, 0, 0, 1, 382.57
1606743036, 1684, 0, 3, 0, 0, 0.43%, 0, 0, 1, 382.57
1606743041, 1686, 2, 3, 0, 0, 0.43%, 0, 0, 1, 379.11
1606743046, 1689, 1, 3, 0, 0, 0.43%, 0, 0, 1, 380.27
1606743051, 1691, 2, 3, 0, 0, 0.43%, 0, 0, 1, 381.68
1606743056, 1694, 1, 3, 0, 0, 0.43%, 0, 0, 1, 382.62
1606743061, 1697, 0, 3, 0, 0, 0.43%, 0, 0, 1, 382.61
1606743066, 1699, 1, 3, 0, 0, 0.43%, 0, 0, 1, 382.57
1606743071, 1702, 0, 3, 0, 0, 0.43%, 0, 0, 1, 381.82
1606743077, 1704, 2, 3, 0, 0, 0.43%, 0, 0, 1, 382.41
1606743082, 1707, 0, 3, 0, 0, 0.43%, 0, 0, 1, 383.45
1606743087, 1709, 2, 3, 0, 0, 0.43%, 0, 0, 1, 383.73
1606743092, 1712, 1, 3, 0, 0, 0.43%, 0, 0, 1, 383.61
1606743097, 1714, 2, 3, 0, 0, 0.43%, 0, 0, 1, 383.47
1606743102, 1717, 1, 3, 0, 0, 0.43%, 0, 0, 1, 384.01
1606743107, 1720, 0, 3, 0, 0, 0.43%, 0, 0, 1, 383.75
1606743112, 1722, 1, 3, 0, 0, 0.43%, 0, 0, 1, 383.57
1606743118, 1725, 0, 3, 0, 0, 0.43%, 0, 0, 1, 383.76
1606743123, 1727, 2, 3, 0, 0, 0.43%, 0, 0, 1, 377.03
1606743128, 1730, 0, 3, 0, 0, 0.43%, 0, 0, 1, 380.73
1606743133, 1732, 2, 3, 0, 0, 0.43%, 0, 0, 1, 381.20
1606743138, 1735, 1, 3, 0, 0, 0.43%, 0, 0, 1, 381.85
1606743143, 1737, 2, 3, 0, 0, 0.43%, 0, 0, 1, 382.63
1606743148, 1740, 1, 3, 0, 0, 0.43%, 0, 0, 1, 383.06
1606743154, 1743, 0, 3, 0, 0, 0.43%, 0, 0, 1, 382.89
1606743159, 1745, 1, 3, 0, 0, 0.43%, 0, 0, 1, 381.45
1606743164, 1748, 0, 3, 0, 0, 0.43%, 0, 0, 1, 380.52
1606743169, 1750, 2, 3, 0, 0, 0.43%, 0, 0, 1, 382.03
1606743174, 1753, 0, 3, 0, 0, 0.43%, 0, 0, 1, 382.20
1606743179, 1755, 2, 3, 0, 0, 0.43%, 0, 0, 1, 382.35
1606743184, 1758, 1, 3, 0, 0, 0.43%, 0, 0, 1, 381.96
1606743189, 1760, 2, 3, 0, 0, 0.43%, 0, 0, 1, 382.14
1606743195, 1763, 1, 3, 0, 0, 0.43%, 0, 0, 1, 383.13
1606743200, 1766, 0, 3, 0, 0, 0.43%, 0, 0, 1, 382.67
1606743205, 1768, 1, 3, 0, 0, 0.43%, 0, 0, 1, 383.15
1606743210, 1771, 0, 3, 0, 0, 0.43%, 0, 0, 1, 382.37
1606743215, 1773, 2, 3, 0, 0, 0.43%, 0, 0, 1, 382.13
1606743220, 1776, 0, 3, 0, 0, 0.43%, 0, 0, 1, 383.17
1606743225, 1778, 2, 3, 0, 0, 0.43%, 0, 0, 1, 383.46
1606743230, 1781, 1, 3, 0, 0, 0.43%, 0, 0, 1, 382.77
1606743236, 1783, 2, 3, 0, 0, 0.43%, 0, 0, 1, 382.25
1606743241, 1786, 1, 3, 0, 0, 0.43%, 0, 0, 1, 382.58
1606743246, 1789, 0, 3, 0, 0, 0.43%, 0, 0, 1, 383.15
1606743251, 1791, 1, 3, 0, 0, 0.43%, 0, 0, 1, 382.31
1606743256, 1794, 0, 3, 0, 0, 0.43%, 0, 0, 1, 382.17
1606743261, 1796, 1, 3, 0, 0, 0.43%, 0, 0, 1, 380.45
1606743266, 1799, 0, 3, 0, 0, 0.43%, 0, 0, 1, 381.04
1606743272, 1801, 2, 3, 0, 0, 0.43%, 0, 0, 1, 381.08
1606743277, 1804, 0, 3, 0, 0, 0.43%, 0, 0, 1, 381.37
1606743282, 1806, 2, 3, 0, 0, 0.43%, 0, 0, 1, 381.71
1606743287, 1809, 1, 3, 0, 0, 0.43%, 0, 0, 1, 381.68
1606743292, 1811, 2, 3, 0, 0, 0.43%, 0, 0, 1, 382.28
1606743297, 1814, 1, 3, 0, 0, 0.43%, 0, 0, 1, 381.84
1606743302, 1817, 0, 3, 0, 0, 0.43%, 0, 0, 1, 381.64
1606743307, 1819, 1, 3, 0, 0, 0.43%, 0, 0, 1, 382.65
1606743313, 1822, 0, 3, 0, 0, 0.43%, 0, 0, 1, 382.02
1606743318, 1824, 2, 3, 0, 0, 0.43%, 0, 0, 1, 382.01
1606743323, 1827, 0, 3, 0, 0, 0.43%, 0, 0, 1, 382.17
1606743328, 1829, 2, 3, 0, 0, 0.43%, 0, 0, 1, 381.95
1606743333, 1832, 1, 3, 0, 0, 0.43%, 0, 0, 1, 381.40
1606743338, 1834, 2, 3, 0, 0, 0.43%, 0, 0, 1, 382.42
1606743343, 1837, 1, 3, 0, 0, 0.43%, 0, 0, 1, 382.70
1606743348, 1840, 0, 3, 0, 0, 0.43%, 0, 0, 1, 382.48
1606743354, 1842, 1, 3, 0, 0, 0.43%, 0, 0, 1, 382.45
1606743359, 1845, 0, 3, 0, 0, 0.43%, 0, 0, 1, 382.67
1606743364, 1847, 1, 3, 0, 0, 0.43%, 0, 0, 1, 382.79
1606743369, 1850, 0, 3, 0, 0, 0.43%, 0, 0, 1, 382.71
1606743374, 1852, 2, 3, 0, 0, 0.43%, 0, 0, 1, 382.51
1606743379, 1855, 0, 3, 0, 0, 0.43%, 0, 0, 1, 382.62
1606743384, 1857, 2, 3, 0, 0, 0.43%, 0, 0, 1, 382.17
1606743389, 1860, 1, 3, 0, 0, 0.43%, 0, 0, 1, 382.32
1606743395, 1862, 2, 3, 0, 0, 0.43%, 0, 0, 1, 382.33
1606743400, 1865, 1, 3, 0, 0, 0.43%, 0, 0, 1, 382.47
1606743405, 1868, 0, 3, 0, 0, 0.43%, 0, 0, 1, 379.82
1606743410, 1870, 1, 3, 0, 0, 0.43%, 0, 0, 1, 382.37
1606743415, 1873, 0, 3, 0, 0, 0.43%, 0, 0, 1, 382.69
1606743420, 1875, 2, 3, 0, 0, 0.43%, 0, 0, 1, 382.77
1606743425, 1878, 0, 3, 0, 0, 0.43%, 0, 0, 1, 382.58
1606743430, 1880, 2, 3, 0, 0, 0.43%, 0, 0, 1, 382.81
1606743435, 1883, 1, 3, 0, 0, 0.43%, 0, 0, 1, 383.36
1606743441, 1885, 2, 3, 0, 0, 0.43%, 0, 0, 1, 383.04
1606743446, 1888, 1, 3, 0, 0, 0.43%, 0, 0, 1, 382.68
1606743451, 1891, 0, 3, 0, 0, 0.43%, 0, 0, 1, 382.66
1606743456, 1893, 1, 3, 0, 0, 0.43%, 0, 0, 1, 381.58
1606743461, 1896, 0, 3, 0, 0, 0.43%, 0, 0, 1, 382.18
1606743466, 1898, 2, 3, 0, 0, 0.43%, 0, 0, 1, 382.78
1606743471, 1901, 0, 3, 0, 0, 0.43%, 0, 0, 1, 382.73
1606743477, 1903, 2, 3, 0, 0, 0.43%, 0, 0, 1, 381.86
1606743482, 1906, 1, 3, 0, 0, 0.43%, 0, 0, 1, 381.85
1606743487, 1908, 2, 3, 0, 0, 0.43%, 0, 0, 1, 382.43
1606743492, 1911, 1, 3, 0, 0, 0.43%, 0, 0, 1, 382.51
1606743497, 1914, 0, 3, 0, 0, 0.43%, 0, 0, 1, 382.48
1606743502, 1916, 1, 3, 0, 0, 0.43%, 0, 0, 1, 381.59
1606743507, 1919, 0, 3, 0, 0, 0.43%, 0, 0, 1, 382.05
1606743512, 1921, 2, 3, 0, 0, 0.43%, 0, 0, 1, 381.82
1606743518, 1924, 0, 3, 0, 0, 0.43%, 0, 0, 1, 381.10
1606743523, 1926, 2, 3, 0, 0, 0.43%, 0, 0, 1, 381.43
1606743528, 1929, 0, 3, 0, 0, 0.43%, 0, 0, 1, 382.32
1606743533, 1931, 2, 3, 0, 0, 0.43%, 0, 0, 1, 382.15
1606743538, 1934, 1, 3, 0, 0, 0.43%, 0, 0, 1, 382.68
1606743543, 1936, 2, 3, 0, 0, 0.43%, 0, 0, 1, 383.30
1606743548, 1939, 1, 3, 0, 0, 0.43%, 0, 0, 1, 382.97
1606743553, 1942, 0, 3, 0, 0, 0.43%, 0, 0, 1, 383.19
1606743559, 1944, 1, 3, 0, 0, 0.43%, 0, 0, 1, 382.73
1606743564, 1947, 0, 3, 0, 0, 0.43%, 0, 0, 1, 382.91
1606743569, 1949, 2, 3, 0, 0, 0.43%, 0, 0, 1, 382.87
1606743574, 1952, 1, 3, 0, 0, 0.43%, 0, 0, 1, 382.44
1606743579, 1954, 2, 3, 0, 0, 0.43%, 0, 0, 1, 382.20
1606743584, 1957, 1, 3, 0, 0, 0.43%, 0, 0, 1, 382.41
1606743589, 1960, 0, 3, 0, 0, 0.43%, 0, 0, 1, 382.35
1606743595, 1962, 1, 3, 0, 0, 0.43%, 0, 0, 1, 382.13
1606743600, 1965, 0, 3, 0, 0, 0.43%, 0, 0, 1, 382.90
1606743605, 1967, 2, 3, 0, 0, 0.43%, 0, 0, 1, 383.31
1606743610, 1970, 0, 3, 0, 0, 0.43%, 0, 0, 1, 382.83
1606743615, 1972, 2, 3, 0, 0, 0.43%, 0, 0, 1, 381.98
1606743620, 1975, 1, 3, 0, 0, 0.43%, 0, 0, 1, 381.99
1606743625, 1977, 2, 3, 0, 0, 0.43%, 0, 0, 1, 382.43
1606743630, 1980, 1, 3, 0, 0, 0.43%, 0, 0, 1, 382.45
1606743636, 1983, 0, 3, 0, 0, 0.43%, 0, 0, 1, 382.51
1606743641, 1985, 1, 3, 0, 0, 0.43%, 0, 0, 1, 382.17
1606743646, 1988, 0, 3, 0, 0, 0.43%, 0, 0, 1, 382.35
1606743651, 1990, 2, 3, 0, 0, 0.43%, 0, 0, 1, 382.61
1606743656, 1993, 0, 3, 0, 0, 0.43%, 0, 0, 1, 381.09
1606743661, 1995, 2, 3, 0, 0, 0.43%, 0, 0, 1, 382.45
1606743666, 1998, 1, 3, 0, 0, 0.43%, 0, 0, 1, 382.91
1606743671, 2000, 2, 3, 0, 0, 0.43%, 0, 0, 1, 382.26
1606743677, 2003, 1, 3, 0, 0, 0.43%, 0, 0, 1, 382.75
1606743682, 2006, 0, 3, 0, 0, 0.43%, 0, 0, 1, 382.68
1606743687, 2008, 1, 3, 0, 0, 0.43%, 0, 0, 1, 382.97
1606743692, 2011, 0, 3, 0, 0, 0.43%, 0, 0, 1, 383.28
1606743697, 2013, 2, 3, 0, 0, 0.43%, 0, 0, 1, 383.08
1606743702, 2016, 0, 3, 0, 0, 0.43%, 0, 0, 1, 382.60
1606743707, 2018, 2, 3, 0, 0, 0.43%, 0, 0, 1, 382.56
1606743712, 2021, 0, 3, 0, 0, 0.43%, 0, 0, 1, 382.29
1606743718, 2023, 2, 3, 0, 0, 0.43%, 0, 0, 1, 382.96
1606743723, 2026, 1, 3, 0, 0, 0.43%, 0, 0, 1, 382.20
1606743728, 2028, 2, 3, 0, 0, 0.43%, 0, 0, 1, 378.53
1606743733, 2031, 1, 3, 0, 0, 0.43%, 0, 0, 1, 382.75
1606743738, 2034, 0, 3, 0, 0, 0.43%, 0, 0, 1, 382.99
1606743743, 2036, 1, 3, 0, 0, 0.43%, 0, 0, 1, 383.51
1606743748, 2039, 0, 3, 0, 0, 0.43%, 0, 0, 1, 384.42
1606743753, 2041, 2, 3, 0, 0, 0.43%, 0, 0, 1, 384.99
1606743759, 2044, 0, 3, 0, 0, 0.43%, 0, 0, 1, 384.49
1606743764, 2046, 2, 3, 0, 0, 0.43%, 0, 0, 1, 384.23
1606743769, 2049, 1, 3, 0, 0, 0.43%, 0, 0, 1, 384.49
1606743774, 2052, 0, 3, 0, 0, 0.43%, 0, 0, 1, 383.02
1606743779, 2054, 1, 3, 0, 0, 0.43%, 0, 0, 1, 384.26
1606743784, 2057, 0, 3, 0, 0, 0.43%, 0, 0, 1, 384.12
1606743789, 2059, 2, 3, 0, 0, 0.43%, 0, 0, 1, 384.14
1606743795, 2062, 0, 3, 0, 0, 0.43%, 0, 0, 1, 384.36
1606743800, 2064, 2, 3, 0, 0, 0.43%, 0, 0, 1, 384.45
1606743805, 2067, 1, 3, 0, 0, 0.43%, 0, 0, 1, 383.86
1606743810, 2070, 0, 3, 0, 0, 0.43%, 0, 0, 1, 383.47
1606743815, 2072, 1, 3, 0, 0, 0.43%, 0, 0, 1, 384.01
1606743820, 2075, 0, 3, 0, 0, 0.43%, 0, 0, 1, 384.56
1606743826, 2077, 2, 3, 0, 0, 0.43%, 0, 0, 1, 384.43
1606743831, 2080, 1, 3, 0, 0, 0.43%, 0, 0, 1, 384.86
1606743836, 2082, 2, 3, 0, 0, 0.43%, 0, 0, 1, 384.52
1606743841, 2085, 1, 3, 0, 0, 0.43%, 0, 0, 1, 384.66
1606743846, 2088, 0, 3, 0, 0, 0.43%, 0, 0, 1, 385.09
1606743851, 2090, 2, 3, 0, 0, 0.43%, 0, 0, 1, 384.69
1606743856, 2093, 0, 3, 0, 0, 0.43%, 0, 0, 1, 385.00
1606743862, 2095, 2, 3, 0, 0, 0.43%, 0, 0, 1, 385.27
1606743867, 2098, 1, 3, 0, 0, 0.43%, 0, 0, 1, 384.91
1606743872, 2101, 0, 3, 0, 0, 0.43%, 0, 0, 1, 384.31
1606743877, 2103, 2, 3, 0, 0, 0.43%, 0, 0, 1, 383.96
1606743882, 2106, 0, 3, 0, 0, 0.43%, 0, 0, 1, 384.06
1606743887, 2108, 2, 3, 0, 0, 0.43%, 0, 0, 1, 385.05
1606743893, 2111, 1, 3, 0, 0, 0.43%, 0, 0, 1, 384.97
1606743898, 2113, 2, 3, 0, 0, 0.43%, 0, 0, 1, 382.83
1606743903, 2116, 1, 3, 0, 0, 0.43%, 0, 0, 1, 383.72
1606743908, 2119, 0, 3, 0, 0, 0.43%, 0, 0, 1, 384.96
1606743913, 2121, 1, 3, 0, 0, 0.43%, 0, 0, 1, 384.20
1606743918, 2124, 0, 3, 0, 0, 0.43%, 0, 0, 1, 384.74
1606743923, 2126, 2, 3, 0, 0, 0.43%, 0, 0, 1, 384.17
1606743929, 2129, 1, 3, 0, 0, 0.43%, 0, 0, 1, 384.49
1606743934, 2131, 2, 3, 0, 0, 0.43%, 0, 0, 1, 383.64
1606743939, 2134, 1, 3, 0, 0, 0.43%, 0, 0, 1, 383.76
1606743944, 2137, 0, 3, 0, 0, 0.43%, 0, 0, 1, 384.57
1606743949, 2139, 1, 3, 0, 0, 0.43%, 0, 0, 1, 384.77
1606743954, 2142, 0, 3, 0, 0, 0.43%, 0, 0, 1, 384.88
1606743959, 2144, 1, 3, 0, 0, 0.43%, 0, 0, 1, 383.92
1606743964, 2147, 0, 3, 0, 0, 0.43%, 0, 0, 1, 384.35
1606743969, 2149, 2, 3, 0, 0, 0.43%, 0, 0, 1, 384.12
1606743975, 2152, 1, 3, 0, 0, 0.43%, 0, 0, 1, 383.68
1606743980, 2154, 2, 3, 0, 0, 0.43%, 0, 0, 1, 384.35
1606743985, 2157, 1, 3, 0, 0, 0.43%, 0, 0, 1, 383.97
1606743990, 2160, 0, 3, 0, 0, 0.43%, 0, 0, 1, 383.92
1606743995, 2162, 2, 3, 0, 0, 0.43%, 0, 0, 1, 384.65
1606744000, 2165, 0, 3, 0, 0, 0.43%, 0, 0, 1, 384.58
1606744005, 2167, 2, 3, 0, 0, 0.43%, 0, 0, 1, 384.59
1606744011, 2170, 1, 3, 0, 0, 0.43%, 0, 0, 1, 384.49
1606744016, 2173, 0, 3, 0, 0, 0.43%, 0, 0, 1, 384.22
1606744021, 2175, 1, 3, 0, 0, 0.43%, 0, 0, 1, 382.65
1606744026, 2178, 0, 3, 0, 0, 0.43%, 0, 0, 1, 384.10
1606744031, 2180, 2, 3, 0, 0, 0.43%, 0, 0, 1, 384.48
1606744036, 2183, 1, 3, 0, 0, 0.43%, 0, 0, 1, 384.26
1606744042, 2185, 2, 3, 0, 0, 0.43%, 0, 0, 1, 384.06
1606744047, 2188, 1, 3, 0, 0, 0.43%, 0, 0, 1, 383.60
1606744052, 2191, 0, 3, 0, 0, 0.43%, 0, 0, 1, 384.15
1606744057, 2193, 1, 3, 0, 0, 0.43%, 0, 0, 1, 383.50
1606744062, 2196, 0, 3, 0, 0, 0.43%, 0, 0, 1, 384.39
1606744067, 2198, 2, 3, 0, 0, 0.43%, 0, 0, 1, 384.63
1606744072, 2201, 0, 3, 0, 0, 0.43%, 0, 0, 1, 383.97
1606744078, 2203, 2, 3, 0, 0, 0.43%, 0, 0, 1, 383.73
1606744083, 2206, 1, 3, 0, 0, 0.43%, 0, 0, 1, 384.82
1606744088, 2209, 0, 3, 0, 0, 0.43%, 0, 0, 1, 385.00
1606744093, 2211, 1, 3, 0, 0, 0.43%, 0, 0, 1, 384.35
1606744098, 2214, 0, 3, 0, 0, 0.43%, 0, 0, 1, 383.93
1606744103, 2216, 2, 3, 0, 0, 0.43%, 0, 0, 1, 384.49
1606744108, 2219, 1, 3, 0, 0, 0.43%, 0, 0, 1, 384.71
1606744114, 2221, 2, 3, 0, 0, 0.43%, 0, 0, 1, 383.47
1606744119, 2224, 1, 3, 0, 0, 0.43%, 0, 0, 1, 384.09
1606744124, 2227, 0, 3, 0, 0, 0.43%, 0, 0, 1, 384.49
1606744129, 2229, 2, 3, 0, 0, 0.43%, 0, 0, 1, 384.43
1606744134, 2232, 0, 3, 0, 0, 0.43%, 0, 0, 1, 383.97
1606744139, 2234, 2, 3, 0, 0, 0.43%, 0, 0, 1, 383.02
1606744145, 2237, 1, 3, 0, 0, 0.43%, 0, 0, 1, 382.61
1606744150, 2239, 2, 3, 0, 0, 0.43%, 0, 0, 1, 383.52
1606744155, 2242, 1, 3, 0, 0, 0.43%, 0, 0, 1, 384.25
1606744160, 2245, 0, 3, 0, 0, 0.43%, 0, 0, 1, 384.52
1606744165, 2247, 1, 3, 0, 0, 0.43%, 0, 0, 1, 384.36
1606744170, 2250, 0, 3, 0, 0, 0.43%, 0, 0, 1, 384.78
1606744175, 2252, 2, 3, 0, 0, 0.43%, 0, 0, 1, 384.47
1606744180, 2255, 1, 3, 0, 0, 0.43%, 0, 0, 1, 384.52
1606744186, 2257, 2, 3, 0, 0, 0.43%, 0, 0, 1, 384.75
1606744191, 2260, 1, 3, 0, 0, 0.43%, 0, 0, 1, 384.55
1606744196, 2263, 0, 3, 0, 0, 0.43%, 0, 0, 1, 384.93
1606744201, 2265, 1, 3, 0, 0, 0.43%, 0, 0, 1, 384.67
1606744206, 2268, 0, 3, 0, 0, 0.43%, 0, 0, 1, 384.61
1606744211, 2270, 2, 3, 0, 0, 0.43%, 0, 0, 1, 382.64
1606744216, 2273, 1, 3, 0, 0, 0.43%, 0, 0, 1, 384.50
1606744221, 2275, 2, 3, 0, 0, 0.43%, 0, 0, 1, 384.49
1606744227, 2278, 1, 3, 0, 0, 0.43%, 0, 0, 1, 384.91
1606744232, 2281, 0, 3, 0, 0, 0.43%, 0, 0, 1, 384.45
1606744237, 2283, 1, 3, 0, 0, 0.43%, 0, 0, 1, 384.01
1606744242, 2286, 0, 3, 0, 0, 0.43%, 0, 0, 1, 384.33
1606744247, 2288, 2, 3, 0, 0, 0.43%, 0, 0, 1, 384.25
1606744252, 2291, 0, 3, 0, 0, 0.43%, 0, 0, 1, 383.81
1606744257, 2293, 2, 3, 0, 0, 0.43%, 0, 0, 1, 383.77
1606744263, 2296, 1, 3, 0, 0, 0.43%, 0, 0, 1, 384.08
1606744268, 2299, 0, 3, 0, 0, 0.43%, 0, 0, 1, 383.36
1606744273, 2301, 2, 3, 0, 0, 0.43%, 0, 0, 1, 383.97
1606744278, 2304, 0, 3, 0, 0, 0.43%, 0, 0, 1, 384.59
1606744283, 2306, 2, 3, 0, 0, 0.43%, 0, 0, 1, 384.13
1606744289, 2309, 1, 3, 0, 0, 0.43%, 0, 0, 1, 383.65
1606744294, 2312, 0, 3, 0, 0, 0.43%, 0, 0, 1, 383.58
1606744299, 2314, 1, 3, 0, 0, 0.43%, 0, 0, 1, 384.84
1606744304, 2317, 0, 3, 0, 0, 0.43%, 0, 0, 1, 385.07
1606744309, 2319, 2, 3, 0, 0, 0.43%, 0, 0, 1, 384.48
1606744314, 2322, 0, 3, 0, 0, 0.43%, 0, 0, 1, 385.06
1606744319, 2324, 2, 3, 0, 0, 0.43%, 0, 0, 1, 385.28
1606744324, 2327, 1, 3, 0, 0, 0.43%, 0, 0, 1, 384.45
1606744330, 2329, 2, 3, 0, 0, 0.43%, 0, 0, 1, 379.89
1606744335, 2332, 1, 3, 0, 0, 0.43%, 0, 0, 1, 383.54
1606744340, 2335, 0, 3, 0, 0, 0.43%, 0, 0, 1, 384.62
1606744345, 2337, 2, 3, 0, 0, 0.43%, 0, 0, 1, 384.80
1606744350, 2340, 0, 3, 0, 0, 0.43%, 0, 0, 1, 384.93
1606744355, 2342, 2, 3, 0, 0, 0.43%, 0, 0, 1, 384.60
1606744361, 2345, 1, 3, 0, 0, 0.43%, 0, 0, 1, 384.09
1606744366, 2348, 0, 3, 0, 0, 0.43%, 0, 0, 1, 384.18
1606744371, 2350, 2, 3, 0, 0, 0.43%, 0, 0, 1, 384.47
1606744376, 2353, 0, 3, 0, 0, 0.43%, 0, 0, 1, 383.71
1606744381, 2355, 2, 3, 0, 0, 0.43%, 0, 0, 1, 383.87
1606744386, 2358, 1, 3, 0, 0, 0.43%, 0, 0, 1, 381.48
1606744392, 2360, 2, 3, 0, 0, 0.43%, 0, 0, 1, 383.54
1606744397, 2363, 1, 3, 0, 0, 0.43%, 0, 0, 1, 383.20
1606744402, 2366, 0, 3, 0, 0, 0.43%, 0, 0, 1, 384.46
1606744407, 2368, 1, 3, 0, 0, 0.43%, 0, 0, 1, 383.32
1606744412, 2371, 0, 3, 0, 0, 0.43%, 0, 0, 1, 382.77
1606744417, 2373, 2, 3, 0, 0, 0.43%, 0, 0, 1, 383.29
1606744422, 2376, 0, 3, 0, 0, 0.43%, 0, 0, 1, 379.69
1606744427, 2378, 2, 3, 0, 0, 0.43%, 0, 0, 1, 383.18
1606744432, 2381, 1, 3, 0, 0, 0.43%, 0, 0, 1, 384.01
1606744438, 2383, 2, 3, 0, 0, 0.43%, 0, 0, 1, 384.00
1606744443, 2386, 1, 3, 0, 0, 0.43%, 0, 0, 1, 380.95
1606744448, 2389, 0, 3, 0, 0, 0.43%, 0, 0, 1, 381.82
1606744453, 2391, 2, 3, 0, 0, 0.43%, 0, 0, 1, 382.10
1606744458, 2394, 0, 3, 0, 0, 0.43%, 0, 0, 1, 382.01
1606744464, 2396, 2, 3, 0, 0, 0.43%, 0, 0, 1, 382.36
1606744469, 2399, 1, 3, 0, 0, 0.43%, 0, 0, 1, 382.25
1606744474, 2401, 2, 3, 0, 0, 0.43%, 0, 0, 1, 383.90
1606744479, 2404, 1, 3, 0, 0, 0.43%, 0, 0, 1, 383.98
1606744484, 2407, 0, 3, 0, 0, 0.43%, 0, 0, 1, 382.71
1606744489, 2409, 1, 3, 0, 0, 0.43%, 0, 0, 1, 382.66
1606744494, 2412, 0, 3, 0, 0, 0.43%, 0, 0, 1, 382.43
1606744500, 2414, 2, 3, 0, 0, 0.43%, 0, 0, 1, 382.04
1606744505, 2417, 0, 3, 0, 0, 0.43%, 0, 0, 1, 381.17
1606744510, 2419, 2, 3, 0, 0, 0.43%, 0, 0, 1, 379.91
1606744515, 2422, 1, 3, 0, 0, 0.43%, 0, 0, 1, 380.52
1606744520, 2424, 2, 3, 0, 0, 0.43%, 0, 0, 1, 381.20
1606744525, 2427, 1, 3, 0, 0, 0.43%, 0, 0, 1, 381.30
1606744531, 2430, 0, 3, 0, 0, 0.43%, 0, 0, 1, 380.88
1606744536, 2432, 2, 3, 0, 0, 0.43%, 0, 0, 1, 380.61
1606744541, 2435, 0, 3, 0, 0, 0.43%, 0, 0, 1, 379.94
1606744546, 2437, 2, 3, 0, 0, 0.43%, 0, 0, 1, 380.27
1606744551, 2440, 0, 3, 0, 0, 0.43%, 0, 0, 1, 380.42
1606744556, 2442, 2, 3, 0, 0, 0.43%, 0, 0, 1, 381.12
1606744561, 2445, 1, 3, 0, 0, 0.43%, 0, 0, 1, 380.36
1606744567, 2447, 2, 3, 0, 0, 0.43%, 0, 0, 1, 374.36
1606748112, 2449, 1, 3, 0, 0, 0.43%, 0, 0, 1, 0.01
1606748117, 2451, 2, 3, 0, 0, 0.43%, 0, 0, 1, 351.09
1606748122, 2454, 0, 3, 0, 0, 0.43%, 0, 0, 1, 370.58
1606748127, 2457, 0, 3, 0, 0, 0.43%, 0, 0, 1, 391.07
1606748132, 2459, 1, 3, 0, 0, 0.43%, 0, 0, 1, 397.35
1606748138, 2462, 0, 3, 0, 0, 0.43%, 0, 0, 1, 401.77
1606748143, 2464, 2, 3, 0, 0, 0.43%, 0, 0, 1, 400.91
1606748148, 2467, 1, 3, 0, 0, 0.43%, 0, 0, 1, 394.12
1606748153, 2470, 0, 3, 0, 0, 0.43%, 0, 0, 1, 398.43
1606748158, 2472, 2, 3, 0, 0, 0.43%, 0, 0, 1, 394.09
1606748163, 2475, 1, 3, 0, 0, 0.43%, 0, 0, 1, 385.57
1606748169, 2478, 0, 3, 0, 0, 0.43%, 0, 0, 1, 397.03
1606748174, 2480, 2, 3, 0, 0, 0.43%, 0, 0, 1, 388.40
1606748179, 2483, 1, 3, 0, 0, 0.43%, 0, 0, 1, 388.71
1606748184, 2486, 0, 3, 0, 0, 0.43%, 0, 0, 1, 393.60
1606748189, 2488, 2, 3, 0, 0, 0.43%, 0, 0, 1, 399.90
1606748194, 2491, 1, 3, 0, 0, 0.43%, 0, 0, 1, 401.46
1606748200, 2494, 0, 3, 0, 0, 0.43%, 0, 0, 1, 401.79
1606748205, 2496, 2, 3, 0, 0, 0.43%, 0, 0, 1, 401.90
1606748210, 2499, 1, 3, 0, 0, 0.43%, 0, 0, 1, 395.11
1606748215, 2502, 0, 3, 0, 0, 0.43%, 0, 0, 1, 399.65
1606748220, 2504, 2, 3, 0, 0, 0.43%, 0, 0, 1, 396.60
1606748225, 2507, 1, 3, 0, 0, 0.43%, 0, 0, 1, 400.95
1606748231, 2510, 0, 3, 0, 0, 0.43%, 0, 0, 1, 376.71
1606748236, 2512, 2, 3, 0, 0, 0.43%, 0, 0, 1, 384.73
1606748241, 2515, 1, 3, 0, 0, 0.43%, 0, 0, 1, 396.13
1606748246, 2518, 0, 3, 0, 0, 0.43%, 0, 0, 1, 387.42
1606748251, 2520, 1, 3, 0, 0, 0.43%, 0, 0, 1, 390.33
1606748256, 2523, 0, 3, 0, 0, 0.43%, 0, 0, 1, 359.99
1606748261, 2525, 0, 3, 0, 0, 0.43%, 0, 0, 1, 354.87
1606748266, 2527, 2, 3, 0, 0, 0.43%, 0, 0, 1, 379.62
1606748271, 2530, 0, 3, 0, 0, 0.43%, 0, 0, 1, 378.99
1606748277, 2532, 2, 3, 0, 0, 0.43%, 0, 0, 1, 369.61
1606748282, 2535, 0, 3, 0, 0, 0.43%, 0, 0, 1, 382.51
1606748287, 2537, 2, 3, 0, 0, 0.43%, 0, 0, 1, 386.05
1606748292, 2540, 1, 3, 0, 0, 0.43%, 0, 0, 1, 390.81
1606748297, 2543, 0, 3, 0, 0, 0.43%, 0, 0, 1, 392.07
1606748302, 2545, 1, 3, 0, 0, 0.43%, 0, 0, 1, 391.88
1606748307, 2548, 0, 3, 0, 0, 0.43%, 0, 0, 1, 382.94
1606748312, 2550, 1, 3, 0, 0, 0.43%, 0, 0, 1, 376.80
1606748317, 2553, 0, 3, 0, 0, 0.43%, 0, 0, 1, 383.35
1606748322, 2555, 1, 3, 0, 0, 0.43%, 0, 0, 1, 376.58
1606748327, 2558, 0, 3, 0, 0, 0.43%, 0, 0, 1, 384.86
1606748332, 2560, 1, 3, 0, 0, 0.43%, 0, 0, 1, 371.31
1606748337, 2562, 2, 3, 0, 0, 0.43%, 0, 0, 1, 373.04
1606748342, 2565, 1, 3, 0, 0, 0.43%, 0, 0, 1, 367.90
1606748347, 2567, 2, 3, 0, 0, 0.43%, 0, 0, 1, 382.53
1606748352, 2570, 1, 3, 0, 0, 0.43%, 0, 0, 1, 381.91
1606748358, 2573, 0, 3, 0, 0, 0.43%, 0, 0, 1, 372.75
1606748363, 2575, 1, 3, 0, 0, 0.43%, 0, 0, 1, 358.38
1606748368, 2577, 2, 3, 0, 0, 0.43%, 0, 0, 1, 359.12
1606748373, 2580, 0, 3, 0, 0, 0.43%, 0, 0, 1, 369.04
1606748378, 2582, 1, 3, 0, 0, 0.43%, 0, 0, 1, 378.08
1606748383, 2585, 0, 3, 0, 0, 0.43%, 0, 0, 1, 372.05
1606748388, 2587, 1, 3, 0, 0, 0.43%, 0, 0, 1, 368.74
1606748393, 2589, 2, 3, 0, 0, 0.43%, 0, 0, 1, 366.37
1606748398, 2592, 1, 3, 0, 0, 0.43%, 0, 0, 1, 375.94
1606748403, 2594, 2, 3, 0, 0, 0.43%, 0, 0, 1, 383.68
1606748408, 2597, 1, 3, 0, 0, 0.43%, 0, 0, 1, 381.75
1606748413, 2599, 2, 3, 0, 0, 0.43%, 0, 0, 1, 363.09
1606748419, 2602, 1, 3, 0, 0, 0.43%, 0, 0, 1, 372.95
1606748424, 2604, 2, 3, 0, 0, 0.43%, 0, 0, 1, 380.88
1606748429, 2607, 1, 3, 0, 0, 0.43%, 0, 0, 1, 385.88
1606748434, 2609, 2, 3, 0, 0, 0.43%, 0, 0, 1, 377.74
1606748439, 2612, 0, 3, 0, 0, 0.43%, 0, 0, 1, 371.34
1606748444, 2614, 2, 3, 0, 0, 0.43%, 0, 0, 1, 382.99
1606748449, 2617, 1, 3, 0, 0, 0.43%, 0, 0, 1, 389.33
1606748454, 2619, 2, 3, 0, 0, 0.43%, 0, 0, 1, 390.07
1606748459, 2622, 1, 3, 0, 0, 0.43%, 0, 0, 1, 391.28
1606748464, 2625, 0, 3, 0, 0, 0.43%, 0, 0, 1, 390.56
1606748469, 2627, 1, 3, 0, 0, 0.43%, 0, 0, 1, 377.28
1606748474, 2629, 2, 3, 0, 0, 0.43%, 0, 0, 1, 366.71
1606748479, 2632, 0, 3, 0, 0, 0.43%, 0, 0, 1, 377.31
1606748484, 2634, 2, 3, 0, 0, 0.43%, 0, 0, 1, 383.04
1606748489, 2637, 1, 3, 0, 0, 0.43%, 0, 0, 1, 381.10
1606748494, 2639, 2, 3, 0, 0, 0.43%, 0, 0, 1, 374.94
1606748499, 2642, 1, 3, 0, 0, 0.43%, 0, 0, 1, 382.44
1606748504, 2644, 2, 3, 0, 0, 0.43%, 0, 0, 1, 379.99
1606748509, 2647, 0, 3, 0, 0, 0.43%, 0, 0, 1, 377.39
1606748514, 2649, 2, 3, 0, 0, 0.43%, 0, 0, 1, 381.77
1606748519, 2652, 1, 3, 0, 0, 0.43%, 0, 0, 1, 384.75
1606748524, 2654, 2, 3, 0, 0, 0.43%, 0, 0, 1, 386.27
1606748529, 2657, 1, 3, 0, 0, 0.43%, 0, 0, 1, 384.29
1606748534, 2659, 2, 3, 0, 0, 0.43%, 0, 0, 1, 385.10
1606748539, 2662, 1, 3, 0, 0, 0.43%, 0, 0, 1, 384.98
1606748545, 2665, 0, 3, 0, 0, 0.43%, 0, 0, 1, 370.18
1606748550, 2667, 1, 3, 0, 0, 0.43%, 0, 0, 1, 373.23
1606748555, 2670, 0, 3, 0, 0, 0.43%, 0, 0, 1, 376.27
1606748560, 2672, 1, 3, 0, 0, 0.43%, 0, 0, 1, 375.20
1606748565, 2675, 0, 3, 0, 0, 0.43%, 0, 0, 1, 372.67
1606748570, 2677, 1, 3, 0, 0, 0.43%, 0, 0, 1, 371.21
1606748575, 2680, 0, 3, 0, 0, 0.43%, 0, 0, 1, 380.74
1606748581, 2682, 1, 3, 0, 0, 0.43%, 0, 0, 1, 384.30
1606748586, 2685, 0, 3, 0, 0, 0.43%, 0, 0, 1, 382.80
1606748591, 2687, 1, 3, 0, 0, 0.43%, 0, 0, 1, 373.37
1606748596, 2690, 0, 3, 0, 0, 0.43%, 0, 0, 1, 378.97
1606748601, 2692, 1, 3, 0, 0, 0.43%, 0, 0, 1, 383.33
1606748606, 2695, 0, 3, 0, 0, 0.43%, 0, 0, 1, 384.83
1606748611, 2697, 1, 3, 0, 0, 0.43%, 0, 0, 1, 357.67
1606748616, 2699, 1, 3, 0, 0, 0.43%, 0, 0, 1, 303.96
1606748621, 2701, 1, 3, 0, 0, 0.43%, 0, 0, 1, 289.90
1606748626, 2703, 1, 3, 0, 0, 0.43%, 0, 0, 1, 285.14
1606748631, 2705, 0, 3, 0, 0, 0.43%, 0, 0, 1, 286.39
1606748637, 2707, 1, 3, 0, 0, 0.43%, 0, 0, 1, 329.97
1606748642, 2710, 0, 3, 0, 0, 0.43%, 0, 0, 1, 373.33
1606748647, 2712, 1, 3, 0, 0, 0.43%, 0, 0, 1, 379.86
1606748652, 2715, 0, 3, 0, 0, 0.43%, 0, 0, 1, 383.50
1606748657, 2717, 1, 3, 0, 0, 0.43%, 0, 0, 1, 383.42
1606748662, 2720, 0, 3, 0, 0, 0.43%, 0, 0, 1, 384.09
1606748667, 2722, 2, 3, 0, 0, 0.43%, 0, 0, 1, 379.45
1606748673, 2725, 1, 3, 0, 0, 0.43%, 0, 0, 1, 382.76
1606748678, 2727, 2, 3, 0, 0, 0.43%, 0, 0, 1, 383.33
1606748683, 2730, 1, 3, 0, 0, 0.43%, 0, 0, 1, 384.11
1606748688, 2732, 2, 3, 0, 0, 0.43%, 0, 0, 1, 374.49
1606748693, 2735, 1, 3, 0, 0, 0.43%, 0, 0, 1, 376.77
1606748698, 2738, 0, 3, 0, 0, 0.43%, 0, 0, 1, 383.39
1606748703, 2740, 1, 3, 0, 0, 0.43%, 0, 0, 1, 377.81
1606748708, 2742, 2, 3, 0, 0, 0.43%, 0, 0, 1, 372.06
1606748713, 2745, 1, 3, 0, 0, 0.43%, 0, 0, 1, 364.15
1606748718, 2747, 2, 3, 0, 0, 0.43%, 0, 0, 1, 368.26
1606748723, 2750, 0, 3, 0, 0, 0.43%, 0, 0, 1, 373.89
1606748729, 2752, 2, 3, 0, 0, 0.43%, 0, 0, 1, 371.07
1606748734, 2755, 0, 3, 0, 0, 0.43%, 0, 0, 1, 368.92
1606748739, 2757, 1, 3, 0, 0, 0.43%, 0, 0, 1, 372.46
1606748744, 2760, 0, 3, 0, 0, 0.43%, 0, 0, 1, 381.01
1606748749, 2762, 1, 3, 0, 0, 0.43%, 0, 0, 1, 378.40
1606748754, 2765, 0, 3, 0, 0, 0.43%, 0, 0, 1, 371.00
1606748759, 2767, 1, 3, 0, 0, 0.43%, 0, 0, 1, 378.89
1606748764, 2769, 2, 3, 0, 0, 0.43%, 0, 0, 1, 369.51
1606748769, 2772, 1, 3, 0, 0, 0.43%, 0, 0, 1, 368.05
1606748774, 2774, 2, 3, 0, 0, 0.43%, 0, 0, 1, 355.12
1606748779, 2777, 0, 3, 0, 0, 0.43%, 0, 0, 1, 372.26
1606748784, 2779, 1, 3, 0, 0, 0.43%, 0, 0, 1, 358.26
1606748790, 2782, 0, 3, 0, 0, 0.43%, 0, 0, 1, 371.26
1606748795, 2784, 1, 3, 0, 0, 0.43%, 0, 0, 1, 368.04
1606748800, 2786, 2, 3, 0, 0, 0.43%, 0, 0, 1, 371.34
1606748805, 2789, 0, 3, 0, 0, 0.43%, 0, 0, 1, 359.62
1606748810, 2791, 2, 3, 0, 0, 0.43%, 0, 0, 1, 369.82
1606748815, 2794, 0, 3, 0, 0, 0.43%, 0, 0, 1, 364.16
1606748820, 2796, 1, 3, 0, 0, 0.43%, 0, 0, 1, 363.21
1606748825, 2798, 2, 3, 0, 0, 0.43%, 0, 0, 1, 362.01
1606748830, 2801, 0, 3, 0, 0, 0.43%, 0, 0, 1, 355.17
1606748835, 2803, 1, 3, 0, 0, 0.43%, 0, 0, 1, 365.14
1606748840, 2805, 2, 3, 0, 0, 0.43%, 0, 0, 1, 362.82
1606748845, 2808, 0, 3, 0, 0, 0.43%, 0, 0, 1, 350.81
1606748850, 2810, 1, 3, 0, 0, 0.43%, 0, 0, 1, 361.63
1606748855, 2813, 0, 3, 0, 0, 0.43%, 0, 0, 1, 361.62
1606748860, 2815, 1, 3, 0, 0, 0.43%, 0, 0, 1, 356.64
1606748865, 2817, 2, 3, 0, 0, 0.43%, 0, 0, 1, 360.17
1606748870, 2820, 0, 3, 0, 0, 0.43%, 0, 0, 1, 363.02
1606748876, 2822, 1, 3, 0, 0, 0.43%, 0, 0, 1, 362.55
1606748881, 2824, 2, 3, 0, 0, 0.43%, 0, 0, 1, 357.81
1606748886, 2827, 0, 3, 0, 0, 0.43%, 0, 0, 1, 355.97
1606748891, 2829, 1, 3, 0, 0, 0.43%, 0, 0, 1, 361.85
1606748896, 2831, 2, 3, 0, 0, 0.43%, 0, 0, 1, 357.13
1606748901, 2834, 1, 3, 0, 0, 0.43%, 0, 0, 1, 364.69
1606748906, 2836, 2, 3, 0, 0, 0.43%, 0, 0, 1, 358.02
1606748911, 2839, 0, 3, 0, 0, 0.43%, 0, 0, 1, 354.97
1606748916, 2841, 0, 3, 0, 0, 0.43%, 0, 0, 1, 355.95
1606748921, 2843, 2, 3, 0, 0, 0.43%, 0, 0, 1, 366.52
1606748926, 2846, 0, 3, 0, 0, 0.43%, 0, 0, 1, 343.97
1606748931, 2847, 2, 3, 0, 0, 0.43%, 0, 0, 1, 297.31
1606748936, 2850, 0, 3, 0, 0, 0.43%, 0, 0, 1, 356.99
1606748941, 2852, 2, 3, 0, 0, 0.43%, 0, 0, 1, 359.74
1606748946, 2855, 0, 3, 0, 0, 0.43%, 0, 0, 1, 370.84
1606748951, 2857, 1, 3, 0, 0, 0.43%, 0, 0, 1, 375.10
1606748956, 2860, 0, 3, 0, 0, 0.43%, 0, 0, 1, 352.05
1606748962, 2862, 0, 3, 0, 0, 0.43%, 0, 0, 1, 339.93
1606748967, 2864, 2, 3, 0, 0, 0.43%, 0, 0, 1, 359.98
1606748972, 2867, 0, 3, 0, 0, 0.43%, 0, 0, 1, 360.07
1606748977, 2869, 1, 3, 0, 0, 0.43%, 0, 0, 1, 366.14
1606748982, 2871, 2, 3, 0, 0, 0.43%, 0, 0, 1, 364.60
1606748987, 2874, 0, 3, 0, 0, 0.43%, 0, 0, 1, 355.89
1606748992, 2876, 1, 3, 0, 0, 0.43%, 0, 0, 1, 354.57
1606748997, 2878, 2, 3, 0, 0, 0.43%, 0, 0, 1, 343.90
1606749002, 2881, 0, 3, 0, 0, 0.43%, 0, 0, 1, 342.61
1606749008, 2883, 1, 3, 0, 0, 0.43%, 0, 0, 1, 348.16
1606749013, 2885, 2, 3, 0, 0, 0.43%, 0, 0, 1, 349.52
1606749018, 2888, 0, 3, 0, 0, 0.43%, 0, 0, 1, 338.16
1606749023, 2890, 1, 3, 0, 0, 0.43%, 0, 0, 1, 349.92
1606749028, 2892, 1, 3, 0, 0, 0.43%, 0, 0, 1, 351.86
1606749033, 2894, 2, 3, 0, 0, 0.43%, 0, 0, 1, 349.16
1606749038, 2897, 1, 3, 0, 0, 0.43%, 0, 0, 1, 350.21
1606749043, 2899, 1, 3, 0, 0, 0.43%, 0, 0, 1, 353.23
1606749048, 2902, 0, 3, 0, 0, 0.43%, 0, 0, 1, 355.07
1606749053, 2904, 1, 3, 0, 0, 0.43%, 0, 0, 1, 356.03
1606749058, 2906, 2, 3, 0, 0, 0.43%, 0, 0, 1, 358.58
1606749063, 2909, 0, 3, 0, 0, 0.43%, 0, 0, 1, 357.28
1606749068, 2911, 1, 3, 0, 0, 0.43%, 0, 0, 1, 360.34
1606749073, 2913, 2, 3, 0, 0, 0.43%, 0, 0, 1, 357.25
1606749078, 2916, 0, 3, 0, 0, 0.43%, 0, 0, 1, 354.89
1606749083, 2918, 1, 3, 0, 0, 0.43%, 0, 0, 1, 356.33
1606749088, 2920, 2, 3, 0, 0, 0.43%, 0, 0, 1, 347.88
1606749093, 2923, 0, 3, 0, 0, 0.43%, 0, 0, 1, 355.78
1606749099, 2925, 1, 3, 0, 0, 0.43%, 0, 0, 1, 359.31
1606749104, 2927, 2, 3, 0, 0, 0.43%, 0, 0, 1, 356.93
1606749109, 2930, 0, 3, 0, 0, 0.43%, 0, 0, 1, 353.66
1606749114, 2932, 1, 3, 0, 0, 0.43%, 0, 0, 1, 358.10
1606749119, 2934, 2, 3, 0, 0, 0.43%, 0, 0, 1, 361.01
1606749124, 2937, 0, 3, 0, 0, 0.43%, 0, 0, 1, 362.90
1606749129, 2939, 1, 3, 0, 0, 0.43%, 0, 0, 1, 355.14
1606749134, 2941, 2, 3, 0, 0, 0.43%, 0, 0, 1, 356.42
1606749139, 2944, 0, 3, 0, 0, 0.43%, 0, 0, 1, 351.46
1606749144, 2946, 1, 3, 0, 0, 0.43%, 0, 0, 1, 351.46
1606749149, 2948, 2, 3, 0, 0, 0.43%, 0, 0, 1, 358.68
1606749154, 2951, 0, 3, 0, 0, 0.43%, 0, 0, 1, 356.22
1606749159, 2953, 1, 3, 0, 0, 0.43%, 0, 0, 1, 361.29
1606749164, 2955, 2, 3, 0, 0, 0.43%, 0, 0, 1, 359.89
1606749169, 2958, 0, 3, 0, 0, 0.43%, 0, 0, 1, 357.97
1606749174, 2960, 1, 3, 0, 0, 0.43%, 0, 0, 1, 356.01
1606749179, 2962, 2, 3, 0, 0, 0.43%, 0, 0, 1, 360.15
1606749184, 2965, 0, 3, 0, 0, 0.43%, 0, 0, 1, 361.21
1606749189, 2967, 2, 3, 0, 0, 0.43%, 0, 0, 1, 361.04
1606749194, 2970, 0, 3, 0, 0, 0.43%, 0, 0, 1, 364.14
1606749199, 2972, 1, 3, 0, 0, 0.43%, 0, 0, 1, 360.41
1606749204, 2974, 2, 3, 0, 0, 0.43%, 0, 0, 1, 362.00
1606749210, 2977, 0, 3, 0, 0, 0.43%, 0, 0, 1, 356.26
1606749215, 2979, 1, 3, 0, 0, 0.43%, 0, 0, 1, 354.98
1606749220, 2981, 2, 3, 0, 0, 0.43%, 0, 0, 1, 358.89
1606749225, 2984, 0, 3, 0, 0, 0.43%, 0, 0, 1, 362.97
1606749230, 2986, 1, 3, 0, 0, 0.43%, 0, 0, 1, 357.85
1606749235, 2988, 2, 3, 0, 0, 0.43%, 0, 0, 1, 348.09
1606749240, 2991, 0, 3, 0, 0, 0.43%, 0, 0, 1, 350.91
1606749245, 2993, 1, 3, 0, 0, 0.43%, 0, 0, 1, 350.38
1606749250, 2995, 2, 3, 0, 0, 0.43%, 0, 0, 1, 345.50
1606749255, 2998, 0, 3, 0, 0, 0.43%, 0, 0, 1, 355.82
1606749260, 3000, 1, 3, 0, 0, 0.43%, 0, 0, 1, 356.26
1606749265, 3002, 2, 3, 0, 0, 0.43%, 0, 0, 1, 357.23
1606749270, 3005, 0, 3, 0, 0, 0.43%, 0, 0, 1, 358.31
1606749275, 3007, 1, 3, 0, 0, 0.43%, 0, 0, 1, 360.09
1606749280, 3009, 2, 3, 0, 0, 0.43%, 0, 0, 1, 361.56
1606749285, 3012, 0, 3, 0, 0, 0.43%, 0, 0, 1, 361.24
1606749291, 3014, 2, 3, 0, 0, 0.43%, 0, 0, 1, 356.16
1606749296, 3017, 0, 3, 0, 0, 0.43%, 0, 0, 1, 356.57
1606749301, 3019, 1, 3, 0, 0, 0.43%, 0, 0, 1, 356.30
1606749306, 3021, 1, 3, 0, 0, 0.43%, 0, 0, 1, 348.25
1606749311, 3023, 2, 3, 0, 0, 0.43%, 0, 0, 1, 355.82
1606749316, 3026, 1, 3, 0, 0, 0.43%, 0, 0, 1, 358.72
1606749321, 3028, 2, 3, 0, 0, 0.43%, 0, 0, 1, 357.02
1606749326, 3031, 0, 3, 0, 0, 0.43%, 0, 0, 1, 355.84
1606749331, 3033, 1, 3, 0, 0, 0.43%, 0, 0, 1, 361.11
1606749336, 3035, 2, 3, 0, 0, 0.43%, 0, 0, 1, 363.24
