# unix_time, cycles_done, cur_path, paths_total, pending_total, pending_favs, map_size, unique_crashes, unique_hangs, max_depth, execs_per_sec
1606739510, 0, 0, 3, 3, 1, 0.43%, 0, 0, 1, 585.37
1606739515, 2, 2, 3, 0, 0, 0.43%, 0, 0, 1, 405.57
1606739521, 5, 0, 3, 0, 0, 0.43%, 0, 0, 1, 369.34
1606739526, 7, 2, 3, 0, 0, 0.43%, 0, 0, 1, 367.52
1606739531, 10, 0, 3, 0, 0, 0.43%, 0, 0, 1, 370.39
1606739536, 12, 1, 3, 0, 0, 0.43%, 0, 0, 1, 369.37
1606739541, 14, 2, 3, 0, 0, 0.43%, 0, 0, 1, 370.08
1606739546, 17, 1, 3, 0, 0, 0.43%, 0, 0, 1, 371.35
1606739551, 19, 2, 3, 0, 0, 0.43%, 0, 0, 1, 370.25
1606739556, 22, 0, 3, 0, 0, 0.43%, 0, 0, 1, 362.22
1606739561, 24, 1, 3, 0, 0, 0.43%, 0, 0, 1, 360.18
1606739566, 26, 2, 3, 0, 0, 0.43%, 0, 0, 1, 362.56
1606739571, 29, 0, 3, 0, 0, 0.43%, 0, 0, 1, 335.27
1606739576, 31, 1, 3, 0, 0, 0.43%, 0, 0, 1, 333.79
1606739581, 33, 1, 3, 0, 0, 0.43%, 0, 0, 1, 341.35
1606739586, 35, 2, 3, 0, 0, 0.43%, 0, 0, 1, 340.19
1606739591, 38, 0, 3, 0, 0, 0.43%, 0, 0, 1, 351.83
1606739596, 40, 1, 3, 0, 0, 0.43%, 0, 0, 1, 347.19
1606739601, 42, 2, 3, 0, 0, 0.43%, 0, 0, 1, 351.56
1606739606, 45, 0, 3, 0, 0, 0.43%, 0, 0, 1, 355.14
1606739611, 47, 1, 3, 0, 0, 0.43%, 0, 0, 1, 355.90
1606739617, 49, 2, 3, 0, 0, 0.43%, 0, 0, 1, 355.17
1606739622, 52, 0, 3, 0, 0, 0.43%, 0, 0, 1, 359.79
1606739627, 54, 1, 3, 0, 0, 0.43%, 0, 0, 1, 334.61
1606739632, 56, 2, 3, 0, 0, 0.43%, 0, 0, 1, 340.42
1606739637, 58, 1, 3, 0, 0, 0.43%, 0, 0, 1, 280.08
1606739642, 60, 1, 3, 0, 0, 0.43%, 0, 0, 1, 319.59
1606739647, 62, 2, 3, 0, 0, 0.43%, 0, 0, 1, 340.04
1606739652, 65, 0, 3, 0, 0, 0.43%, 0, 0, 1, 348.30
1606739657, 67, 1, 3, 0, 0, 0.43%, 0, 0, 1, 357.36
1606739662, 69, 2, 3, 0, 0, 0.43%, 0, 0, 1, 342.18
1606739667, 72, 0, 3, 0, 0, 0.43%, 0, 0, 1, 345.02
1606739672, 74, 1, 3, 0, 0, 0.43%, 0, 0, 1, 340.71
1606739677, 76, 2, 3, 0, 0, 0.43%, 0, 0, 1, 350.29
1606739682, 78, 1, 3, 0, 0, 0.43%, 0, 0, 1, 282.43
1606739688, 80, 1, 3, 0, 0, 0.43%, 0, 0, 1, 285.10
1606739693, 82, 2, 3, 0, 0, 0.43%, 0, 0, 1, 329.85
1606739698, 84, 2, 3, 0, 0, 0.43%, 0, 0, 1, 333.47
1606739703, 87, 0, 3, 0, 0, 0.43%, 0, 0, 1, 337.82
1606739708, 89, 0, 3, 0, 0, 0.43%, 0, 0, 1, 333.61
1606739713, 91, 1, 3, 0, 0, 0.43%, 0, 0, 1, 358.79
1606739718, 94, 0, 3, 0, 0, 0.43%, 0, 0, 1, 363.75
1606739723, 96, 1, 3, 0, 0, 0.43%, 0, 0, 1, 345.78
1606739728, 98, 1, 3, 0, 0, 0.43%, 0, 0, 1, 349.11
1606739733, 100, 2, 3, 0, 0, 0.43%, 0, 0, 1, 358.11
1606739738, 103, 0, 3, 0, 0, 0.43%, 0, 0, 1, 346.20
1606739743, 105, 1, 3, 0, 0, 0.43%, 0, 0, 1, 353.76
1606739748, 107, 2, 3, 0, 0, 0.43%, 0, 0, 1, 343.49
1606739753, 110, 0, 3, 0, 0, 0.43%, 0, 0, 1, 340.87
1606739758, 112, 0, 3, 0, 0, 0.43%, 0, 0, 1, 302.92
1606739763, 114, 0, 3, 0, 0, 0.43%, 0, 0, 1, 317.21
1606739768, 116, 1, 3, 0, 0, 0.43%, 0, 0, 1, 336.39
1606739773, 118, 2, 3, 0, 0, 0.43%, 0, 0, 1, 353.56
1606739778, 121, 0, 3, 0, 0, 0.43%, 0, 0, 1, 353.87
1606739784, 123, 1, 3, 0, 0, 0.43%, 0, 0, 1, 357.26
1606739789, 125, 2, 3, 0, 0, 0.43%, 0, 0, 1, 355.21
1606739794, 128, 0, 3, 0, 0, 0.43%, 0, 0, 1, 357.38
1606739799, 130, 1, 3, 0, 0, 0.43%, 0, 0, 1, 360.74
1606739804, 132, 2, 3, 0, 0, 0.43%, 0, 0, 1, 362.35
1606739809, 135, 0, 3, 0, 0, 0.43%, 0, 0, 1, 362.85
1606739814, 137, 2, 3, 0, 0, 0.43%, 0, 0, 1, 360.62
1606739819, 140, 0, 3, 0, 0, 0.43%, 0, 0, 1, 362.00
1606739824, 142, 1, 3, 0, 0, 0.43%, 0, 0, 1, 363.33
1606739829, 144, 2, 3, 0, 0, 0.43%, 0, 0, 1, 361.70
1606739834, 147, 0, 3, 0, 0, 0.43%, 0, 0, 1, 364.96
1606739839, 149, 1, 3, 0, 0, 0.43%, 0, 0, 1, 365.58
1606739844, 151, 2, 3, 0, 0, 0.43%, 0, 0, 1, 364.38
1606739849, 154, 1, 3, 0, 0, 0.43%, 0, 0, 1, 363.74
1606739854, 156, 2, 3, 0, 0, 0.43%, 0, 0, 1, 362.20
1606739859, 159, 0, 3, 0, 0, 0.43%, 0, 0, 1, 365.09
1606739864, 161, 1, 3, 0, 0, 0.43%, 0, 0, 1, 363.93
1606739869, 163, 2, 3, 0, 0, 0.43%, 0, 0, 1, 344.18
1606739874, 166, 0, 3, 0, 0, 0.43%, 0, 0, 1, 359.51
1606739879, 168, 1, 3, 0, 0, 0.43%, 0, 0, 1, 367.67
1606739885, 171, 0, 3, 0, 0, 0.43%, 0, 0, 1, 369.18
1606739890, 173, 1, 3, 0, 0, 0.43%, 0, 0, 1, 368.24
1606739895, 175, 2, 3, 0, 0, 0.43%, 0, 0, 1, 355.77
1606739900, 178, 0, 3, 0, 0, 0.43%, 0, 0, 1, 357.58
1606739905, 180, 1, 3, 0, 0, 0.43%, 0, 0, 1, 356.82
1606739910, 182, 2, 3, 0, 0, 0.43%, 0, 0, 1, 362.38
1606739915, 185, 0, 3, 0, 0, 0.43%, 0, 0, 1, 349.97
1606739920, 187, 1, 3, 0, 0, 0.43%, 0, 0, 1, 339.01
1606739925, 189, 2, 3, 0, 0, 0.43%, 0, 0, 1, 351.52
1606739930, 192, 0, 3, 0, 0, 0.43%, 0, 0, 1, 350.07
1606739935, 194, 1, 3, 0, 0, 0.43%, 0, 0, 1, 339.45
1606739941, 196, 2, 3, 0, 0, 0.43%, 0, 0, 1, 342.12
1606739946, 198, 2, 3, 0, 0, 0.43%, 0, 0, 1, 312.13
1606739951, 201, 0, 3, 0, 0, 0.43%, 0, 0, 1, 335.66
1606739956, 203, 0, 3, 0, 0, 0.43%, 0, 0, 1, 344.70
1606739961, 205, 1, 3, 0, 0, 0.43%, 0, 0, 1, 358.95
1606739966, 207, 2, 3, 0, 0, 0.43%, 0, 0, 1, 361.29
1606739971, 210, 0, 3, 0, 0, 0.43%, 0, 0, 1, 344.34
1606739976, 212, 1, 3, 0, 0, 0.43%, 0, 0, 1, 353.08
1606739981, 214, 2, 3, 0, 0, 0.43%, 0, 0, 1, 351.72
1606739986, 217, 0, 3, 0, 0, 0.43%, 0, 0, 1, 354.11
1606739991, 219, 1, 3, 0, 0, 0.43%, 0, 0, 1, 355.53
1606739996, 221, 2, 3, 0, 0, 0.43%, 0, 0, 1, 352.84
1606740001, 224, 0, 3, 0, 0, 0.43%, 0, 0, 1, 356.22
1606740006, 226, 0, 3, 0, 0, 0.43%, 0, 0, 1, 308.19
1606740012, 228, 0, 3, 0, 0, 0.43%, 0, 0, 1, 307.25
1606740017, 230, 1, 3, 0, 0, 0.43%, 0, 0, 1, 315.08
1606740022, 232, 1, 3, 0, 0, 0.43%, 0, 0, 1, 333.71
1606740027, 234, 2, 3, 0, 0, 0.43%, 0, 0, 1, 335.85
1606740032, 237, 0, 3, 0, 0, 0.43%, 0, 0, 1, 334.64
1606740037, 239, 1, 3, 0, 0, 0.43%, 0, 0, 1, 345.88
1606740042, 241, 2, 3, 0, 0, 0.43%, 0, 0, 1, 360.79
1606740047, 244, 0, 3, 0, 0, 0.43%, 0, 0, 1, 346.00
1606740052, 246, 1, 3, 0, 0, 0.43%, 0, 0, 1, 359.00
1606740057, 248, 2, 3, 0, 0, 0.43%, 0, 0, 1, 360.36
1606740062, 251, 0, 3, 0, 0, 0.43%, 0, 0, 1, 344.08
1606740068, 253, 1, 3, 0, 0, 0.43%, 0, 0, 1, 353.99
1606740073, 255, 2, 3, 0, 0, 0.43%, 0, 0, 1, 342.72
1606740078, 258, 0, 3, 0, 0, 0.43%, 0, 0, 1, 346.84
1606740083, 260, 1, 3, 0, 0, 0.43%, 0, 0, 1, 344.02
1606740088, 262, 2, 3, 0, 0, 0.43%, 0, 0, 1, 349.61
1606740093, 265, 0, 3, 0, 0, 0.43%, 0, 0, 1, 356.04
1606740099, 267, 2, 3, 0, 0, 0.43%, 0, 0, 1, 363.79
1606740104, 270, 0, 3, 0, 0, 0.43%, 0, 0, 1, 358.13
1606740109, 272, 1, 3, 0, 0, 0.43%, 0, 0, 1, 364.61
1606740114, 274, 2, 3, 0, 0, 0.43%, 0, 0, 1, 355.99
1606740119, 277, 1, 3, 0, 0, 0.43%, 0, 0, 1, 362.61
1606740124, 279, 2, 3, 0, 0, 0.43%, 0, 0, 1, 368.66
1606740129, 282, 0, 3, 0, 0, 0.43%, 0, 0, 1, 358.39
1606740134, 284, 1, 3, 0, 0, 0.43%, 0, 0, 1, 352.05
1606740139, 286, 2, 3, 0, 0, 0.43%, 0, 0, 1, 345.46
1606740144, 289, 0, 3, 0, 0, 0.43%, 0, 0, 1, 337.39
1606740149, 291, 0, 3, 0, 0, 0.43%, 0, 0, 1, 351.86
1606740154, 293, 1, 3, 0, 0, 0.43%, 0, 0, 1, 340.91
1606740159, 295, 2, 3, 0, 0, 0.43%, 0, 0, 1, 342.91
1606740165, 298, 0, 3, 0, 0, 0.43%, 0, 0, 1, 353.05
1606740170, 300, 2, 3, 0, 0, 0.43%, 0, 0, 1, 359.93
1606740175, 302, 2, 3, 0, 0, 0.43%, 0, 0, 1, 349.13
1606740180, 304, 2, 3, 0, 0, 0.43%, 0, 0, 1, 290.03
1606740185, 306, 2, 3, 0, 0, 0.43%, 0, 0, 1, 304.66
1606740190, 309, 0, 3, 0, 0, 0.43%, 0, 0, 1, 360.94
1606740195, 311, 2, 3, 0, 0, 0.43%, 0, 0, 1, 361.71
1606740200, 314, 0, 3, 0, 0, 0.43%, 0, 0, 1, 364.98
1606740206, 316, 2, 3, 0, 0, 0.43%, 0, 0, 1, 370.97
1606740211, 319, 0, 3, 0, 0, 0.43%, 0, 0, 1, 358.89
1606740216, 321, 1, 3, 0, 0, 0.43%, 0, 0, 1, 362.35
1606740221, 323, 2, 3, 0, 0, 0.43%, 0, 0, 1, 357.41
1606740226, 326, 0, 3, 0, 0, 0.43%, 0, 0, 1, 371.65
1606740231, 328, 2, 3, 0, 0, 0.43%, 0, 0, 1, 374.13
1606740236, 331, 0, 3, 0, 0, 0.43%, 0, 0, 1, 372.08
1606740241, 333, 2, 3, 0, 0, 0.43%, 0, 0, 1, 372.85
1606740246, 336, 0, 3, 0, 0, 0.43%, 0, 0, 1, 371.05
1606740251, 338, 1, 3, 0, 0, 0.43%, 0, 0, 1, 351.70
1606740256, 340, 2, 3, 0, 0, 0.43%, 0, 0, 1, 352.45
1606740262, 343, 0, 3, 0, 0, 0.43%, 0, 0, 1, 355.59
1606740267, 345, 1, 3, 0, 0, 0.43%, 0, 0, 1, 344.31
1606740272, 347, 2, 3, 0, 0, 0.43%, 0, 0, 1, 326.78
1606740277, 349, 2, 3, 0, 0, 0.43%, 0, 0, 1, 327.69
1606740282, 351, 2, 3, 0, 0, 0.43%, 0, 0, 1, 322.57
1606740287, 354, 0, 3, 0, 0, 0.43%, 0, 0, 1, 360.58
1606740292, 356, 2, 3, 0, 0, 0.43%, 0, 0, 1, 360.91
1606740297, 359, 0, 3, 0, 0, 0.43%, 0, 0, 1, 359.69
1606740302, 361, 1, 3, 0, 0, 0.43%, 0, 0, 1, 353.68
1606740307, 363, 1, 3, 0, 0, 0.43%, 0, 0, 1, 334.47
1606740312, 365, 1, 3, 0, 0, 0.43%, 0, 0, 1, 315.99
1606740317, 367, 2, 3, 0, 0, 0.43%, 0, 0, 1, 308.45
1606740322, 369, 2, 3, 0, 0, 0.43%, 0, 0, 1, 343.89
1606740327, 372, 1, 3, 0, 0, 0.43%, 0, 0, 1, 353.36
1606740332, 374, 2, 3, 0, 0, 0.43%, 0, 0, 1, 354.93
1606740338, 377, 0, 3, 0, 0, 0.43%, 0, 0, 1, 352.34
1606740343, 379, 1, 3, 0, 0, 0.43%, 0, 0, 1, 359.32
1606740348, 382, 0, 3, 0, 0, 0.43%, 0, 0, 1, 361.37
1606740353, 384, 1, 3, 0, 0, 0.43%, 0, 0, 1, 358.28
1606740358, 386, 2, 3, 0, 0, 0.43%, 0, 0, 1, 362.56
1606740363, 389, 0, 3, 0, 0, 0.43%, 0, 0, 1, 371.88
1606740368, 391, 1, 3, 0, 0, 0.43%, 0, 0, 1, 362.49
1606740373, 393, 2, 3, 0, 0, 0.43%, 0, 0, 1, 359.11
1606740378, 396, 0, 3, 0, 0, 0.43%, 0, 0, 1, 357.14
1606740383, 398, 2, 3, 0, 0, 0.43%, 0, 0, 1, 365.52
1606740388, 401, 0, 3, 0, 0, 0.43%, 0, 0, 1, 356.93
1606740393, 403, 1, 3, 0, 0, 0.43%, 0, 0, 1, 354.35
1606740399, 405, 2, 3, 0, 0, 0.43%, 0, 0, 1, 358.81
1606740404, 407, 2, 3, 0, 0, 0.43%, 0, 0, 1, 343.64
1606740409, 410, 0, 3, 0, 0, 0.43%, 0, 0, 1, 343.46
1606740414, 412, 1, 3, 0, 0, 0.43%, 0, 0, 1, 341.73
1606740419, 414, 2, 3, 0, 0, 0.43%, 0, 0, 1, 346.69
1606740424, 416, 2, 3, 0, 0, 0.43%, 0, 0, 1, 342.04
1606740429, 419, 1, 3, 0, 0, 0.43%, 0, 0, 1, 357.95
1606740434, 421, 2, 3, 0, 0, 0.43%, 0, 0, 1, 361.00
1606740439, 424, 0, 3, 0, 0, 0.43%, 0, 0, 1, 372.48
1606740444, 426, 2, 3, 0, 0, 0.43%, 0, 0, 1, 376.45
1606740449, 429, 1, 3, 0, 0, 0.43%, 0, 0, 1, 377.09
1606740454, 431, 2, 3, 0, 0, 0.43%, 0, 0, 1, 365.32
1606740460, 434, 0, 3, 0, 0, 0.43%, 0, 0, 1, 373.91
1606740465, 436, 1, 3, 0, 0, 0.43%, 0, 0, 1, 351.06
1606740470, 438, 2, 3, 0, 0, 0.43%, 0, 0, 1, 368.87
1606740475, 441, 1, 3, 0, 0, 0.43%, 0, 0, 1, 373.17
1606740480, 443, 2, 3, 0, 0, 0.43%, 0, 0, 1, 357.57
1606740485, 446, 0, 3, 0, 0, 0.43%, 0, 0, 1, 364.41
1606740490, 448, 1, 3, 0, 0, 0.43%, 0, 0, 1, 368.65
1606740495, 451, 0, 3, 0, 0, 0.43%, 0, 0, 1, 373.43
1606740500, 453, 2, 3, 0, 0, 0.43%, 0, 0, 1, 374.82
1606740505, 455, 2, 3, 0, 0, 0.43%, 0, 0, 1, 349.22
1606740510, 458, 0, 3, 0, 0, 0.43%, 0, 0, 1, 347.25
1606740515, 460, 2, 3, 0, 0, 0.43%, 0, 0, 1, 364.12
1606740520, 463, 0, 3, 0, 0, 0.43%, 0, 0, 1, 362.50
1606740526, 465, 1, 3, 0, 0, 0.43%, 0, 0, 1, 358.82
1606740531, 467, 2, 3, 0, 0, 0.43%, 0, 0, 1, 356.15
1606740536, 470, 0, 3, 0, 0, 0.43%, 0, 0, 1, 346.22
1606740541, 472, 1, 3, 0, 0, 0.43%, 0, 0, 1, 356.49
1606740546, 474, 2, 3, 0, 0, 0.43%, 0, 0, 1, 352.41
1606740551, 477, 0, 3, 0, 0, 0.43%, 0, 0, 1, 363.43
1606740556, 479, 1, 3, 0, 0, 0.43%, 0, 0, 1, 343.64
1606740561, 481, 2, 3, 0, 0, 0.43%, 0, 0, 1, 358.98
1606740566, 484, 0, 3, 0, 0, 0.43%, 0, 0, 1, 355.86
1606740572, 486, 1, 3, 0, 0, 0.43%, 0, 0, 1, 347.78
1606740577, 488, 2, 3, 0, 0, 0.43%, 0, 0, 1, 343.07
1606740582, 491, 0, 3, 0, 0, 0.43%, 0, 0, 1, 344.98
1606740587, 493, 1, 3, 0, 0, 0.43%, 0, 0, 1, 340.46
1606740592, 495, 2, 3, 0, 0, 0.43%, 0, 0, 1, 347.70
1606740597, 498, 0, 3, 0, 0, 0.43%, 0, 0, 1, 359.74
1606740602, 500, 2, 3, 0, 0, 0.43%, 0, 0, 1, 363.65
1606740608, 503, 0, 3, 0, 0, 0.43%, 0, 0, 1, 358.27
1606740613, 505, 0, 3, 0, 0, 0.43%, 0, 0, 1, 354.17
1606740618, 507, 1, 3, 0, 0, 0.43%, 0, 0, 1, 347.73
1606740623, 509, 2, 3, 0, 0, 0.43%, 0, 0, 1, 352.97
1606740628, 512, 0, 3, 0, 0, 0.43%, 0, 0, 1, 351.50
1606740633, 514, 1, 3, 0, 0, 0.43%, 0, 0, 1, 344.58
1606740638, 516, 2, 3, 0, 0, 0.43%, 0, 0, 1, 346.36
1606740643, 519, 0, 3, 0, 0, 0.43%, 0, 0, 1, 348.27
1606740648, 521, 1, 3, 0, 0, 0.43%, 0, 0, 1, 351.84
1606740653, 523, 2, 3, 0, 0, 0.43%, 0, 0, 1, 348.74
1606740658, 526, 0, 3, 0, 0, 0.43%, 0, 0, 1, 340.63
1606740663, 528, 1, 3, 0, 0, 0.43%, 0, 0, 1, 355.95
1606740668, 530, 2, 3, 0, 0, 0.43%, 0, 0, 1, 348.29
1606740673, 533, 0, 3, 0, 0, 0.43%, 0, 0, 1, 352.52
1606740679, 535, 1, 3, 0, 0, 0.43%, 0, 0, 1, 357.30
1606740684, 537, 2, 3, 0, 0, 0.43%, 0, 0, 1, 358.98
1606740689, 540, 1, 3, 0, 0, 0.43%, 0, 0, 1, 363.37
1606740694, 542, 2, 3, 0, 0, 0.43%, 0, 0, 1, 357.96
1606740699, 545, 0, 3, 0, 0, 0.43%, 0, 0, 1, 358.98
1606740704, 547, 1, 3, 0, 0, 0.43%, 0, 0, 1, 358.63
1606740709, 549, 2, 3, 0, 0, 0.43%, 0, 0, 1, 360.11
1606740714, 552, 0, 3, 0, 0, 0.43%, 0, 0, 1, 360.63
1606740719, 554, 1, 3, 0, 0, 0.43%, 0, 0, 1, 349.09
1606740725, 556, 2, 3, 0, 0, 0.43%, 0, 0, 1, 357.79
1606740730, 559, 1, 3, 0, 0, 0.43%, 0, 0, 1, 365.61
1606740735, 561, 2, 3, 0, 0, 0.43%, 0, 0, 1, 367.95
1606740740, 564, 0, 3, 0, 0, 0.43%, 0, 0, 1, 368.11
1606740745, 566, 2, 3, 0, 0, 0.43%, 0, 0, 1, 363.11
1606740750, 569, 0, 3, 0, 0, 0.43%, 0, 0, 1, 362.00
1606740755, 571, 1, 3, 0, 0, 0.43%, 0, 0, 1, 369.47
1606740761, 574, 0, 3, 0, 0, 0.43%, 0, 0, 1, 364.63
1606740766, 576, 1, 3, 0, 0, 0.43%, 0, 0, 1, 356.63
1606740771, 578, 2, 3, 0, 0, 0.43%, 0, 0, 1, 361.67
1606740776, 581, 0, 3, 0, 0, 0.43%, 0, 0, 1, 353.50
1606740781, 583, 1, 3, 0, 0, 0.43%, 0, 0, 1, 356.13
1606740786, 585, 2, 3, 0, 0, 0.43%, 0, 0, 1, 364.67
1606740791, 588, 0, 3, 0, 0, 0.43%, 0, 0, 1, 355.75
1606740796, 590, 1, 3, 0, 0, 0.43%, 0, 0, 1, 350.27
1606740801, 592, 2, 3, 0, 0, 0.43%, 0, 0, 1, 355.48
1606740806, 595, 0, 3, 0, 0, 0.43%, 0, 0, 1, 342.44
1606740811, 597, 1, 3, 0, 0, 0.43%, 0, 0, 1, 351.78
1606740816, 599, 1, 3, 0, 0, 0.43%, 0, 0, 1, 309.99
1606740821, 601, 1, 3, 0, 0, 0.43%, 0, 0, 1, 300.78
1606740827, 603, 1, 3, 0, 0, 0.43%, 0, 0, 1, 303.71
1606740832, 605, 1, 3, 0, 0, 0.43%, 0, 0, 1, 303.23
1606740837, 607, 1, 3, 0, 0, 0.43%, 0, 0, 1, 310.62
1606740842, 609, 1, 3, 0, 0, 0.43%, 0, 0, 1, 316.78
1606740847, 611, 1, 3, 0, 0, 0.43%, 0, 0, 1, 300.85
1606740852, 613, 1, 3, 0, 0, 0.43%, 0, 0, 1, 327.10
1606740857, 615, 2, 3, 0, 0, 0.43%, 0, 0, 1, 345.74
1606740862, 618, 1, 3, 0, 0, 0.43%, 0, 0, 1, 359.88
1606740867, 620, 2, 3, 0, 0, 0.43%, 0, 0, 1, 337.69
1606740872, 622, 2, 3, 0, 0, 0.43%, 0, 0, 1, 338.12
1606740877, 625, 0, 3, 0, 0, 0.43%, 0, 0, 1, 332.52
1606740882, 627, 0, 3, 0, 0, 0.43%, 0, 0, 1, 325.09
1606740888, 629, 1, 3, 0, 0, 0.43%, 0, 0, 1, 342.06
1606740893, 631, 2, 3, 0, 0, 0.43%, 0, 0, 1, 344.19
1606740898, 633, 2, 3, 0, 0, 0.43%, 0, 0, 1, 331.50
1606740903, 636, 0, 3, 0, 0, 0.43%, 0, 0, 1, 344.64
1606740908, 638, 1, 3, 0, 0, 0.43%, 0, 0, 1, 354.92
1606740913, 640, 2, 3, 0, 0, 0.43%, 0, 0, 1, 346.94
1606740918, 643, 0, 3, 0, 0, 0.43%, 0, 0, 1, 347.29
1606740923, 645, 1, 3, 0, 0, 0.43%, 0, 0, 1, 357.26
1606740928, 647, 2, 3, 0, 0, 0.43%, 0, 0, 1, 361.28
1606740933, 650, 1, 3, 0, 0, 0.43%, 0, 0, 1, 372.74
1606740938, 652, 2, 3, 0, 0, 0.43%, 0, 0, 1, 373.12
1606740944, 655, 1, 3, 0, 0, 0.43%, 0, 0, 1, 374.44
1606740949, 657, 2, 3, 0, 0, 0.43%, 0, 0, 1, 376.54
1606740954, 660, 1, 3, 0, 0, 0.43%, 0, 0, 1, 369.32
1606740959, 662, 2, 3, 0, 0, 0.43%, 0, 0, 1, 375.39
1606740964, 665, 0, 3, 0, 0, 0.43%, 0, 0, 1, 360.47
1606740969, 667, 1, 3, 0, 0, 0.43%, 0, 0, 1, 347.77
1606740974, 670, 0, 3, 0, 0, 0.43%, 0, 0, 1, 363.43
1606740979, 672, 1, 3, 0, 0, 0.43%, 0, 0, 1, 361.86
1606740984, 674, 2, 3, 0, 0, 0.43%, 0, 0, 1, 359.51
1606740989, 677, 0, 3, 0, 0, 0.43%, 0, 0, 1, 351.30
1606740994, 679, 0, 3, 0, 0, 0.43%, 0, 0, 1, 345.65
1606741000, 681, 1, 3, 0, 0, 0.43%, 0, 0, 1, 345.76
1606741005, 683, 2, 3, 0, 0, 0.43%, 0, 0, 1, 334.89
1606741010, 685, 2, 3, 0, 0, 0.43%, 0, 0, 1, 331.79
1606741015, 688, 0, 3, 0, 0, 0.43%, 0, 0, 1, 334.49
1606741020, 690, 1, 3, 0, 0, 0.43%, 0, 0, 1, 334.98
1606741025, 692, 2, 3, 0, 0, 0.43%, 0, 0, 1, 331.29
1606741030, 694, 2, 3, 0, 0, 0.43%, 0, 0, 1, 329.21
1606741035, 696, 2, 3, 0, 0, 0.43%, 0, 0, 1, 325.25
1606741040, 699, 0, 3, 0, 0, 0.43%, 0, 0, 1, 349.39
1606741045, 701, 1, 3, 0, 0, 0.43%, 0, 0, 1, 338.87
1606741050, 703, 2, 3, 0, 0, 0.43%, 0, 0, 1, 337.56
1606741056, 706, 0, 3, 0, 0, 0.43%, 0, 0, 1, 328.66
1606741061, 708, 0, 3, 0, 0, 0.43%, 0, 0, 1, 332.27
1606741066, 710, 1, 3, 0, 0, 0.43%, 0, 0, 1, 348.26
1606741071, 712, 2, 3, 0, 0, 0.43%, 0, 0, 1, 352.20
1606741076, 715, 1, 3, 0, 0, 0.43%, 0, 0, 1, 365.43
1606741081, 717, 2, 3, 0, 0, 0.43%, 0, 0, 1, 370.44
1606741086, 720, 0, 3, 0, 0, 0.43%, 0, 0, 1, 373.08
1606741091, 722, 2, 3, 0, 0, 0.43%, 0, 0, 1, 365.92
1606741096, 725, 0, 3, 0, 0, 0.43%, 0, 0, 1, 373.96
1606741101, 727, 2, 3, 0, 0, 0.43%, 0, 0, 1, 373.82
1606741107, 730, 0, 3, 0, 0, 0.43%, 0, 0, 1, 374.44
1606741112, 732, 2, 3, 0, 0, 0.43%, 0, 0, 1, 372.95
1606741117, 735, 0, 3, 0, 0, 0.43%, 0, 0, 1, 375.06
1606741122, 737, 1, 3, 0, 0, 0.43%, 0, 0, 1, 355.98
1606741127, 740, 0, 3, 0, 0, 0.43%, 0, 0, 1, 361.69
1606741133, 742, 1, 3, 0, 0, 0.43%, 0, 0, 1, 367.73
1606741138, 744, 2, 3, 0, 0, 0.43%, 0, 0, 1, 358.78
1606741143, 747, 1, 3, 0, 0, 0.43%, 0, 0, 1, 364.97
1606741148, 749, 2, 3, 0, 0, 0.43%, 0, 0, 1, 368.87
1606741153, 752, 0, 3, 0, 0, 0.43%, 0, 0, 1, 359.16
1606741158, 754, 1, 3, 0, 0, 0.43%, 0, 0, 1, 360.66
1606741163, 756, 2, 3, 0, 0, 0.43%, 0, 0, 1, 353.50
1606741168, 759, 1, 3, 0, 0, 0.43%, 0, 0, 1, 367.61
1606741173, 761, 2, 3, 0, 0, 0.43%, 0, 0, 1, 373.22
1606741178, 764, 1, 3, 0, 0, 0.43%, 0, 0, 1, 373.81
1606741184, 766, 2, 3, 0, 0, 0.43%, 0, 0, 1, 373.39
1606741189, 769, 0, 3, 0, 0, 0.43%, 0, 0, 1, 355.01
1606741194, 771, 1, 3, 0, 0, 0.43%, 0, 0, 1, 352.06
1606741199, 773, 2, 3, 0, 0, 0.43%, 0, 0, 1, 359.52
1606741204, 776, 0, 3, 0, 0, 0.43%, 0, 0, 1, 369.70
1606741209, 778, 2, 3, 0, 0, 0.43%, 0, 0, 1, 368.78
1606741214, 781, 0, 3, 0, 0, 0.43%, 0, 0, 1, 363.49
1606741219, 783, 1, 3, 0, 0, 0.43%, 0, 0, 1, 354.48
1606741224, 785, 2, 3, 0, 0, 0.43%, 0, 0, 1, 356.91
1606741229, 788, 0, 3, 0, 0, 0.43%, 0, 0, 1, 351.12
1606741235, 790, 1, 3, 0, 0, 0.43%, 0, 0, 1, 363.45
1606741240, 792, 2, 3, 0, 0, 0.43%, 0, 0, 1, 355.88
1606741245, 795, 0, 3, 0, 0, 0.43%, 0, 0, 1, 359.09
1606741250, 797, 2, 3, 0, 0, 0.43%, 0, 0, 1, 359.61
1606741255, 800, 0, 3, 0, 0, 0.43%, 0, 0, 1, 356.94
1606741260, 802, 1, 3, 0, 0, 0.43%, 0, 0, 1, 351.45
1606741265, 804, 2, 3, 0, 0, 0.43%, 0, 0, 1, 358.28
1606741270, 807, 0, 3, 0, 0, 0.43%, 0, 0, 1, 353.76
1606741275, 809, 0, 3, 0, 0, 0.43%, 0, 0, 1, 344.59
1606741280, 811, 1, 3, 0, 0, 0.43%, 0, 0, 1, 349.00
1606741286, 813, 2, 3, 0, 0, 0.43%, 0, 0, 1, 328.92
1606741291, 816, 0, 3, 0, 0, 0.43%, 0, 0, 1, 333.09
1606741296, 818, 0, 3, 0, 0, 0.43%, 0, 0, 1, 334.25
1606741301, 820, 1, 3, 0, 0, 0.43%, 0, 0, 1, 350.78
1606741306, 822, 2, 3, 0, 0, 0.43%, 0, 0, 1, 365.52
1606741311, 825, 1, 3, 0, 0, 0.43%, 0, 0, 1, 371.67
1606741316, 827, 2, 3, 0, 0, 0.43%, 0, 0, 1, 366.94
1606741321, 830, 0, 3, 0, 0, 0.43%, 0, 0, 1, 355.72
1606741326, 832, 1, 3, 0, 0, 0.43%, 0, 0, 1, 352.58
1606741331, 834, 2, 3, 0, 0, 0.43%, 0, 0, 1, 360.96
1606741336, 837, 0, 3, 0, 0, 0.43%, 0, 0, 1, 353.56
1606741341, 839, 1, 3, 0, 0, 0.43%, 0, 0, 1, 341.29
1606741346, 841, 1, 3, 0, 0, 0.43%, 0, 0, 1, 335.83
1606741351, 843, 1, 3, 0, 0, 0.43%, 0, 0, 1, 309.65
1606741356, 845, 2, 3, 0, 0, 0.43%, 0, 0, 1, 328.87
1606741362, 848, 0, 3, 0, 0, 0.43%, 0, 0, 1, 335.06
1606741367, 850, 1, 3, 0, 0, 0.43%, 0, 0, 1, 334.42
1606741372, 852, 1, 3, 0, 0, 0.43%, 0, 0, 1, 345.01
1606741377, 854, 2, 3, 0, 0, 0.43%, 0, 0, 1, 346.26
1606741382, 857, 0, 3, 0, 0, 0.43%, 0, 0, 1, 346.97
1606741387, 859, 1, 3, 0, 0, 0.43%, 0, 0, 1, 341.99
1606741392, 861, 2, 3, 0, 0, 0.43%, 0, 0, 1, 345.08
1606741397, 864, 0, 3, 0, 0, 0.43%, 0, 0, 1, 345.10
1606741403, 866, 1, 3, 0, 0, 0.43%, 0, 0, 1, 351.18
1606741408, 868, 2, 3, 0, 0, 0.43%, 0, 0, 1, 352.37
1606741413, 871, 0, 3, 0, 0, 0.43%, 0, 0, 1, 352.51
1606741418, 873, 1, 3, 0, 0, 0.43%, 0, 0, 1, 349.03
1606741423, 875, 2, 3, 0, 0, 0.43%, 0, 0, 1, 347.64
1606741428, 878, 0, 3, 0, 0, 0.43%, 0, 0, 1, 348.18
1606741433, 880, 1, 3, 0, 0, 0.43%, 0, 0, 1, 349.62
1606741438, 882, 2, 3, 0, 0, 0.43%, 0, 0, 1, 349.81
1606741443, 885, 0, 3, 0, 0, 0.43%, 0, 0, 1, 351.57
1606741448, 887, 1, 3, 0, 0, 0.43%, 0, 0, 1, 353.53
1606741453, 889, 1, 3, 0, 0, 0.43%, 0, 0, 1, 329.06
1606741459, 891, 2, 3, 0, 0, 0.43%, 0, 0, 1, 341.67
1606741464, 894, 0, 3, 0, 0, 0.43%, 0, 0, 1, 345.97
1606741469, 896, 1, 3, 0, 0, 0.43%, 0, 0, 1, 343.27
1606741474, 898, 2, 3, 0, 0, 0.43%, 0, 0, 1, 344.10
1606741479, 901, 0, 3, 0, 0, 0.43%, 0, 0, 1, 345.69
1606741484, 903, 0, 3, 0, 0, 0.43%, 0, 0, 1, 336.58
1606741489, 905, 1, 3, 0, 0, 0.43%, 0, 0, 1, 331.27
1606741495, 907, 2, 3, 0, 0, 0.43%, 0, 0, 1, 335.26
1606741500, 909, 2, 3, 0, 0, 0.43%, 0, 0, 1, 332.14
1606741505, 912, 0, 3, 0, 0, 0.43%, 0, 0, 1, 339.21
1606741510, 914, 1, 3, 0, 0, 0.43%, 0, 0, 1, 347.12
1606741515, 916, 2, 3, 0, 0, 0.43%, 0, 0, 1, 340.10
1606741520, 919, 0, 3, 0, 0, 0.43%, 0, 0, 1, 347.20
1606741525, 921, 1, 3, 0, 0, 0.43%, 0, 0, 1, 349.40
1606741531, 923, 2, 3, 0, 0, 0.43%, 0, 0, 1, 354.18
1606741536, 926, 0, 3, 0, 0, 0.43%, 0, 0, 1, 321.24
1606741541, 927, 2, 3, 0, 0, 0.43%, 0, 0, 1, 304.60
1606741546, 929, 2, 3, 0, 0, 0.43%, 0, 0, 1, 293.88
1606741551, 932, 0, 3, 0, 0, 0.43%, 0, 0, 1, 327.17
1606741556, 934, 1, 3, 0, 0, 0.43%, 0, 0, 1, 333.06
1606741561, 936, 2, 3, 0, 0, 0.43%, 0, 0, 1, 343.50
1606741566, 938, 2, 3, 0, 0, 0.43%, 0, 0, 1, 332.76
1606741571, 941, 0, 3, 0, 0, 0.43%, 0, 0, 1, 298.25
1606741577, 942, 2, 3, 0, 0, 0.43%, 0, 0, 1, 260.06
1606741582, 944, 0, 3, 0, 0, 0.43%, 0, 0, 1, 240.38
1606741587, 945, 2, 3, 0, 0, 0.43%, 0, 0, 1, 246.17
1606741592, 947, 2, 3, 0, 0, 0.43%, 0, 0, 1, 287.70
1606741597, 949, 2, 3, 0, 0, 0.43%, 0, 0, 1, 310.70
1606741602, 951, 2, 3, 0, 0, 0.43%, 0, 0, 1, 309.36
1606741607, 954, 0, 3, 0, 0, 0.43%, 0, 0, 1, 323.97
1606741612, 956, 0, 3, 0, 0, 0.43%, 0, 0, 1, 319.27
1606741617, 958, 1, 3, 0, 0, 0.43%, 0, 0, 1, 310.14
1606741622, 960, 1, 3, 0, 0, 0.43%, 0, 0, 1, 318.35
1606741628, 962, 2, 3, 0, 0, 0.43%, 0, 0, 1, 333.32
1606741633, 964, 2, 3, 0, 0, 0.43%, 0, 0, 1, 326.20
1606741638, 966, 2, 3, 0, 0, 0.43%, 0, 0, 1, 316.30
1606741643, 968, 2, 3, 0, 0, 0.43%, 0, 0, 1, 318.96
1606741648, 970, 2, 3, 0, 0, 0.43%, 0, 0, 1, 304.58
1606741653, 972, 2, 3, 0, 0, 0.43%, 0, 0, 1, 288.88
1606741658, 974, 1, 3, 0, 0, 0.43%, 0, 0, 1, 243.03
1606741663, 976, 0, 3, 0, 0, 0.43%, 0, 0, 1, 295.02
1606741668, 978, 1, 3, 0, 0, 0.43%, 0, 0, 1, 332.72
1606741673, 980, 2, 3, 0, 0, 0.43%, 0, 0, 1, 330.16
1606741678, 982, 2, 3, 0, 0, 0.43%, 0, 0, 1, 333.53
1606741683, 985, 0, 3, 0, 0, 0.43%, 0, 0, 1, 326.12
1606741688, 987, 0, 3, 0, 0, 0.43%, 0, 0, 1, 328.32
1606741694, 989, 1, 3, 0, 0, 0.43%, 0, 0, 1, 339.97
1606741699, 991, 2, 3, 0, 0, 0.43%, 0, 0, 1, 342.21
1606741704, 994, 0, 3, 0, 0, 0.43%, 0, 0, 1, 346.68
1606741709, 996, 1, 3, 0, 0, 0.43%, 0, 0, 1, 357.29
1606741714, 998, 2, 3, 0, 0, 0.43%, 0, 0, 1, 341.20
1606741719, 1001, 0, 3, 0, 0, 0.43%, 0, 0, 1, 351.54
1606741724, 1003, 1, 3, 0, 0, 0.43%, 0, 0, 1, 356.18
1606741729, 1005, 2, 3, 0, 0, 0.43%, 0, 0, 1, 350.55
1606741734, 1008, 0, 3, 0, 0, 0.43%, 0, 0, 1, 356.73
1606741739, 1010, 1, 3, 0, 0, 0.43%, 0, 0, 1, 344.68
1606741745, 1012, 2, 3, 0, 0, 0.43%, 0, 0, 1, 344.77
1606741750, 1014, 2, 3, 0, 0, 0.43%, 0, 0, 1, 323.21
1606741755, 1016, 2, 3, 0, 0, 0.43%, 0, 0, 1, 303.56
1606741760, 1018, 2, 3, 0, 0, 0.43%, 0, 0, 1, 313.82
1606741765, 1020, 2, 3, 0, 0, 0.43%, 0, 0, 1, 289.17
1606741770, 1022, 1, 3, 0, 0, 0.43%, 0, 0, 1, 292.17
1606741775, 1024, 2, 3, 0, 0, 0.43%, 0, 0, 1, 314.12
1606741780, 1026, 2, 3, 0, 0, 0.43%, 0, 0, 1, 317.92
1606741785, 1028, 2, 3, 0, 0, 0.43%, 0, 0, 1, 325.26
1606741790, 1031, 0, 3, 0, 0, 0.43%, 0, 0, 1, 328.06
1606741795, 1033, 0, 3, 0, 0, 0.43%, 0, 0, 1, 318.19
1606741800, 1035, 1, 3, 0, 0, 0.43%, 0, 0, 1, 318.55
1606741806, 1037, 1, 3, 0, 0, 0.43%, 0, 0, 1, 339.51
1606741811, 1039, 1, 3, 0, 0, 0.43%, 0, 0, 1, 310.92
1606741816, 1041, 2, 3, 0, 0, 0.43%, 0, 0, 1, 333.56
1606741821, 1044, 0, 3, 0, 0, 0.43%, 0, 0, 1, 346.48
1606741826, 1046, 1, 3, 0, 0, 0.43%, 0, 0, 1, 335.30
1606741831, 1048, 2, 3, 0, 0, 0.43%, 0, 0, 1, 354.27
1606741836, 1051, 0, 3, 0, 0, 0.43%, 0, 0, 1, 344.01
1606741841, 1053, 1, 3, 0, 0, 0.43%, 0, 0, 1, 339.94
1606741846, 1055, 1, 3, 0, 0, 0.43%, 0, 0, 1, 336.14
1606741851, 1057, 2, 3, 0, 0, 0.43%, 0, 0, 1, 349.43
1606741856, 1060, 0, 3, 0, 0, 0.43%, 0, 0, 1, 353.90
1606741861, 1062, 1, 3, 0, 0, 0.43%, 0, 0, 1, 355.00
1606741866, 1064, 1, 3, 0, 0, 0.43%, 0, 0, 1, 283.64
1606741872, 1066, 2, 3, 0, 0, 0.43%, 0, 0, 1, 334.01
1606741877, 1069, 0, 3, 0, 0, 0.43%, 0, 0, 1, 349.62
1606741882, 1071, 1, 3, 0, 0, 0.43%, 0, 0, 1, 355.50
1606741887, 1073, 1, 3, 0, 0, 0.43%, 0, 0, 1, 315.70
1606741892, 1075, 0, 3, 0, 0, 0.43%, 0, 0, 1, 253.43
1606741897, 1076, 2, 3, 0, 0, 0.43%, 0, 0, 1, 246.50
1606741902, 1078, 1, 3, 0, 0, 0.43%, 0, 0, 1, 265.61
1606741907, 1080, 0, 3, 0, 0, 0.43%, 0, 0, 1, 252.67
1606741912, 1081, 2, 3, 0, 0, 0.43%, 0, 0, 1, 261.78
1606741917, 1083, 1, 3, 0, 0, 0.43%, 0, 0, 1, 261.33
1606741923, 1085, 2, 3, 0, 0, 0.43%, 0, 0, 1, 296.33
1606741928, 1087, 2, 3, 0, 0, 0.43%, 0, 0, 1, 332.47
1606741933, 1090, 1, 3, 0, 0, 0.43%, 0, 0, 1, 356.33
1606741938, 1092, 2, 3, 0, 0, 0.43%, 0, 0, 1, 358.65
1606741943, 1095, 0, 3, 0, 0, 0.43%, 0, 0, 1, 356.35
1606741948, 1097, 1, 3, 0, 0, 0.43%, 0, 0, 1, 372.16
1606741953, 1100, 0, 3, 0, 0, 0.43%, 0, 0, 1, 377.13
1606741958, 1102, 2, 3, 0, 0, 0.43%, 0, 0, 1, 377.46
1606741964, 1105, 0, 3, 0, 0, 0.43%, 0, 0, 1, 378.04
1606741969, 1107, 2, 3, 0, 0, 0.43%, 0, 0, 1, 378.07
1606741974, 1110, 0, 3, 0, 0, 0.43%, 0, 0, 1, 367.30
1606741979, 1112, 2, 3, 0, 0, 0.43%, 0, 0, 1, 372.15
1606741984, 1115, 0, 3, 0, 0, 0.43%, 0, 0, 1, 376.52
1606741989, 1117, 2, 3, 0, 0, 0.43%, 0, 0, 1, 374.08
1606741995, 1120, 0, 3, 0, 0, 0.43%, 0, 0, 1, 377.03
1606742000, 1122, 2, 3, 0, 0, 0.43%, 0, 0, 1, 377.16
1606742005, 1125, 1, 3, 0, 0, 0.43%, 0, 0, 1, 378.61
1606742010, 1127, 2, 3, 0, 0, 0.43%, 0, 0, 1, 371.62
1606742015, 1130, 1, 3, 0, 0, 0.43%, 0, 0, 1, 366.70
1606742020, 1132, 2, 3, 0, 0, 0.43%, 0, 0, 1, 359.70
1606742025, 1135, 0, 3, 0, 0, 0.43%, 0, 0, 1, 369.33
1606742031, 1137, 2, 3, 0, 0, 0.43%, 0, 0, 1, 373.98
1606742036, 1140, 0, 3, 0, 0, 0.43%, 0, 0, 1, 353.96
1606742041, 1142, 0, 3, 0, 0, 0.43%, 0, 0, 1, 346.41
1606742046, 1144, 2, 3, 0, 0, 0.43%, 0, 0, 1, 369.86
1606742051, 1147, 1, 3, 0, 0, 0.43%, 0, 0, 1, 372.46
1606742056, 1149, 2, 3, 0, 0, 0.43%, 0, 0, 1, 370.74
1606742061, 1152, 0, 3, 0, 0, 0.43%, 0, 0, 1, 362.37
1606742066, 1154, 1, 3, 0, 0, 0.43%, 0, 0, 1, 351.86
1606742072, 1156, 2, 3, 0, 0, 0.43%, 0, 0, 1, 352.48
1606742077, 1159, 1, 3, 0, 0, 0.43%, 0, 0, 1, 357.58
1606742082, 1161, 2, 3, 0, 0, 0.43%, 0, 0, 1, 370.00
1606742087, 1164, 0, 3, 0, 0, 0.43%, 0, 0, 1, 375.26
1606742092, 1166, 2, 3, 0, 0, 0.43%, 0, 0, 1, 375.86
1606742097, 1168, 2, 3, 0, 0, 0.43%, 0, 0, 1, 316.98
1606742102, 1171, 0, 3, 0, 0, 0.43%, 0, 0, 1, 353.87
1606742107, 1173, 2, 3, 0, 0, 0.43%, 0, 0, 1, 362.35
1606742113, 1176, 0, 3, 0, 0, 0.43%, 0, 0, 1, 369.89
1606742118, 1178, 1, 3, 0, 0, 0.43%, 0, 0, 1, 367.14
1606742123, 1181, 0, 3, 0, 0, 0.43%, 0, 0, 1, 373.19
1606742128, 1183, 1, 3, 0, 0, 0.43%, 0, 0, 1, 373.76
1606742133, 1186, 0, 3, 0, 0, 0.43%, 0, 0, 1, 374.82
1606742138, 1188, 1, 3, 0, 0, 0.43%, 0, 0, 1, 373.25
1606742143, 1191, 0, 3, 0, 0, 0.43%, 0, 0, 1, 362.41
1606742149, 1193, 1, 3, 0, 0, 0.43%, 0, 0, 1, 370.18
1606742154, 1195, 2, 3, 0, 0, 0.43%, 0, 0, 1, 362.19
1606742159, 1198, 0, 3, 0, 0, 0.43%, 0, 0, 1, 349.91
1606742164, 1200, 2, 3, 0, 0, 0.43%, 0, 0, 1, 370.00
1606742169, 1203, 1, 3, 0, 0, 0.43%, 0, 0, 1, 376.97
1606742174, 1205, 2, 3, 0, 0, 0.43%, 0, 0, 1, 373.24
1606742179, 1208, 1, 3, 0, 0, 0.43%, 0, 0, 1, 377.87
1606742185, 1210, 2, 3, 0, 0, 0.43%, 0, 0, 1, 376.70
1606742190, 1213, 1, 3, 0, 0, 0.43%, 0, 0, 1, 379.18
1606742195, 1216, 0, 3, 0, 0, 0.43%, 0, 0, 1, 378.68
1606742200, 1218, 1, 3, 0, 0, 0.43%, 0, 0, 1, 378.37
1606742205, 1221, 0, 3, 0, 0, 0.43%, 0, 0, 1, 379.07
1606742210, 1223, 1, 3, 0, 0, 0.43%, 0, 0, 1, 371.47
1606742216, 1226, 0, 3, 0, 0, 0.43%, 0, 0, 1, 373.32
1606742221, 1228, 2, 3, 0, 0, 0.43%, 0, 0, 1, 378.09
1606742226, 1231, 0, 3, 0, 0, 0.43%, 0, 0, 1, 378.45
1606742231, 1233, 2, 3, 0, 0, 0.43%, 0, 0, 1, 378.28
1606742236, 1236, 0, 3, 0, 0, 0.43%, 0, 0, 1, 352.67
1606742241, 1238, 1, 3, 0, 0, 0.43%, 0, 0, 1, 365.80
1606742246, 1240, 2, 3, 0, 0, 0.43%, 0, 0, 1, 337.91
1606742251, 1242, 2, 3, 0, 0, 0.43%, 0, 0, 1, 329.62
1606742257, 1245, 0, 3, 0, 0, 0.43%, 0, 0, 1, 343.00
1606742262, 1247, 2, 3, 0, 0, 0.43%, 0, 0, 1, 359.30
1606742267, 1250, 0, 3, 0, 0, 0.43%, 0, 0, 1, 344.51
1606742272, 1252, 1, 3, 0, 0, 0.43%, 0, 0, 1, 354.69
1606742277, 1254, 2, 3, 0, 0, 0.43%, 0, 0, 1, 362.90
1606742282, 1257, 0, 3, 0, 0, 0.43%, 0, 0, 1, 354.61
1606742287, 1259, 1, 3, 0, 0, 0.43%, 0, 0, 1, 371.40
1606742293, 1262, 0, 3, 0, 0, 0.43%, 0, 0, 1, 377.50
1606742298, 1264, 2, 3, 0, 0, 0.43%, 0, 0, 1, 378.85
1606742303, 1267, 0, 3, 0, 0, 0.43%, 0, 0, 1, 378.86
1606742308, 1269, 2, 3, 0, 0, 0.43%, 0, 0, 1, 376.47
1606742313, 1272, 0, 3, 0, 0, 0.43%, 0, 0, 1, 377.35
1606742318, 1274, 2, 3, 0, 0, 0.43%, 0, 0, 1, 378.25
1606742323, 1277, 1, 3, 0, 0, 0.43%, 0, 0, 1, 377.71
1606742329, 1279, 2, 3, 0, 0, 0.43%, 0, 0, 1, 376.66
1606742334, 1282, 1, 3, 0, 0, 0.43%, 0, 0, 1, 379.65
1606742339, 1284, 2, 3, 0, 0, 0.43%, 0, 0, 1, 368.45
1606742344, 1287, 0, 3, 0, 0, 0.43%, 0, 0, 1, 326.52
1606742349, 1289, 1, 3, 0, 0, 0.43%, 0, 0, 1, 336.81
1606742354, 1291, 2, 3, 0, 0, 0.43%, 0, 0, 1, 361.08
1606742360, 1294, 0, 3, 0, 0, 0.43%, 0, 0, 1, 375.74
1606742365, 1296, 2, 3, 0, 0, 0.43%, 0, 0, 1, 371.58
1606742370, 1299, 1, 3, 0, 0, 0.43%, 0, 0, 1, 375.05
1606742375, 1301, 2, 3, 0, 0, 0.43%, 0, 0, 1, 377.44
1606742380, 1304, 1, 3, 0, 0, 0.43%, 0, 0, 1, 377.41
1606742385, 1306, 2, 3, 0, 0, 0.43%, 0, 0, 1, 378.83
1606742391, 1309, 1, 3, 0, 0, 0.43%, 0, 0, 1, 378.23
1606742396, 1311, 2, 3, 0, 0, 0.43%, 0, 0, 1, 372.74
1606742401, 1314, 1, 3, 0, 0, 0.43%, 0, 0, 1, 373.95
1606742406, 1317, 0, 3, 0, 0, 0.43%, 0, 0, 1, 372.27
1606742411, 1319, 1, 3, 0, 0, 0.43%, 0, 0, 1, 373.99
1606742416, 1322, 0, 3, 0, 0, 0.43%, 0, 0, 1, 375.69
1606742422, 1324, 1, 3, 0, 0, 0.43%, 0, 0, 1, 374.50
1606742427, 1327, 0, 3, 0, 0, 0.43%, 0, 0, 1, 371.24
1606742432, 1329, 0, 3, 0, 0, 0.43%, 0, 0, 1, 358.49
1606742437, 1331, 1, 3, 0, 0, 0.43%, 0, 0, 1, 331.55
1606742442, 1333, 2, 3, 0, 0, 0.43%, 0, 0, 1, 331.13
1606742447, 1335, 2, 3, 0, 0, 0.43%, 0, 0, 1, 322.21
1606742452, 1338, 0, 3, 0, 0, 0.43%, 0, 0, 1, 352.89
1606742457, 1340, 2, 3, 0, 0, 0.43%, 0, 0, 1, 367.05
1606742462, 1343, 0, 3, 0, 0, 0.43%, 0, 0, 1, 374.98
1606742467, 1345, 2, 3, 0, 0, 0.43%, 0, 0, 1, 374.45
1606742473, 1348, 0, 3, 0, 0, 0.43%, 0, 0, 1, 376.79
1606742478, 1350, 2, 3, 0, 0, 0.43%, 0, 0, 1, 376.72
1606742483, 1353, 1, 3, 0, 0, 0.43%, 0, 0, 1, 377.20
1606742488, 1355, 2, 3, 0, 0, 0.43%, 0, 0, 1, 378.11
1606742493, 1358, 1, 3, 0, 0, 0.43%, 0, 0, 1, 379.27
1606742498, 1361, 0, 3, 0, 0, 0.43%, 0, 0, 1, 378.73
1606742504, 1363, 1, 3, 0, 0, 0.43%, 0, 0, 1, 377.16
1606742509, 1366, 0, 3, 0, 0, 0.43%, 0, 0, 1, 379.16
1606742514, 1368, 1, 3, 0, 0, 0.43%, 0, 0, 1, 380.36
1606742519, 1371, 0, 3, 0, 0, 0.43%, 0, 0, 1, 376.96
1606742524, 1373, 2, 3, 0, 0, 0.43%, 0, 0, 1, 378.20
1606742529, 1376, 0, 3, 0, 0, 0.43%, 0, 0, 1, 379.43
1606742534, 1378, 2, 3, 0, 0, 0.43%, 0, 0, 1, 381.96
1606742540, 1381, 1, 3, 0, 0, 0.43%, 0, 0, 1, 381.46
1606742545, 1383, 2, 3, 0, 0, 0.43%, 0, 0, 1, 380.45
1606742550, 1386, 1, 3, 0, 0, 0.43%, 0, 0, 1, 380.36
1606742555, 1388, 2, 3, 0, 0, 0.43%, 0, 0, 1, 380.45
1606742560, 1391, 1, 3, 0, 0, 0.43%, 0, 0, 1, 379.02
1606742565, 1394, 0, 3, 0, 0, 0.43%, 0, 0, 1, 379.64
1606742570, 1396, 1, 3, 0, 0, 0.43%, 0, 0, 1, 379.81
1606742576, 1399, 0, 3, 0, 0, 0.43%, 0, 0, 1, 379.65
1606742581, 1401, 1, 3, 0, 0, 0.43%, 0, 0, 1, 376.26
1606742586, 1404, 0, 3, 0, 0, 0.43%, 0, 0, 1, 358.09
1606742591, 1406, 1, 3, 0, 0, 0.43%, 0, 0, 1, 367.81
1606742596, 1409, 0, 3, 0, 0, 0.43%, 0, 0, 1, 378.43
1606742601, 1411, 1, 3, 0, 0, 0.43%, 0, 0, 1, 380.82
1606742606, 1414, 0, 3, 0, 0, 0.43%, 0, 0, 1, 381.32
1606742612, 1416, 1, 3, 0, 0, 0.43%, 0, 0, 1, 368.72
1606742617, 1419, 0, 3, 0, 0, 0.43%, 0, 0, 1, 378.31
1606742622, 1421, 2, 3, 0, 0, 0.43%, 0, 0, 1, 380.14
1606742627, 1424, 0, 3, 0, 0, 0.43%, 0, 0, 1, 380.06
1606742632, 1426, 2, 3, 0, 0, 0.43%, 0, 0, 1, 380.91
1606742637, 1429, 0, 3, 0, 0, 0.43%, 0, 0, 1, 379.86
1606742642, 1431, 2, 3, 0, 0, 0.43%, 0, 0, 1, 380.09
1606742648, 1434, 1, 3, 0, 0, 0.43%, 0, 0, 1, 379.42
1606742653, 1436, 2, 3, 0, 0, 0.43%, 0, 0, 1, 380.15
1606742658, 1439, 1, 3, 0, 0, 0.43%, 0, 0, 1, 379.33
1606742663, 1442, 0, 3, 0, 0, 0.43%, 0, 0, 1, 376.99
1606742668, 1444, 1, 3, 0, 0, 0.43%, 0, 0, 1, 377.80
1606742673, 1447, 0, 3, 0, 0, 0.43%, 0, 0, 1, 372.99
1606742679, 1449, 1, 3, 0, 0, 0.43%, 0, 0, 1, 375.44
1606742684, 1452, 0, 3, 0, 0, 0.43%, 0, 0, 1, 378.42
1606742689, 1454, 2, 3, 0, 0, 0.43%, 0, 0, 1, 378.66
1606742694, 1457, 0, 3, 0, 0, 0.43%, 0, 0, 1, 377.75
1606742699, 1459, 2, 3, 0, 0, 0.43%, 0, 0, 1, 379.26
1606742704, 1462, 1, 3, 0, 0, 0.43%, 0, 0, 1, 379.94
1606742710, 1464, 2, 3, 0, 0, 0.43%, 0, 0, 1, 379.95
1606742715, 1467, 1, 3, 0, 0, 0.43%, 0, 0, 1, 379.53
1606742720, 1469, 2, 3, 0, 0, 0.43%, 0, 0, 1, 374.25
1606742725, 1472, 1, 3, 0, 0, 0.43%, 0, 0, 1, 377.19
1606742730, 1475, 0, 3, 0, 0, 0.43%, 0, 0, 1, 377.18
1606742735, 1477, 1, 3, 0, 0, 0.43%, 0, 0, 1, 377.87
1606742741, 1480, 0, 3, 0, 0, 0.43%, 0, 0, 1, 377.88
1606742746, 1482, 2, 3, 0, 0, 0.43%, 0, 0, 1, 378.13
1606742751, 1485, 0, 3, 0, 0, 0.43%, 0, 0, 1, 378.67
1606742756, 1487, 2, 3, 0, 0, 0.43%, 0, 0, 1, 378.28
1606742761, 1490, 1, 3, 0, 0, 0.43%, 0, 0, 1, 378.31
1606742766, 1492, 2, 3, 0, 0, 0.43%, 0, 0, 1, 379.01
1606742772, 1495, 1, 3, 0, 0, 0.43%, 0, 0, 1, 379.57
1606742777, 1497, 2, 3, 0, 0, 0.43%, 0, 0, 1, 380.04
1606742782, 1500, 1, 3, 0, 0, 0.43%, 0, 0, 1, 379.15
1606742787, 1503, 0, 3, 0, 0, 0.43%, 0, 0, 1, 378.91
1606742792, 1505, 1, 3, 0, 0, 0.43%, 0, 0, 1, 379.22
1606742797, 1508, 0, 3, 0, 0, 0.43%, 0, 0, 1, 378.32
1606742802, 1510, 2, 3, 0, 0, 0.43%, 0, 0, 1, 378.81
1606742808, 1513, 0, 3, 0, 0, 0.43%, 0, 0, 1, 379.93
1606742813, 1515, 2, 3, 0, 0, 0.43%, 0, 0, 1, 380.62
1606742818, 1518, 0, 3, 0, 0, 0.43%, 0, 0, 1, 378.54
1606742823, 1520, 2, 3, 0, 0, 0.43%, 0, 0, 1, 378.60
1606742828, 1523, 1, 3, 0, 0, 0.43%, 0, 0, 1, 378.29
1606742833, 1525, 2, 3, 0, 0, 0.43%, 0, 0, 1, 380.18
1606742839, 1528, 1, 3, 0, 0, 0.43%, 0, 0, 1, 378.59
1606742844, 1531, 0, 3, 0, 0, 0.43%, 0, 0, 1, 379.41
1606742849, 1533, 1, 3, 0, 0, 0.43%, 0, 0, 1, 380.83
1606742854, 1536, 0, 3, 0, 0, 0.43%, 0, 0, 1, 379.42
1606742859, 1538, 1, 3, 0, 0, 0.43%, 0, 0, 1, 378.74
1606742864, 1541, 0, 3, 0, 0, 0.43%, 0, 0, 1, 377.56
1606742869, 1543, 2, 3, 0, 0, 0.43%, 0, 0, 1, 379.97
1606742875, 1546, 0, 3, 0, 0, 0.43%, 0, 0, 1, 380.12
1606742880, 1548, 2, 3, 0, 0, 0.43%, 0, 0, 1, 380.20
1606742885, 1551, 1, 3, 0, 0, 0.43%, 0, 0, 1, 378.66
1606742890, 1553, 2, 3, 0, 0, 0.43%, 0, 0, 1, 378.85
1606742895, 1556, 1, 3, 0, 0, 0.43%, 0, 0, 1, 380.02
1606742900, 1559, 0, 3, 0, 0, 0.43%, 0, 0, 1, 379.03
1606742905, 1561, 1, 3, 0, 0, 0.43%, 0, 0, 1, 378.93
1606742911, 1564, 0, 3, 0, 0, 0.43%, 0, 0, 1, 377.33
1606742916, 1566, 1, 3, 0, 0, 0.43%, 0, 0, 1, 375.98
1606742921, 1569, 0, 3, 0, 0, 0.43%, 0, 0, 1, 371.18
1606742926, 1571, 1, 3, 0, 0, 0.43%, 0, 0, 1, 362.78
1606742931, 1573, 2, 3, 0, 0, 0.43%, 0, 0, 1, 361.77
1606742936, 1576, 1, 3, 0, 0, 0.43%, 0, 0, 1, 376.55
1606742941, 1579, 0, 3, 0, 0, 0.43%, 0, 0, 1, 379.69
1606742947, 1581, 1, 3, 0, 0, 0.43%, 0, 0, 1, 379.31
1606742952, 1584, 0, 3, 0, 0, 0.43%, 0, 0, 1, 381.22
1606742957, 1586, 1, 3, 0, 0, 0.43%, 0, 0, 1, 380.91
1606742962, 1589, 0, 3, 0, 0, 0.43%, 0, 0, 1, 380.68
1606742967, 1591, 2, 3, 0, 0, 0.43%, 0, 0, 1, 381.08
1606742972, 1594, 0, 3, 0, 0, 0.43%, 0, 0, 1, 379.85
1606742977, 1596, 2, 3, 0, 0, 0.43%, 0, 0, 1, 380.71
1606742982, 1599, 0, 3, 0, 0, 0.43%, 0, 0, 1, 378.93
1606742988, 1601, 2, 3, 0, 0, 0.43%, 0, 0, 1, 380.26
1606742993, 1604, 1, 3, 0, 0, 0.43%, 0, 0, 1, 381.03
1606742998, 1606, 2, 3, 0, 0, 0.43%, 0, 0, 1, 379.31
1606743003, 1609, 1, 3, 0, 0, 0.43%, 0, 0, 1, 380.94
1606743008, 1612, 0, 3, 0, 0, 0.43%, 0, 0, 1, 380.60
1606743013, 1614, 1, 3, 0, 0, 0.43%, 0, 0, 1, 381.48
1606743018, 1617, 0, 3, 0, 0, 0.43%, 0, 0, 1, 380.77
1606743024, 1619, 2, 3, 0, 0, 0.43%, 0, 0, 1, 380.11
1606743029, 1622, 0, 3, 0, 0, 0.43%, 0, 0, 1, 381.24
1606743034, 1624, 2, 3, 0, 0, 0.43%, 0, 0, 1, 380.54
1606743039, 1627, 1, 3, 0, 0, 0.43%, 0, 0, 1, 381.27
1606743044, 1629, 2, 3, 0, 0, 0.43%, 0, 0, 1, 377.50
1606743049, 1632, 1, 3, 0, 0, 0.43%, 0, 0, 1, 380.25
1606743054, 1634, 2, 3, 0, 0, 0.43%, 0, 0, 1, 380.92
1606743060, 1637, 1, 3, 0, 0, 0.43%, 0, 0, 1, 379.24
1606743065, 1640, 0, 3, 0, 0, 0.43%, 0, 0, 1, 379.74
1606743070, 1642, 1, 3, 0, 0, 0.43%, 0, 0, 1, 380.25
1606743075, 1645, 0, 3, 0, 0, 0.43%, 0, 0, 1, 380.24
1606743080, 1647, 2, 3, 0, 0, 0.43%, 0, 0, 1, 380.46
1606743085, 1650, 0, 3, 0, 0, 0.43%, 0, 0, 1, 381.46
1606743090, 1652, 2, 3, 0, 0, 0.43%, 0, 0, 1, 381.27
1606743096, 1655, 0, 3, 0, 0, 0.43%, 0, 0, 1, 379.79
1606743101, 1657, 2, 3, 0, 0, 0.43%, 0, 0, 1, 380.66
1606743106, 1660, 1, 3, 0, 0, 0.43%, 0, 0, 1, 378.99
1606743111, 1662, 2, 3, 0, 0, 0.43%, 0, 0, 1, 378.96
1606743116, 1665, 1, 3, 0, 0, 0.43%, 0, 0, 1, 380.13
1606743121, 1668, 0, 3, 0, 0, 0.43%, 0, 0, 1, 380.40
1606743126, 1670, 1, 3, 0, 0, 0.43%, 0, 0, 1, 377.00
1606743132, 1673, 0, 3, 0, 0, 0.43%, 0, 0, 1, 379.28
1606743137, 1675, 2, 3, 0, 0, 0.43%, 0, 0, 1, 380.46
1606743142, 1678, 0, 3, 0, 0, 0.43%, 0, 0, 1, 380.09
1606743147, 1680, 2, 3, 0, 0, 0.43%, 0, 0, 1, 380.54
1606743152, 1683, 0, 3, 0, 0, 0.43%, 0, 0, 1, 379.73
1606743157, 1685, 2, 3, 0, 0, 0.43%, 0, 0, 1, 379.72
1606743163, 1688, 1, 3, 0, 0, 0.43%, 0, 0, 1, 376.34
1606743168, 1690, 2, 3, 0, 0, 0.43%, 0, 0, 1, 378.98
1606743173, 1693, 1, 3, 0, 0, 0.43%, 0, 0, 1, 380.86
1606743178, 1696, 0, 3, 0, 0, 0.43%, 0, 0, 1, 379.24
1606743183, 1698, 1, 3, 0, 0, 0.43%, 0, 0, 1, 379.48
1606743188, 1701, 0, 3, 0, 0, 0.43%, 0, 0, 1, 379.48
1606743193, 1703, 2, 3, 0, 0, 0.43%, 0, 0, 1, 379.44
1606743199, 1706, 0, 3, 0, 0, 0.43%, 0, 0, 1, 379.29
1606743204, 1708, 2, 3, 0, 0, 0.43%, 0, 0, 1, 379.61
1606743209, 1711, 0, 3, 0, 0, 0.43%, 0, 0, 1, 380.19
1606743214, 1713, 2, 3, 0, 0, 0.43%, 0, 0, 1, 380.09
1606743219, 1716, 1, 3, 0, 0, 0.43%, 0, 0, 1, 380.21
1606743224, 1718, 2, 3, 0, 0, 0.43%, 0, 0, 1, 380.51
1606743229, 1721, 1, 3, 0, 0, 0.43%, 0, 0, 1, 380.87
1606743234, 1724, 0, 3, 0, 0, 0.43%, 0, 0, 1, 380.50
1606743240, 1726, 1, 3, 0, 0, 0.43%, 0, 0, 1, 380.64
1606743245, 1729, 0, 3, 0, 0, 0.43%, 0, 0, 1, 380.95
1606743250, 1731, 1, 3, 0, 0, 0.43%, 0, 0, 1, 381.23
1606743255, 1734, 0, 3, 0, 0, 0.43%, 0, 0, 1, 381.61
1606743260, 1736, 2, 3, 0, 0, 0.43%, 0, 0, 1, 379.66
1606743265, 1739, 0, 3, 0, 0, 0.43%, 0, 0, 1, 378.99
1606743270, 1741, 2, 3, 0, 0, 0.43%, 0, 0, 1, 378.87
1606743276, 1744, 1, 3, 0, 0, 0.43%, 0, 0, 1, 379.91
1606743281, 1746, 2, 3, 0, 0, 0.43%, 0, 0, 1, 380.70
1606743286, 1749, 1, 3, 0, 0, 0.43%, 0, 0, 1, 379.37
1606743291, 1752, 0, 3, 0, 0, 0.43%, 0, 0, 1, 381.28
1606743296, 1754, 1, 3, 0, 0, 0.43%, 0, 0, 1, 380.97
1606743301, 1757, 0, 3, 0, 0, 0.43%, 0, 0, 1, 380.50
1606743306, 1759, 2, 3, 0, 0, 0.43%, 0, 0, 1, 380.47
1606743312, 1762, 0, 3, 0, 0, 0.43%, 0, 0, 1, 381.25
1606743317, 1764, 2, 3, 0, 0, 0.43%, 0, 0, 1, 381.76
1606743322, 1767, 0, 3, 0, 0, 0.43%, 0, 0, 1, 380.42
1606743327, 1769, 2, 3, 0, 0, 0.43%, 0, 0, 1, 381.29
1606743332, 1772, 1, 3, 0, 0, 0.43%, 0, 0, 1, 380.30
1606743337, 1774, 2, 3, 0, 0, 0.43%, 0, 0, 1, 379.04
1606743343, 1777, 1, 3, 0, 0, 0.43%, 0, 0, 1, 378.47
1606743348, 1780, 0, 3, 0, 0, 0.43%, 0, 0, 1, 380.38
1606743353, 1782, 1, 3, 0, 0, 0.43%, 0, 0, 1, 379.87
1606743358, 1785, 0, 3, 0, 0, 0.43%, 0, 0, 1, 379.34
1606743363, 1787, 2, 3, 0, 0, 0.43%, 0, 0, 1, 379.27
1606743368, 1790, 0, 3, 0, 0, 0.43%, 0, 0, 1, 380.05
1606743373, 1792, 2, 3, 0, 0, 0.43%, 0, 0, 1, 380.24
1606743378, 1795, 0, 3, 0, 0, 0.43%, 0, 0, 1, 379.11
1606743384, 1797, 2, 3, 0, 0, 0.43%, 0, 0, 1, 378.71
1606743389, 1800, 1, 3, 0, 0, 0.43%, 0, 0, 1, 379.60
1606743394, 1802, 2, 3, 0, 0, 0.43%, 0, 0, 1, 379.84
1606743399, 1805, 1, 3, 0, 0, 0.43%, 0, 0, 1, 380.49
1606743404, 1808, 0, 3, 0, 0, 0.43%, 0, 0, 1, 376.51
1606743409, 1810, 1, 3, 0, 0, 0.43%, 0, 0, 1, 379.23
1606743415, 1813, 0, 3, 0, 0, 0.43%, 0, 0, 1, 379.42
1606743420, 1815, 2, 3, 0, 0, 0.43%, 0, 0, 1, 380.05
1606743425, 1818, 0, 3, 0, 0, 0.43%, 0, 0, 1, 379.97
1606743430, 1820, 2, 3, 0, 0, 0.43%, 0, 0, 1, 379.62
1606743435, 1823, 0, 3, 0, 0, 0.43%, 0, 0, 1, 380.25
1606743440, 1825, 2, 3, 0, 0, 0.43%, 0, 0, 1, 379.46
1606743445, 1828, 1, 3, 0, 0, 0.43%, 0, 0, 1, 380.14
1606743451, 1830, 2, 3, 0, 0, 0.43%, 0, 0, 1, 379.72
1606743456, 1833, 1, 3, 0, 0, 0.43%, 0, 0, 1, 379.54
1606743461, 1836, 0, 3, 0, 0, 0.43%, 0, 0, 1, 380.00
1606743466, 1838, 1, 3, 0, 0, 0.43%, 0, 0, 1, 380.56
1606743471, 1841, 0, 3, 0, 0, 0.43%, 0, 0, 1, 380.52
1606743476, 1843, 2, 3, 0, 0, 0.43%, 0, 0, 1, 379.19
1606743481, 1846, 0, 3, 0, 0, 0.43%, 0, 0, 1, 380.17
1606743487, 1848, 2, 3, 0, 0, 0.43%, 0, 0, 1, 380.18
1606743492, 1851, 0, 3, 0, 0, 0.43%, 0, 0, 1, 380.55
1606743497, 1853, 2, 3, 0, 0, 0.43%, 0, 0, 1, 381.41
1606743502, 1856, 1, 3, 0, 0, 0.43%, 0, 0, 1, 380.49
1606743507, 1858, 2, 3, 0, 0, 0.43%, 0, 0, 1, 381.35
1606743512, 1861, 1, 3, 0, 0, 0.43%, 0, 0, 1, 380.83
1606743517, 1864, 0, 3, 0, 0, 0.43%, 0, 0, 1, 380.20
1606743523, 1866, 1, 3, 0, 0, 0.43%, 0, 0, 1, 379.27
1606743528, 1869, 0, 3, 0, 0, 0.43%, 0, 0, 1, 380.93
1606743533, 1871, 2, 3, 0, 0, 0.43%, 0, 0, 1, 379.93
1606743538, 1874, 0, 3, 0, 0, 0.43%, 0, 0, 1, 380.13
1606743543, 1876, 2, 3, 0, 0, 0.43%, 0, 0, 1, 379.44
1606743548, 1879, 0, 3, 0, 0, 0.43%, 0, 0, 1, 380.03
1606743553, 1881, 2, 3, 0, 0, 0.43%, 0, 0, 1, 380.34
1606743559, 1884, 1, 3, 0, 0, 0.43%, 0, 0, 1, 380.26
1606743564, 1886, 2, 3, 0, 0, 0.43%, 0, 0, 1, 379.17
1606743569, 1889, 1, 3, 0, 0, 0.43%, 0, 0, 1, 380.10
1606743574, 1892, 0, 3, 0, 0, 0.43%, 0, 0, 1, 380.15
1606743579, 1894, 1, 3, 0, 0, 0.43%, 0, 0, 1, 380.40
1606743584, 1897, 0, 3, 0, 0, 0.43%, 0, 0, 1, 380.66
1606743589, 1899, 2, 3, 0, 0, 0.43%, 0, 0, 1, 380.81
1606743595, 1902, 0, 3, 0, 0, 0.43%, 0, 0, 1, 380.93
1606743600, 1904, 2, 3, 0, 0, 0.43%, 0, 0, 1, 379.40
1606743605, 1907, 1, 3, 0, 0, 0.43%, 0, 0, 1, 379.20
1606743610, 1909, 2, 3, 0, 0, 0.43%, 0, 0, 1, 380.21
1606743615, 1912, 1, 3, 0, 0, 0.43%, 0, 0, 1, 379.31
1606743620, 1914, 2, 3, 0, 0, 0.43%, 0, 0, 1, 380.77
1606743626, 1917, 1, 3, 0, 0, 0.43%, 0, 0, 1, 379.64
1606743631, 1920, 0, 3, 0, 0, 0.43%, 0, 0, 1, 380.48
1606743636, 1922, 1, 3, 0, 0, 0.43%, 0, 0, 1, 380.24
1606743641, 1925, 0, 3, 0, 0, 0.43%, 0, 0, 1, 380.30
1606743646, 1927, 2, 3, 0, 0, 0.43%, 0, 0, 1, 380.78
1606743651, 1930, 0, 3, 0, 0, 0.43%, 0, 0, 1, 379.87
1606743656, 1932, 2, 3, 0, 0, 0.43%, 0, 0, 1, 378.25
1606743661, 1935, 1, 3, 0, 0, 0.43%, 0, 0, 1, 379.94
1606743667, 1937, 2, 3, 0, 0, 0.43%, 0, 0, 1, 379.76
1606743672, 1940, 1, 3, 0, 0, 0.43%, 0, 0, 1, 379.94
1606743677, 1942, 2, 3, 0, 0, 0.43%, 0, 0, 1, 380.96
1606743682, 1945, 1, 3, 0, 0, 0.43%, 0, 0, 1, 378.99
1606743687, 1948, 0, 3, 0, 0, 0.43%, 0, 0, 1, 381.08
1606743692, 1950, 1, 3, 0, 0, 0.43%, 0, 0, 1, 379.87
1606743697, 1953, 0, 3, 0, 0, 0.43%, 0, 0, 1, 379.05
1606743703, 1955, 2, 3, 0, 0, 0.43%, 0, 0, 1, 379.28
1606743708, 1958, 0, 3, 0, 0, 0.43%, 0, 0, 1, 380.20
1606743713, 1960, 2, 3, 0, 0, 0.43%, 0, 0, 1, 379.46
1606743718, 1963, 1, 3, 0, 0, 0.43%, 0, 0, 1, 379.29
1606743723, 1965, 2, 3, 0, 0, 0.43%, 0, 0, 1, 377.78
1606743728, 1968, 1, 3, 0, 0, 0.43%, 0, 0, 1, 376.05
1606743734, 1970, 2, 3, 0, 0, 0.43%, 0, 0, 1, 379.72
1606743739, 1973, 1, 3, 0, 0, 0.43%, 0, 0, 1, 378.24
1606743744, 1976, 0, 3, 0, 0, 0.43%, 0, 0, 1, 378.89
1606743749, 1978, 1, 3, 0, 0, 0.43%, 0, 0, 1, 378.11
1606743754, 1981, 0, 3, 0, 0, 0.43%, 0, 0, 1, 377.88
1606743759, 1983, 2, 3, 0, 0, 0.43%, 0, 0, 1, 377.37
1606743764, 1986, 0, 3, 0, 0, 0.43%, 0, 0, 1, 375.72
1606743770, 1988, 2, 3, 0, 0, 0.43%, 0, 0, 1, 374.74
1606743775, 1991, 0, 3, 0, 0, 0.43%, 0, 0, 1, 372.57
1606743780, 1993, 2, 3, 0, 0, 0.43%, 0, 0, 1, 373.06
1606743785, 1996, 0, 3, 0, 0, 0.43%, 0, 0, 1, 373.48
1606743790, 1998, 2, 3, 0, 0, 0.43%, 0, 0, 1, 373.41
1606743795, 2001, 0, 3, 0, 0, 0.43%, 0, 0, 1, 373.63
1606743801, 2003, 2, 3, 0, 0, 0.43%, 0, 0, 1, 374.44
1606743806, 2006, 0, 3, 0, 0, 0.43%, 0, 0, 1, 373.67
1606743811, 2008, 2, 3, 0, 0, 0.43%, 0, 0, 1, 373.91
1606743816, 2011, 0, 3, 0, 0, 0.43%, 0, 0, 1, 372.55
1606743821, 2013, 2, 3, 0, 0, 0.43%, 0, 0, 1, 373.20
1606743826, 2016, 0, 3, 0, 0, 0.43%, 0, 0, 1, 373.02
1606743831, 2018, 2, 3, 0, 0, 0.43%, 0, 0, 1, 372.54
1606743836, 2021, 0, 3, 0, 0, 0.43%, 0, 0, 1, 373.99
1606743842, 2023, 1, 3, 0, 0, 0.43%, 0, 0, 1, 372.55
1606743847, 2026, 0, 3, 0, 0, 0.43%, 0, 0, 1, 371.91
1606743852, 2028, 2, 3, 0, 0, 0.43%, 0, 0, 1, 371.62
1606743857, 2031, 0, 3, 0, 0, 0.43%, 0, 0, 1, 372.10
1606743862, 2033, 1, 3, 0, 0, 0.43%, 0, 0, 1, 372.37
1606743867, 2036, 0, 3, 0, 0, 0.43%, 0, 0, 1, 373.06
1606743872, 2038, 1, 3, 0, 0, 0.43%, 0, 0, 1, 374.43
1606743877, 2041, 0, 3, 0, 0, 0.43%, 0, 0, 1, 374.30
1606743883, 2043, 1, 3, 0, 0, 0.43%, 0, 0, 1, 373.38
1606743888, 2046, 0, 3, 0, 0, 0.43%, 0, 0, 1, 373.16
1606743893, 2048, 1, 3, 0, 0, 0.43%, 0, 0, 1, 374.44
1606743898, 2051, 0, 3, 0, 0, 0.43%, 0, 0, 1, 371.92
1606743903, 2053, 1, 3, 0, 0, 0.43%, 0, 0, 1, 373.99
1606743908, 2056, 0, 3, 0, 0, 0.43%, 0, 0, 1, 373.60
1606743913, 2058, 1, 3, 0, 0, 0.43%, 0, 0, 1, 374.25
1606743919, 2061, 0, 3, 0, 0, 0.43%, 0, 0, 1, 374.10
1606743924, 2063, 1, 3, 0, 0, 0.43%, 0, 0, 1, 375.37
1606743929, 2066, 0, 3, 0, 0, 0.43%, 0, 0, 1, 373.61
1606743934, 2068, 1, 3, 0, 0, 0.43%, 0, 0, 1, 372.87
1606743939, 2071, 0, 3, 0, 0, 0.43%, 0, 0, 1, 374.71
1606743944, 2073, 1, 3, 0, 0, 0.43%, 0, 0, 1, 375.01
1606743949, 2076, 0, 3, 0, 0, 0.43%, 0, 0, 1, 375.66
1606743954, 2078, 1, 3, 0, 0, 0.43%, 0, 0, 1, 375.36
1606743960, 2081, 0, 3, 0, 0, 0.43%, 0, 0, 1, 374.88
1606743965, 2083, 1, 3, 0, 0, 0.43%, 0, 0, 1, 376.14
1606743970, 2086, 0, 3, 0, 0, 0.43%, 0, 0, 1, 377.68
1606743975, 2088, 2, 3, 0, 0, 0.43%, 0, 0, 1, 376.67
1606743980, 2091, 0, 3, 0, 0, 0.43%, 0, 0, 1, 375.86
1606743986, 2093, 2, 3, 0, 0, 0.43%, 0, 0, 1, 374.82
1606743991, 2096, 1, 3, 0, 0, 0.43%, 0, 0, 1, 375.05
1606743996, 2098, 2, 3, 0, 0, 0.43%, 0, 0, 1, 375.00
1606744001, 2101, 1, 3, 0, 0, 0.43%, 0, 0, 1, 375.64
1606744006, 2103, 2, 3, 0, 0, 0.43%, 0, 0, 1, 376.49
1606744012, 2106, 1, 3, 0, 0, 0.43%, 0, 0, 1, 376.07
1606744017, 2109, 0, 3, 0, 0, 0.43%, 0, 0, 1, 374.47
1606744022, 2111, 1, 3, 0, 0, 0.43%, 0, 0, 1, 374.75
1606744027, 2113, 2, 3, 0, 0, 0.43%, 0, 0, 1, 375.33
1606744032, 2116, 1, 3, 0, 0, 0.43%, 0, 0, 1, 376.55
1606744037, 2119, 0, 3, 0, 0, 0.43%, 0, 0, 1, 377.61
1606744042, 2121, 1, 3, 0, 0, 0.43%, 0, 0, 1, 377.13
1606744048, 2124, 0, 3, 0, 0, 0.43%, 0, 0, 1, 378.00
1606744053, 2126, 2, 3, 0, 0, 0.43%, 0, 0, 1, 377.12
1606744058, 2129, 0, 3, 0, 0, 0.43%, 0, 0, 1, 376.92
1606744063, 2131, 2, 3, 0, 0, 0.43%, 0, 0, 1, 376.19
1606744068, 2134, 0, 3, 0, 0, 0.43%, 0, 0, 1, 376.03
1606744074, 2136, 2, 3, 0, 0, 0.43%, 0, 0, 1, 377.30
1606744079, 2139, 1, 3, 0, 0, 0.43%, 0, 0, 1, 376.21
1606744084, 2141, 2, 3, 0, 0, 0.43%, 0, 0, 1, 376.76
1606744089, 2144, 1, 3, 0, 0, 0.43%, 0, 0, 1, 377.17
1606744094, 2147, 0, 3, 0, 0, 0.43%, 0, 0, 1, 378.27
1606744099, 2149, 1, 3, 0, 0, 0.43%, 0, 0, 1, 377.60
1606744105, 2152, 0, 3, 0, 0, 0.43%, 0, 0, 1, 377.29
1606744110, 2154, 1, 3, 0, 0, 0.43%, 0, 0, 1, 377.13
1606744115, 2157, 0, 3, 0, 0, 0.43%, 0, 0, 1, 377.11
1606744120, 2159, 2, 3, 0, 0, 0.43%, 0, 0, 1, 377.87
1606744125, 2162, 0, 3, 0, 0, 0.43%, 0, 0, 1, 378.48
1606744130, 2164, 2, 3, 0, 0, 0.43%, 0, 0, 1, 377.83
1606744136, 2167, 1, 3, 0, 0, 0.43%, 0, 0, 1, 379.76
1606744141, 2169, 2, 3, 0, 0, 0.43%, 0, 0, 1, 379.36
1606744146, 2172, 1, 3, 0, 0, 0.43%, 0, 0, 1, 377.53
1606744151, 2175, 0, 3, 0, 0, 0.43%, 0, 0, 1, 379.61
1606744156, 2177, 1, 3, 0, 0, 0.43%, 0, 0, 1, 378.30
1606744161, 2180, 0, 3, 0, 0, 0.43%, 0, 0, 1, 378.41
1606744167, 2182, 1, 3, 0, 0, 0.43%, 0, 0, 1, 378.17
1606744172, 2185, 0, 3, 0, 0, 0.43%, 0, 0, 1, 378.50
1606744177, 2187, 2, 3, 0, 0, 0.43%, 0, 0, 1, 378.17
1606744182, 2190, 0, 3, 0, 0, 0.43%, 0, 0, 1, 376.93
1606744187, 2192, 2, 3, 0, 0, 0.43%, 0, 0, 1, 378.29
1606744192, 2195, 1, 3, 0, 0, 0.43%, 0, 0, 1, 378.16
1606744198, 2197, 2, 3, 0, 0, 0.43%, 0, 0, 1, 377.11
1606744203, 2200, 1, 3, 0, 0, 0.43%, 0, 0, 1, 375.64
1606744208, 2202, 2, 3, 0, 0, 0.43%, 0, 0, 1, 376.46
1606744213, 2205, 1, 3, 0, 0, 0.43%, 0, 0, 1, 372.37
1606744218, 2208, 0, 3, 0, 0, 0.43%, 0, 0, 1, 375.16
1606744224, 2210, 1, 3, 0, 0, 0.43%, 0, 0, 1, 376.43
1606744229, 2213, 0, 3, 0, 0, 0.43%, 0, 0, 1, 376.04
1606744234, 2215, 1, 3, 0, 0, 0.43%, 0, 0, 1, 377.06
1606744239, 2218, 0, 3, 0, 0, 0.43%, 0, 0, 1, 378.98
1606744244, 2220, 2, 3, 0, 0, 0.43%, 0, 0, 1, 377.12
1606744249, 2223, 0, 3, 0, 0, 0.43%, 0, 0, 1, 378.22
1606744255, 2225, 2, 3, 0, 0, 0.43%, 0, 0, 1, 377.94
1606744260, 2228, 0, 3, 0, 0, 0.43%, 0, 0, 1, 374.63
1606744265, 2230, 2, 3, 0, 0, 0.43%, 0, 0, 1, 373.97
1606744270, 2233, 0, 3, 0, 0, 0.43%, 0, 0, 1, 376.63
1606744275, 2235, 2, 3, 0, 0, 0.43%, 0, 0, 1, 376.64
1606744280, 2238, 1, 3, 0, 0, 0.43%, 0, 0, 1, 376.91
1606744285, 2240, 2, 3, 0, 0, 0.43%, 0, 0, 1, 376.32
1606744291, 2243, 1, 3, 0, 0, 0.43%, 0, 0, 1, 377.65
1606744296, 2246, 0, 3, 0, 0, 0.43%, 0, 0, 1, 375.99
1606744301, 2248, 1, 3, 0, 0, 0.43%, 0, 0, 1, 377.36
1606744306, 2251, 0, 3, 0, 0, 0.43%, 0, 0, 1, 376.48
1606744311, 2253, 1, 3, 0, 0, 0.43%, 0, 0, 1, 377.74
1606744316, 2256, 0, 3, 0, 0, 0.43%, 0, 0, 1, 374.89
1606744322, 2258, 1, 3, 0, 0, 0.43%, 0, 0, 1, 376.08
1606744327, 2261, 0, 3, 0, 0, 0.43%, 0, 0, 1, 373.73
1606744332, 2263, 1, 3, 0, 0, 0.43%, 0, 0, 1, 373.30
1606744337, 2266, 0, 3, 0, 0, 0.43%, 0, 0, 1, 374.38
1606744342, 2268, 1, 3, 0, 0, 0.43%, 0, 0, 1, 374.55
1606744347, 2271, 0, 3, 0, 0, 0.43%, 0, 0, 1, 374.80
1606744352, 2273, 1, 3, 0, 0, 0.43%, 0, 0, 1, 375.16
1606744357, 2276, 0, 3, 0, 0, 0.43%, 0, 0, 1, 375.68
1606744362, 2278, 1, 3, 0, 0, 0.43%, 0, 0, 1, 377.10
1606744368, 2281, 0, 3, 0, 0, 0.43%, 0, 0, 1, 376.83
1606744373, 2283, 2, 3, 0, 0, 0.43%, 0, 0, 1, 376.40
1606744378, 2286, 0, 3, 0, 0, 0.43%, 0, 0, 1, 375.34
1606744383, 2288, 2, 3, 0, 0, 0.43%, 0, 0, 1, 375.52
1606744388, 2291, 0, 3, 0, 0, 0.43%, 0, 0, 1, 374.13
1606744394, 2293, 2, 3, 0, 0, 0.43%, 0, 0, 1, 375.66
1606744399, 2296, 1, 3, 0, 0, 0.43%, 0, 0, 1, 377.64
1606744404, 2298, 2, 3, 0, 0, 0.43%, 0, 0, 1, 371.39
1606744409, 2301, 1, 3, 0, 0, 0.43%, 0, 0, 1, 372.10
1606744414, 2303, 2, 3, 0, 0, 0.43%, 0, 0, 1, 373.67
1606744420, 2306, 1, 3, 0, 0, 0.43%, 0, 0, 1, 376.08
1606744425, 2308, 2, 3, 0, 0, 0.43%, 0, 0, 1, 376.57
1606744430, 2311, 1, 3, 0, 0, 0.43%, 0, 0, 1, 379.44
1606744435, 2314, 0, 3, 0, 0, 0.43%, 0, 0, 1, 379.93
1606744440, 2316, 1, 3, 0, 0, 0.43%, 0, 0, 1, 376.19
1606744445, 2319, 0, 3, 0, 0, 0.43%, 0, 0, 1, 374.36
1606744451, 2321, 1, 3, 0, 0, 0.43%, 0, 0, 1, 369.57
1606744456, 2324, 0, 3, 0, 0, 0.43%, 0, 0, 1, 370.22
1606744461, 2326, 2, 3, 0, 0, 0.43%, 0, 0, 1, 371.01
1606744466, 2329, 0, 3, 0, 0, 0.43%, 0, 0, 1, 371.15
1606744471, 2331, 1, 3, 0, 0, 0.43%, 0, 0, 1, 371.72
1606744476, 2334, 0, 3, 0, 0, 0.43%, 0, 0, 1, 371.09
1606744481, 2336, 1, 3, 0, 0, 0.43%, 0, 0, 1, 372.61
1606744486, 2339, 0, 3, 0, 0, 0.43%, 0, 0, 1, 371.54
1606744492, 2341, 1, 3, 0, 0, 0.43%, 0, 0, 1, 370.54
1606744497, 2344, 0, 3, 0, 0, 0.43%, 0, 0, 1, 371.01
1606744502, 2346, 1, 3, 0, 0, 0.43%, 0, 0, 1, 371.94
1606744507, 2349, 0, 3, 0, 0, 0.43%, 0, 0, 1, 370.32
1606744512, 2351, 1, 3, 0, 0, 0.43%, 0, 0, 1, 375.96
1606744518, 2354, 0, 3, 0, 0, 0.43%, 0, 0, 1, 376.48
1606744523, 2356, 2, 3, 0, 0, 0.43%, 0, 0, 1, 375.86
1606744528, 2359, 0, 3, 0, 0, 0.43%, 0, 0, 1, 373.96
1606744533, 2361, 2, 3, 0, 0, 0.43%, 0, 0, 1, 370.70
1606744538, 2364, 0, 3, 0, 0, 0.43%, 0, 0, 1, 374.45
1606744544, 2366, 2, 3, 0, 0, 0.43%, 0, 0, 1, 375.81
1606744549, 2369, 0, 3, 0, 0, 0.43%, 0, 0, 1, 377.81
1606744554, 2371, 2, 3, 0, 0, 0.43%, 0, 0, 1, 376.21
1606744559, 2374, 1, 3, 0, 0, 0.43%, 0, 0, 1, 376.91
1606744564, 2376, 2, 3, 0, 0, 0.43%, 0, 0, 1, 377.22
1606744569, 2378, 2, 3, 0, 0, 0.43%, 0, 0, 1, 280.45
1606748112, 2379, 1, 3, 0, 0, 0.43%, 0, 0, 1, 0.00
1606748117, 2381, 2, 3, 0, 0, 0.43%, 0, 0, 1, 312.46
1606748122, 2384, 0, 3, 0, 0, 0.43%, 0, 0, 1, 342.74
1606748127, 2386, 1, 3, 0, 0, 0.43%, 0, 0, 1, 366.12
1606748133, 2389, 0, 3, 0, 0, 0.43%, 0, 0, 1, 371.63
1606748138, 2391, 2, 3, 0, 0, 0.43%, 0, 0, 1, 381.08
1606748143, 2394, 0, 3, 0, 0, 0.43%, 0, 0, 1, 380.93
1606748148, 2396, 2, 3, 0, 0, 0.43%, 0, 0, 1, 372.40
1606748153, 2399, 0, 3, 0, 0, 0.43%, 0, 0, 1, 378.79
1606748158, 2401, 2, 3, 0, 0, 0.43%, 0, 0, 1, 374.41
1606748164, 2404, 0, 3, 0, 0, 0.43%, 0, 0, 1, 364.17
1606748169, 2406, 2, 3, 0, 0, 0.43%, 0, 0, 1, 386.28
1606748174, 2409, 1, 3, 0, 0, 0.43%, 0, 0, 1, 373.65
1606748179, 2411, 2, 3, 0, 0, 0.43%, 0, 0, 1, 374.58
1606748184, 2414, 1, 3, 0, 0, 0.43%, 0, 0, 1, 380.68
1606748189, 2416, 2, 3, 0, 0, 0.43%, 0, 0, 1, 389.99
1606748194, 2419, 1, 3, 0, 0, 0.43%, 0, 0, 1, 392.45
1606748199, 2422, 0, 3, 0, 0, 0.43%, 0, 0, 1, 394.76
1606748204, 2424, 1, 3, 0, 0, 0.43%, 0, 0, 1, 396.13
1606748209, 2427, 0, 3, 0, 0, 0.43%, 0, 0, 1, 384.84
1606748214, 2429, 2, 3, 0, 0, 0.43%, 0, 0, 1, 390.48
1606748219, 2432, 0, 3, 0, 0, 0.43%, 0, 0, 1, 384.22
1606748224, 2434, 2, 3, 0, 0, 0.43%, 0, 0, 1, 387.04
1606748229, 2437, 0, 3, 0, 0, 0.43%, 0, 0, 1, 370.82
1606748235, 2439, 2, 3, 0, 0, 0.43%, 0, 0, 1, 374.60
1606748240, 2442, 0, 3, 0, 0, 0.43%, 0, 0, 1, 386.57
1606748245, 2444, 2, 3, 0, 0, 0.43%, 0, 0, 1, 387.33
1606748250, 2447, 1, 3, 0, 0, 0.43%, 0, 0, 1, 386.40
1606748255, 2449, 2, 3, 0, 0, 0.43%, 0, 0, 1, 364.67
1606748260, 2451, 2, 3, 0, 0, 0.43%, 0, 0, 1, 319.08
1606748265, 2454, 0, 3, 0, 0, 0.43%, 0, 0, 1, 364.10
1606748270, 2456, 2, 3, 0, 0, 0.43%, 0, 0, 1, 379.81
1606748275, 2459, 0, 3, 0, 0, 0.43%, 0, 0, 1, 364.58
1606748280, 2461, 1, 3, 0, 0, 0.43%, 0, 0, 1, 366.77
1606748285, 2464, 0, 3, 0, 0, 0.43%, 0, 0, 1, 379.87
1606748290, 2466, 1, 3, 0, 0, 0.43%, 0, 0, 1, 383.50
1606748295, 2469, 0, 3, 0, 0, 0.43%, 0, 0, 1, 387.34
1606748300, 2471, 2, 3, 0, 0, 0.43%, 0, 0, 1, 387.73
1606748305, 2474, 0, 3, 0, 0, 0.43%, 0, 0, 1, 383.08
1606748310, 2476, 2, 3, 0, 0, 0.43%, 0, 0, 1, 370.22
1606748316, 2479, 0, 3, 0, 0, 0.43%, 0, 0, 1, 364.62
1606748321, 2481, 1, 3, 0, 0, 0.43%, 0, 0, 1, 354.18
1606748326, 2484, 0, 3, 0, 0, 0.43%, 0, 0, 1, 373.20
1606748331, 2486, 1, 3, 0, 0, 0.43%, 0, 0, 1, 352.94
1606748336, 2488, 2, 3, 0, 0, 0.43%, 0, 0, 1, 359.80
1606748341, 2491, 0, 3, 0, 0, 0.43%, 0, 0, 1, 350.44
1606748346, 2493, 1, 3, 0, 0, 0.43%, 0, 0, 1, 366.05
1606748351, 2495, 2, 3, 0, 0, 0.43%, 0, 0, 1, 368.72
1606748356, 2498, 0, 3, 0, 0, 0.43%, 0, 0, 1, 357.37
1606748361, 2500, 1, 3, 0, 0, 0.43%, 0, 0, 1, 334.90
1606748366, 2502, 1, 3, 0, 0, 0.43%, 0, 0, 1, 324.40
1606748372, 2504, 2, 3, 0, 0, 0.43%, 0, 0, 1, 338.46
1606748377, 2507, 0, 3, 0, 0, 0.43%, 0, 0, 1, 347.02
1606748382, 2509, 1, 3, 0, 0, 0.43%, 0, 0, 1, 346.56
1606748387, 2511, 2, 3, 0, 0, 0.43%, 0, 0, 1, 348.42
1606748392, 2514, 0, 3, 0, 0, 0.43%, 0, 0, 1, 335.85
1606748397, 2516, 1, 3, 0, 0, 0.43%, 0, 0, 1, 353.71
1606748402, 2518, 2, 3, 0, 0, 0.43%, 0, 0, 1, 367.95
1606748408, 2521, 1, 3, 0, 0, 0.43%, 0, 0, 1, 370.58
1606748413, 2523, 2, 3, 0, 0, 0.43%, 0, 0, 1, 348.29
1606748418, 2525, 2, 3, 0, 0, 0.43%, 0, 0, 1, 343.34
1606748423, 2528, 0, 3, 0, 0, 0.43%, 0, 0, 1, 360.13
1606748428, 2530, 2, 3, 0, 0, 0.43%, 0, 0, 1, 372.33
1606748433, 2533, 0, 3, 0, 0, 0.43%, 0, 0, 1, 361.15
1606748438, 2535, 1, 3, 0, 0, 0.43%, 0, 0, 1, 361.46
1606748443, 2538, 0, 3, 0, 0, 0.43%, 0, 0, 1, 367.21
1606748448, 2540, 1, 3, 0, 0, 0.43%, 0, 0, 1, 373.94
1606748453, 2543, 0, 3, 0, 0, 0.43%, 0, 0, 1, 374.80
1606748459, 2545, 1, 3, 0, 0, 0.43%, 0, 0, 1, 374.52
1606748464, 2548, 0, 3, 0, 0, 0.43%, 0, 0, 1, 373.92
1606748469, 2550, 1, 3, 0, 0, 0.43%, 0, 0, 1, 356.13
1606748474, 2552, 2, 3, 0, 0, 0.43%, 0, 0, 1, 353.90
1606748479, 2555, 1, 3, 0, 0, 0.43%, 0, 0, 1, 367.97
1606748485, 2557, 2, 3, 0, 0, 0.43%, 0, 0, 1, 371.74
1606748490, 2560, 1, 3, 0, 0, 0.43%, 0, 0, 1, 364.55
1606748495, 2562, 2, 3, 0, 0, 0.43%, 0, 0, 1, 361.16
1606748500, 2565, 0, 3, 0, 0, 0.43%, 0, 0, 1, 370.05
1606748505, 2567, 2, 3, 0, 0, 0.43%, 0, 0, 1, 359.52
1606748510, 2570, 0, 3, 0, 0, 0.43%, 0, 0, 1, 370.94
1606748516, 2572, 2, 3, 0, 0, 0.43%, 0, 0, 1, 373.45
1606748521, 2575, 0, 3, 0, 0, 0.43%, 0, 0, 1, 374.80
1606748526, 2577, 1, 3, 0, 0, 0.43%, 0, 0, 1, 366.95
1606748531, 2580, 0, 3, 0, 0, 0.43%, 0, 0, 1, 373.67
1606748536, 2582, 1, 3, 0, 0, 0.43%, 0, 0, 1, 372.87
1606748541, 2585, 0, 3, 0, 0, 0.43%, 0, 0, 1, 370.52
1606748546, 2587, 1, 3, 0, 0, 0.43%, 0, 0, 1, 362.25
1606748551, 2589, 2, 3, 0, 0, 0.43%, 0, 0, 1, 365.04
1606748557, 2592, 1, 3, 0, 0, 0.43%, 0, 0, 1, 368.36
1606748562, 2594, 2, 3, 0, 0, 0.43%, 0, 0, 1, 361.81
1606748567, 2597, 0, 3, 0, 0, 0.43%, 0, 0, 1, 367.31
1606748572, 2599, 1, 3, 0, 0, 0.43%, 0, 0, 1, 361.94
1606748577, 2602, 0, 3, 0, 0, 0.43%, 0, 0, 1, 374.10
1606748582, 2604, 2, 3, 0, 0, 0.43%, 0, 0, 1, 373.27
1606748587, 2607, 0, 3, 0, 0, 0.43%, 0, 0, 1, 369.83
1606748592, 2609, 1, 3, 0, 0, 0.43%, 0, 0, 1, 362.07
1606748597, 2611, 2, 3, 0, 0, 0.43%, 0, 0, 1, 368.23
1606748602, 2614, 1, 3, 0, 0, 0.43%, 0, 0, 1, 371.46
1606748608, 2616, 2, 3, 0, 0, 0.43%, 0, 0, 1, 371.28
1606748613, 2618, 2, 3, 0, 0, 0.43%, 0, 0, 1, 305.61
1606748618, 2620, 1, 3, 0, 0, 0.43%, 0, 0, 1, 267.28
1606748623, 2622, 1, 3, 0, 0, 0.43%, 0, 0, 1, 263.71
1606748628, 2624, 0, 3, 0, 0, 0.43%, 0, 0, 1, 259.80
1606748633, 2625, 2, 3, 0, 0, 0.43%, 0, 0, 1, 261.57
1606748638, 2628, 0, 3, 0, 0, 0.43%, 0, 0, 1, 336.03
1606748643, 2630, 1, 3, 0, 0, 0.43%, 0, 0, 1, 365.18
1606748648, 2633, 0, 3, 0, 0, 0.43%, 0, 0, 1, 371.22
1606748654, 2635, 1, 3, 0, 0, 0.43%, 0, 0, 1, 373.78
1606748659, 2638, 0, 3, 0, 0, 0.43%, 0, 0, 1, 373.55
1606748664, 2640, 1, 3, 0, 0, 0.43%, 0, 0, 1, 375.71
1606748669, 2643, 0, 3, 0, 0, 0.43%, 0, 0, 1, 372.73
1606748674, 2645, 1, 3, 0, 0, 0.43%, 0, 0, 1, 373.77
1606748679, 2648, 0, 3, 0, 0, 0.43%, 0, 0, 1, 375.66
1606748685, 2650, 1, 3, 0, 0, 0.43%, 0, 0, 1, 364.05
1606748690, 2652, 2, 3, 0, 0, 0.43%, 0, 0, 1, 351.79
1606748695, 2655, 0, 3, 0, 0, 0.43%, 0, 0, 1, 367.14
1606748700, 2657, 2, 3, 0, 0, 0.43%, 0, 0, 1, 372.82
1606748705, 2660, 0, 3, 0, 0, 0.43%, 0, 0, 1, 366.45
1606748710, 2662, 1, 3, 0, 0, 0.43%, 0, 0, 1, 359.80
1606748715, 2664, 2, 3, 0, 0, 0.43%, 0, 0, 1, 347.34
1606748720, 2667, 0, 3, 0, 0, 0.43%, 0, 0, 1, 365.34
1606748725, 2669, 2, 3, 0, 0, 0.43%, 0, 0, 1, 366.51
1606748730, 2672, 0, 3, 0, 0, 0.43%, 0, 0, 1, 353.83
1606748735, 2674, 1, 3, 0, 0, 0.43%, 0, 0, 1, 360.29
1606748741, 2676, 2, 3, 0, 0, 0.43%, 0, 0, 1, 370.37
1606748746, 2679, 1, 3, 0, 0, 0.43%, 0, 0, 1, 361.76
1606748751, 2681, 2, 3, 0, 0, 0.43%, 0, 0, 1, 365.25
1606748756, 2684, 0, 3, 0, 0, 0.43%, 0, 0, 1, 363.08
1606748761, 2686, 2, 3, 0, 0, 0.43%, 0, 0, 1, 365.47
1606748766, 2689, 0, 3, 0, 0, 0.43%, 0, 0, 1, 358.73
1606748771, 2691, 1, 3, 0, 0, 0.43%, 0, 0, 1, 353.49
1606748777, 2693, 2, 3, 0, 0, 0.43%, 0, 0, 1, 354.05
1606748782, 2696, 0, 3, 0, 0, 0.43%, 0, 0, 1, 354.38
1606748787, 2698, 1, 3, 0, 0, 0.43%, 0, 0, 1, 355.65
1606748792, 2700, 2, 3, 0, 0, 0.43%, 0, 0, 1, 359.35
1606748797, 2703, 0, 3, 0, 0, 0.43%, 0, 0, 1, 354.65
1606748802, 2705, 1, 3, 0, 0, 0.43%, 0, 0, 1, 335.62
1606748807, 2707, 2, 3, 0, 0, 0.43%, 0, 0, 1, 355.11
1606748812, 2710, 0, 3, 0, 0, 0.43%, 0, 0, 1, 336.10
1606748817, 2712, 1, 3, 0, 0, 0.43%, 0, 0, 1, 360.86
1606748822, 2714, 2, 3, 0, 0, 0.43%, 0, 0, 1, 351.47
1606748827, 2717, 0, 3, 0, 0, 0.43%, 0, 0, 1, 346.56
1606748832, 2719, 0, 3, 0, 0, 0.43%, 0, 0, 1, 345.49
1606748837, 2721, 1, 3, 0, 0, 0.43%, 0, 0, 1, 348.93
1606748842, 2723, 2, 3, 0, 0, 0.43%, 0, 0, 1, 335.06
1606748848, 2726, 0, 3, 0, 0, 0.43%, 0, 0, 1, 337.16
1606748853, 2728, 1, 3, 0, 0, 0.43%, 0, 0, 1, 349.37
1606748858, 2730, 2, 3, 0, 0, 0.43%, 0, 0, 1, 348.54
1606748863, 2733, 0, 3, 0, 0, 0.43%, 0, 0, 1, 358.26
1606748868, 2735, 1, 3, 0, 0, 0.43%, 0, 0, 1, 353.72
1606748873, 2737, 2, 3, 0, 0, 0.43%, 0, 0, 1, 360.22
1606748878, 2740, 0, 3, 0, 0, 0.43%, 0, 0, 1, 354.63
1606748884, 2742, 1, 3, 0, 0, 0.43%, 0, 0, 1, 356.35
1606748889, 2744, 2, 3, 0, 0, 0.43%, 0, 0, 1, 343.77
1606748894, 2747, 0, 3, 0, 0, 0.43%, 0, 0, 1, 340.67
1606748899, 2749, 1, 3, 0, 0, 0.43%, 0, 0, 1, 348.49
1606748904, 2751, 1, 3, 0, 0, 0.43%, 0, 0, 1, 335.91
1606748909, 2753, 2, 3, 0, 0, 0.43%, 0, 0, 1, 340.06
1606748914, 2756, 0, 3, 0, 0, 0.43%, 0, 0, 1, 341.28
1606748919, 2758, 0, 3, 0, 0, 0.43%, 0, 0, 1, 350.63
1606748924, 2760, 1, 3, 0, 0, 0.43%, 0, 0, 1, 340.23
1606748929, 2762, 0, 3, 0, 0, 0.43%, 0, 0, 1, 262.66
1606748934, 2764, 1, 3, 0, 0, 0.43%, 0, 0, 1, 335.64
1606748939, 2766, 2, 3, 0, 0, 0.43%, 0, 0, 1, 351.60
1606748945, 2769, 0, 3, 0, 0, 0.43%, 0, 0, 1, 355.58
1606748950, 2771, 2, 3, 0, 0, 0.43%, 0, 0, 1, 363.08
1606748955, 2773, 2, 3, 0, 0, 0.43%, 0, 0, 1, 339.96
1606748960, 2776, 0, 3, 0, 0, 0.43%, 0, 0, 1, 334.15
1606748965, 2778, 1, 3, 0, 0, 0.43%, 0, 0, 1, 341.74
1606748970, 2780, 2, 3, 0, 0, 0.43%, 0, 0, 1, 354.68
1606748975, 2783, 0, 3, 0, 0, 0.43%, 0, 0, 1, 355.45
1606748980, 2785, 1, 3, 0, 0, 0.43%, 0, 0, 1, 355.76
1606748985, 2787, 1, 3, 0, 0, 0.43%, 0, 0, 1, 334.76
1606748991, 2789, 2, 3, 0, 0, 0.43%, 0, 0, 1, 339.59
1606748996, 2792, 0, 3, 0, 0, 0.43%, 0, 0, 1, 331.33
1606749001, 2794, 0, 3, 0, 0, 0.43%, 0, 0, 1, 331.53
1606749006, 2796, 1, 3, 0, 0, 0.43%, 0, 0, 1, 335.87
1606749011, 2798, 1, 3, 0, 0, 0.43%, 0, 0, 1, 321.78
1606749016, 2800, 2, 3, 0, 0, 0.43%, 0, 0, 1, 325.85
1606749021, 2802, 2, 3, 0, 0, 0.43%, 0, 0, 1, 328.09
1606749026, 2805, 0, 3, 0, 0, 0.43%, 0, 0, 1, 333.28
1606749031, 2807, 0, 3, 0, 0, 0.43%, 0, 0, 1, 328.43
1606749036, 2809, 1, 3, 0, 0, 0.43%, 0, 0, 1, 329.52
1606749041, 2811, 1, 3, 0, 0, 0.43%, 0, 0, 1, 326.13
1606749046, 2813, 2, 3, 0, 0, 0.43%, 0, 0, 1, 326.00
1606749051, 2815, 2, 3, 0, 0, 0.43%, 0, 0, 1, 329.52
1606749056, 2818, 0, 3, 0, 0, 0.43%, 0, 0, 1, 346.14
1606749062, 2820, 1, 3, 0, 0, 0.43%, 0, 0, 1, 347.67
1606749067, 2822, 2, 3, 0, 0, 0.43%, 0, 0, 1, 353.88
1606749072, 2825, 0, 3, 0, 0, 0.43%, 0, 0, 1, 354.71
1606749077, 2827, 1, 3, 0, 0, 0.43%, 0, 0, 1, 349.76
1606749082, 2829, 2, 3, 0, 0, 0.43%, 0, 0, 1, 354.00
1606749087, 2832, 0, 3, 0, 0, 0.43%, 0, 0, 1, 336.95
1606749092, 2834, 0, 3, 0, 0, 0.43%, 0, 0, 1, 344.70
1606749097, 2836, 2, 3, 0, 0, 0.43%, 0, 0, 1, 348.04
1606749102, 2839, 0, 3, 0, 0, 0.43%, 0, 0, 1, 356.73
1606749107, 2841, 0, 3, 0, 0, 0.43%, 0, 0, 1, 341.50
1606749112, 2843, 1, 3, 0, 0, 0.43%, 0, 0, 1, 339.75
1606749118, 2845, 2, 3, 0, 0, 0.43%, 0, 0, 1, 350.61
1606749123, 2848, 0, 3, 0, 0, 0.43%, 0, 0, 1, 346.03
1606749128, 2850, 1, 3, 0, 0, 0.43%, 0, 0, 1, 336.45
1606749133, 2852, 2, 3, 0, 0, 0.43%, 0, 0, 1, 344.83
1606749138, 2854, 2, 3, 0, 0, 0.43%, 0, 0, 1, 342.50
1606749143, 2857, 0, 3, 0, 0, 0.43%, 0, 0, 1, 333.56
1606749148, 2859, 1, 3, 0, 0, 0.43%, 0, 0, 1, 347.52
1606749153, 2861, 2, 3, 0, 0, 0.43%, 0, 0, 1, 347.61
1606749159, 2864, 0, 3, 0, 0, 0.43%, 0, 0, 1, 354.86
1606749164, 2866, 1, 3, 0, 0, 0.43%, 0, 0, 1, 358.13
1606749169, 2868, 2, 3, 0, 0, 0.43%, 0, 0, 1, 353.70
1606749174, 2871, 0, 3, 0, 0, 0.43%, 0, 0, 1, 354.05
1606749179, 2873, 1, 3, 0, 0, 0.43%, 0, 0, 1, 351.05
1606749184, 2875, 2, 3, 0, 0, 0.43%, 0, 0, 1, 349.58
1606749189, 2878, 0, 3, 0, 0, 0.43%, 0, 0, 1, 350.51
1606749194, 2880, 1, 3, 0, 0, 0.43%, 0, 0, 1, 356.70
1606749199, 2882, 2, 3, 0, 0, 0.43%, 0, 0, 1, 352.90
1606749204, 2885, 0, 3, 0, 0, 0.43%, 0, 0, 1, 355.31
1606749209, 2887, 1, 3, 0, 0, 0.43%, 0, 0, 1, 348.00
1606749214, 2889, 2, 3, 0, 0, 0.43%, 0, 0, 1, 350.08
1606749219, 2892, 0, 3, 0, 0, 0.43%, 0, 0, 1, 349.60
1606749224, 2894, 1, 3, 0, 0, 0.43%, 0, 0, 1, 343.52
1606749229, 2896, 1, 3, 0, 0, 0.43%, 0, 0, 1, 334.89
1606749234, 2898, 2, 3, 0, 0, 0.43%, 0, 0, 1, 335.22
1606749239, 2900, 2, 3, 0, 0, 0.43%, 0, 0, 1, 325.76
1606749244, 2903, 0, 3, 0, 0, 0.43%, 0, 0, 1, 328.94
1606749249, 2905, 0, 3, 0, 0, 0.43%, 0, 0, 1, 327.91
1606749254, 2907, 1, 3, 0, 0, 0.43%, 0, 0, 1, 335.09
1606749260, 2909, 2, 3, 0, 0, 0.43%, 0, 0, 1, 347.20
1606749265, 2912, 0, 3, 0, 0, 0.43%, 0, 0, 1, 354.79
1606749270, 2914, 1, 3, 0, 0, 0.43%, 0, 0, 1, 353.60
1606749275, 2916, 2, 3, 0, 0, 0.43%, 0, 0, 1, 352.50
1606749280, 2919, 0, 3, 0, 0, 0.43%, 0, 0, 1, 354.10
1606749285, 2921, 1, 3, 0, 0, 0.43%, 0, 0, 1, 352.60
1606749290, 2923, 2, 3, 0, 0, 0.43%, 0, 0, 1, 349.90
1606749295, 2926, 0, 3, 0, 0, 0.43%, 0, 0, 1, 349.85
1606749300, 2928, 1, 3, 0, 0, 0.43%, 0, 0, 1, 353.37
1606749305, 2930, 1, 3, 0, 0, 0.43%, 0, 0, 1, 339.94
1606749310, 2932, 2, 3, 0, 0, 0.43%, 0, 0, 1, 349.23
1606749315, 2935, 0, 3, 0, 0, 0.43%, 0, 0, 1, 354.54
1606749320, 2937, 1, 3, 0, 0, 0.43%, 0, 0, 1, 344.63
1606749325, 2939, 2, 3, 0, 0, 0.43%, 0, 0, 1, 347.61
1606749330, 2942, 0, 3, 0, 0, 0.43%, 0, 0, 1, 356.85
1606749335, 2944, 1, 3, 0, 0, 0.43%, 0, 0, 1, 356.48
