# unix_time, cycles_done, cur_path, paths_total, pending_total, pending_favs, map_size, unique_crashes, unique_hangs, max_depth, execs_per_sec
1606739511, 0, 0, 3, 3, 1, 0.43%, 0, 0, 1, 333.33
1606739516, 3, 0, 3, 0, 0, 0.43%, 0, 0, 1, 373.96
1606739521, 5, 1, 3, 0, 0, 0.43%, 0, 0, 1, 383.40
1606739526, 8, 0, 3, 0, 0, 0.43%, 0, 0, 1, 387.83
1606739531, 10, 2, 3, 0, 0, 0.43%, 0, 0, 1, 391.72
1606739536, 13, 0, 3, 0, 0, 0.43%, 0, 0, 1, 391.93
1606739541, 15, 2, 3, 0, 0, 0.43%, 0, 0, 1, 392.43
1606739546, 18, 1, 3, 0, 0, 0.43%, 0, 0, 1, 392.54
1606739551, 21, 0, 3, 0, 0, 0.43%, 0, 0, 1, 391.58
1606739556, 23, 1, 3, 0, 0, 0.43%, 0, 0, 1, 386.41
1606739561, 26, 0, 3, 0, 0, 0.43%, 0, 0, 1, 385.50
1606739566, 28, 1, 3, 0, 0, 0.43%, 0, 0, 1, 385.36
1606739571, 30, 2, 3, 0, 0, 0.43%, 0, 0, 1, 363.32
1606739576, 33, 0, 3, 0, 0, 0.43%, 0, 0, 1, 359.98
1606739581, 35, 2, 3, 0, 0, 0.43%, 0, 0, 1, 369.22
1606739586, 38, 0, 3, 0, 0, 0.43%, 0, 0, 1, 367.97
1606739591, 40, 2, 3, 0, 0, 0.43%, 0, 0, 1, 377.12
1606739596, 43, 0, 3, 0, 0, 0.43%, 0, 0, 1, 371.67
1606739602, 45, 2, 3, 0, 0, 0.43%, 0, 0, 1, 377.42
1606739607, 48, 0, 3, 0, 0, 0.43%, 0, 0, 1, 379.19
1606739612, 50, 2, 3, 0, 0, 0.43%, 0, 0, 1, 382.79
1606739617, 53, 0, 3, 0, 0, 0.43%, 0, 0, 1, 384.24
1606739622, 55, 2, 3, 0, 0, 0.43%, 0, 0, 1, 385.43
1606739627, 58, 0, 3, 0, 0, 0.43%, 0, 0, 1, 369.57
1606739632, 60, 2, 3, 0, 0, 0.43%, 0, 0, 1, 371.28
1606739637, 62, 2, 3, 0, 0, 0.43%, 0, 0, 1, 311.33
1606739642, 65, 0, 3, 0, 0, 0.43%, 0, 0, 1, 356.33
1606739647, 67, 1, 3, 0, 0, 0.43%, 0, 0, 1, 369.79
1606739652, 70, 0, 3, 0, 0, 0.43%, 0, 0, 1, 375.68
1606739657, 72, 2, 3, 0, 0, 0.43%, 0, 0, 1, 384.51
1606739662, 75, 0, 3, 0, 0, 0.43%, 0, 0, 1, 376.70
1606739668, 77, 2, 3, 0, 0, 0.43%, 0, 0, 1, 373.48
1606739673, 80, 0, 3, 0, 0, 0.43%, 0, 0, 1, 371.92
1606739678, 82, 2, 3, 0, 0, 0.43%, 0, 0, 1, 377.59
1606739683, 84, 2, 3, 0, 0, 0.43%, 0, 0, 1, 316.98
1606739688, 86, 2, 3, 0, 0, 0.43%, 0, 0, 1, 324.02
1606739693, 89, 0, 3, 0, 0, 0.43%, 0, 0, 1, 357.04
1606739698, 91, 2, 3, 0, 0, 0.43%, 0, 0, 1, 361.40
1606739703, 94, 0, 3, 0, 0, 0.43%, 0, 0, 1, 364.47
1606739708, 96, 1, 3, 0, 0, 0.43%, 0, 0, 1, 363.50
1606739713, 99, 0, 3, 0, 0, 0.43%, 0, 0, 1, 379.91
1606739719, 101, 1, 3, 0, 0, 0.43%, 0, 0, 1, 382.71
1606739724, 104, 0, 3, 0, 0, 0.43%, 0, 0, 1, 369.45
1606739729, 106, 1, 3, 0, 0, 0.43%, 0, 0, 1, 371.89
1606739734, 108, 2, 3, 0, 0, 0.43%, 0, 0, 1, 375.00
1606739739, 111, 1, 3, 0, 0, 0.43%, 0, 0, 1, 369.84
1606739744, 113, 2, 3, 0, 0, 0.43%, 0, 0, 1, 376.36
1606739749, 116, 0, 3, 0, 0, 0.43%, 0, 0, 1, 367.98
1606739754, 118, 1, 3, 0, 0, 0.43%, 0, 0, 1, 364.47
1606739759, 120, 2, 3, 0, 0, 0.43%, 0, 0, 1, 342.30
1606739764, 123, 0, 3, 0, 0, 0.43%, 0, 0, 1, 353.90
1606739769, 125, 2, 3, 0, 0, 0.43%, 0, 0, 1, 362.73
1606739774, 128, 0, 3, 0, 0, 0.43%, 0, 0, 1, 376.22
1606739779, 130, 2, 3, 0, 0, 0.43%, 0, 0, 1, 377.02
1606739784, 133, 0, 3, 0, 0, 0.43%, 0, 0, 1, 381.01
1606739789, 135, 2, 3, 0, 0, 0.43%, 0, 0, 1, 377.08
1606739794, 138, 0, 3, 0, 0, 0.43%, 0, 0, 1, 378.56
1606739800, 140, 2, 3, 0, 0, 0.43%, 0, 0, 1, 383.43
1606739805, 143, 1, 3, 0, 0, 0.43%, 0, 0, 1, 384.99
1606739810, 145, 2, 3, 0, 0, 0.43%, 0, 0, 1, 384.11
1606739815, 148, 1, 3, 0, 0, 0.43%, 0, 0, 1, 380.37
1606739820, 151, 0, 3, 0, 0, 0.43%, 0, 0, 1, 383.29
1606739825, 153, 1, 3, 0, 0, 0.43%, 0, 0, 1, 382.89
1606739830, 156, 0, 3, 0, 0, 0.43%, 0, 0, 1, 383.39
1606739836, 158, 2, 3, 0, 0, 0.43%, 0, 0, 1, 384.19
1606739841, 161, 0, 3, 0, 0, 0.43%, 0, 0, 1, 385.79
1606739846, 163, 2, 3, 0, 0, 0.43%, 0, 0, 1, 384.89
1606739851, 166, 0, 3, 0, 0, 0.43%, 0, 0, 1, 382.40
1606739856, 168, 2, 3, 0, 0, 0.43%, 0, 0, 1, 383.27
1606739861, 171, 1, 3, 0, 0, 0.43%, 0, 0, 1, 381.72
1606739866, 173, 2, 3, 0, 0, 0.43%, 0, 0, 1, 376.27
1606739871, 176, 0, 3, 0, 0, 0.43%, 0, 0, 1, 370.36
1606739876, 178, 2, 3, 0, 0, 0.43%, 0, 0, 1, 379.74
1606739881, 181, 1, 3, 0, 0, 0.43%, 0, 0, 1, 382.31
1606739886, 183, 2, 3, 0, 0, 0.43%, 0, 0, 1, 385.18
1606739891, 186, 1, 3, 0, 0, 0.43%, 0, 0, 1, 381.80
1606739896, 188, 2, 3, 0, 0, 0.43%, 0, 0, 1, 377.83
1606739902, 191, 1, 3, 0, 0, 0.43%, 0, 0, 1, 372.94
1606739907, 193, 2, 3, 0, 0, 0.43%, 0, 0, 1, 374.40
1606739912, 196, 1, 3, 0, 0, 0.43%, 0, 0, 1, 378.85
1606739917, 198, 2, 3, 0, 0, 0.43%, 0, 0, 1, 365.49
1606739922, 201, 0, 3, 0, 0, 0.43%, 0, 0, 1, 361.32
1606739927, 203, 2, 3, 0, 0, 0.43%, 0, 0, 1, 362.26
1606739932, 206, 0, 3, 0, 0, 0.43%, 0, 0, 1, 356.52
1606739937, 208, 1, 3, 0, 0, 0.43%, 0, 0, 1, 360.13
1606739942, 210, 2, 3, 0, 0, 0.43%, 0, 0, 1, 348.89
1606739947, 213, 0, 3, 0, 0, 0.43%, 0, 0, 1, 345.27
1606739953, 215, 1, 3, 0, 0, 0.43%, 0, 0, 1, 366.53
1606739958, 218, 0, 3, 0, 0, 0.43%, 0, 0, 1, 371.57
1606739963, 220, 1, 3, 0, 0, 0.43%, 0, 0, 1, 373.63
1606739968, 223, 0, 3, 0, 0, 0.43%, 0, 0, 1, 369.83
1606739973, 225, 1, 3, 0, 0, 0.43%, 0, 0, 1, 372.07
1606739979, 228, 0, 3, 0, 0, 0.43%, 0, 0, 1, 372.09
1606739984, 230, 1, 3, 0, 0, 0.43%, 0, 0, 1, 360.81
1606739989, 233, 0, 3, 0, 0, 0.43%, 0, 0, 1, 364.31
1606739994, 235, 1, 3, 0, 0, 0.43%, 0, 0, 1, 368.22
1606739999, 238, 0, 3, 0, 0, 0.43%, 0, 0, 1, 372.28
1606740004, 240, 1, 3, 0, 0, 0.43%, 0, 0, 1, 359.32
1606740010, 242, 2, 3, 0, 0, 0.43%, 0, 0, 1, 346.22
1606740015, 245, 0, 3, 0, 0, 0.43%, 0, 0, 1, 350.27
1606740020, 247, 1, 3, 0, 0, 0.43%, 0, 0, 1, 371.04
1606740025, 250, 0, 3, 0, 0, 0.43%, 0, 0, 1, 367.06
1606740030, 252, 1, 3, 0, 0, 0.43%, 0, 0, 1, 374.67
1606740035, 255, 0, 3, 0, 0, 0.43%, 0, 0, 1, 365.57
1606740040, 257, 1, 3, 0, 0, 0.43%, 0, 0, 1, 371.32
1606740046, 259, 2, 3, 0, 0, 0.43%, 0, 0, 1, 362.29
1606740051, 262, 1, 3, 0, 0, 0.43%, 0, 0, 1, 363.95
1606740056, 264, 2, 3, 0, 0, 0.43%, 0, 0, 1, 373.78
1606740061, 267, 1, 3, 0, 0, 0.43%, 0, 0, 1, 370.12
1606740066, 269, 2, 3, 0, 0, 0.43%, 0, 0, 1, 374.05
1606740071, 272, 1, 3, 0, 0, 0.43%, 0, 0, 1, 376.33
1606740077, 274, 2, 3, 0, 0, 0.43%, 0, 0, 1, 373.62
1606740082, 277, 1, 3, 0, 0, 0.43%, 0, 0, 1, 368.42
1606740087, 279, 2, 3, 0, 0, 0.43%, 0, 0, 1, 372.16
1606740092, 282, 1, 3, 0, 0, 0.43%, 0, 0, 1, 369.06
1606740097, 285, 0, 3, 0, 0, 0.43%, 0, 0, 1, 374.97
1606740102, 287, 1, 3, 0, 0, 0.43%, 0, 0, 1, 375.20
1606740107, 289, 2, 3, 0, 0, 0.43%, 0, 0, 1, 372.83
1606740113, 292, 1, 3, 0, 0, 0.43%, 0, 0, 1, 367.61
1606740118, 294, 2, 3, 0, 0, 0.43%, 0, 0, 1, 376.10
1606740123, 297, 1, 3, 0, 0, 0.43%, 0, 0, 1, 378.05
1606740128, 299, 2, 3, 0, 0, 0.43%, 0, 0, 1, 368.62
1606740133, 302, 1, 3, 0, 0, 0.43%, 0, 0, 1, 367.99
1606740138, 304, 2, 3, 0, 0, 0.43%, 0, 0, 1, 363.84
1606740143, 307, 0, 3, 0, 0, 0.43%, 0, 0, 1, 366.19
1606740148, 309, 2, 3, 0, 0, 0.43%, 0, 0, 1, 368.37
1606740153, 312, 0, 3, 0, 0, 0.43%, 0, 0, 1, 360.21
1606740158, 314, 0, 3, 0, 0, 0.43%, 0, 0, 1, 348.45
1606740164, 316, 2, 3, 0, 0, 0.43%, 0, 0, 1, 366.44
1606740169, 319, 0, 3, 0, 0, 0.43%, 0, 0, 1, 359.66
1606740174, 321, 1, 3, 0, 0, 0.43%, 0, 0, 1, 358.37
1606740179, 323, 2, 3, 0, 0, 0.43%, 0, 0, 1, 324.18
1606740184, 325, 2, 3, 0, 0, 0.43%, 0, 0, 1, 314.99
1606740189, 328, 0, 3, 0, 0, 0.43%, 0, 0, 1, 363.52
1606740194, 330, 2, 3, 0, 0, 0.43%, 0, 0, 1, 366.33
1606740199, 333, 0, 3, 0, 0, 0.43%, 0, 0, 1, 371.96
1606740204, 335, 2, 3, 0, 0, 0.43%, 0, 0, 1, 374.37
1606740210, 338, 0, 3, 0, 0, 0.43%, 0, 0, 1, 368.22
1606740215, 340, 1, 3, 0, 0, 0.43%, 0, 0, 1, 367.38
1606740220, 343, 0, 3, 0, 0, 0.43%, 0, 0, 1, 362.54
1606740225, 345, 1, 3, 0, 0, 0.43%, 0, 0, 1, 374.95
1606740230, 348, 0, 3, 0, 0, 0.43%, 0, 0, 1, 378.45
1606740235, 350, 2, 3, 0, 0, 0.43%, 0, 0, 1, 377.27
1606740241, 353, 0, 3, 0, 0, 0.43%, 0, 0, 1, 376.38
1606740246, 355, 2, 3, 0, 0, 0.43%, 0, 0, 1, 376.22
1606740251, 358, 0, 3, 0, 0, 0.43%, 0, 0, 1, 366.55
1606740256, 360, 2, 3, 0, 0, 0.43%, 0, 0, 1, 361.38
1606740261, 363, 0, 3, 0, 0, 0.43%, 0, 0, 1, 373.12
1606740266, 365, 1, 3, 0, 0, 0.43%, 0, 0, 1, 360.92
1606740271, 367, 2, 3, 0, 0, 0.43%, 0, 0, 1, 351.79
1606740277, 370, 0, 3, 0, 0, 0.43%, 0, 0, 1, 343.41
1606740282, 372, 1, 3, 0, 0, 0.43%, 0, 0, 1, 342.94
1606740287, 374, 2, 3, 0, 0, 0.43%, 0, 0, 1, 369.21
1606740292, 377, 1, 3, 0, 0, 0.43%, 0, 0, 1, 363.44
1606740297, 379, 2, 3, 0, 0, 0.43%, 0, 0, 1, 367.20
1606740302, 382, 1, 3, 0, 0, 0.43%, 0, 0, 1, 359.44
1606740307, 384, 1, 3, 0, 0, 0.43%, 0, 0, 1, 345.29
1606740312, 386, 2, 3, 0, 0, 0.43%, 0, 0, 1, 338.91
1606740318, 389, 0, 3, 0, 0, 0.43%, 0, 0, 1, 338.09
1606740323, 391, 1, 3, 0, 0, 0.43%, 0, 0, 1, 360.65
1606740328, 393, 2, 3, 0, 0, 0.43%, 0, 0, 1, 368.15
1606740333, 396, 1, 3, 0, 0, 0.43%, 0, 0, 1, 356.13
1606740338, 398, 2, 3, 0, 0, 0.43%, 0, 0, 1, 359.14
1606740343, 401, 0, 3, 0, 0, 0.43%, 0, 0, 1, 367.63
1606740348, 403, 2, 3, 0, 0, 0.43%, 0, 0, 1, 366.90
1606740353, 406, 0, 3, 0, 0, 0.43%, 0, 0, 1, 363.52
1606740359, 408, 1, 3, 0, 0, 0.43%, 0, 0, 1, 368.77
1606740364, 411, 0, 3, 0, 0, 0.43%, 0, 0, 1, 374.20
1606740369, 413, 1, 3, 0, 0, 0.43%, 0, 0, 1, 369.17
1606740374, 415, 2, 3, 0, 0, 0.43%, 0, 0, 1, 365.10
1606740379, 418, 0, 3, 0, 0, 0.43%, 0, 0, 1, 363.99
1606740384, 420, 2, 3, 0, 0, 0.43%, 0, 0, 1, 367.66
1606740389, 423, 0, 3, 0, 0, 0.43%, 0, 0, 1, 362.66
1606740394, 425, 1, 3, 0, 0, 0.43%, 0, 0, 1, 370.16
1606740399, 428, 0, 3, 0, 0, 0.43%, 0, 0, 1, 365.12
1606740405, 430, 1, 3, 0, 0, 0.43%, 0, 0, 1, 355.26
1606740410, 432, 2, 3, 0, 0, 0.43%, 0, 0, 1, 355.06
1606740415, 435, 0, 3, 0, 0, 0.43%, 0, 0, 1, 352.90
1606740420, 437, 0, 3, 0, 0, 0.43%, 0, 0, 1, 352.39
1606740425, 439, 2, 3, 0, 0, 0.43%, 0, 0, 1, 357.28
1606740430, 442, 0, 3, 0, 0, 0.43%, 0, 0, 1, 360.01
1606740435, 444, 1, 3, 0, 0, 0.43%, 0, 0, 1, 367.91
1606740440, 447, 0, 3, 0, 0, 0.43%, 0, 0, 1, 375.85
1606740445, 449, 1, 3, 0, 0, 0.43%, 0, 0, 1, 376.97
1606740451, 452, 0, 3, 0, 0, 0.43%, 0, 0, 1, 376.74
1606740456, 454, 1, 3, 0, 0, 0.43%, 0, 0, 1, 370.20
1606740461, 457, 0, 3, 0, 0, 0.43%, 0, 0, 1, 374.32
1606740466, 459, 1, 3, 0, 0, 0.43%, 0, 0, 1, 360.34
1606740471, 461, 2, 3, 0, 0, 0.43%, 0, 0, 1, 373.19
1606740476, 464, 1, 3, 0, 0, 0.43%, 0, 0, 1, 366.09
1606740481, 466, 2, 3, 0, 0, 0.43%, 0, 0, 1, 368.06
1606740486, 469, 1, 3, 0, 0, 0.43%, 0, 0, 1, 370.17
1606740492, 471, 2, 3, 0, 0, 0.43%, 0, 0, 1, 374.10
1606740497, 474, 1, 3, 0, 0, 0.43%, 0, 0, 1, 375.09
1606740502, 476, 2, 3, 0, 0, 0.43%, 0, 0, 1, 369.50
1606740507, 479, 1, 3, 0, 0, 0.43%, 0, 0, 1, 360.87
1606740512, 481, 2, 3, 0, 0, 0.43%, 0, 0, 1, 355.79
1606740517, 484, 0, 3, 0, 0, 0.43%, 0, 0, 1, 369.04
1606740522, 486, 1, 3, 0, 0, 0.43%, 0, 0, 1, 360.26
1606740528, 488, 2, 3, 0, 0, 0.43%, 0, 0, 1, 356.28
1606740533, 491, 1, 3, 0, 0, 0.43%, 0, 0, 1, 364.13
1606740538, 493, 2, 3, 0, 0, 0.43%, 0, 0, 1, 370.16
1606740543, 496, 1, 3, 0, 0, 0.43%, 0, 0, 1, 365.32
1606740548, 498, 2, 3, 0, 0, 0.43%, 0, 0, 1, 367.86
1606740553, 501, 0, 3, 0, 0, 0.43%, 0, 0, 1, 361.20
1606740558, 503, 1, 3, 0, 0, 0.43%, 0, 0, 1, 364.13
1606740563, 505, 2, 3, 0, 0, 0.43%, 0, 0, 1, 369.27
1606740568, 508, 0, 3, 0, 0, 0.43%, 0, 0, 1, 358.53
1606740573, 510, 1, 3, 0, 0, 0.43%, 0, 0, 1, 361.86
1606740578, 512, 2, 3, 0, 0, 0.43%, 0, 0, 1, 363.01
1606740583, 515, 1, 3, 0, 0, 0.43%, 0, 0, 1, 366.09
1606740589, 517, 2, 3, 0, 0, 0.43%, 0, 0, 1, 364.42
1606740594, 520, 1, 3, 0, 0, 0.43%, 0, 0, 1, 371.94
1606740599, 522, 2, 3, 0, 0, 0.43%, 0, 0, 1, 378.84
1606740604, 525, 1, 3, 0, 0, 0.43%, 0, 0, 1, 374.74
1606740609, 527, 2, 3, 0, 0, 0.43%, 0, 0, 1, 364.77
1606740614, 530, 1, 3, 0, 0, 0.43%, 0, 0, 1, 367.43
1606740620, 532, 2, 3, 0, 0, 0.43%, 0, 0, 1, 370.15
1606740625, 535, 1, 3, 0, 0, 0.43%, 0, 0, 1, 373.15
1606740630, 537, 2, 3, 0, 0, 0.43%, 0, 0, 1, 369.62
1606740635, 540, 1, 3, 0, 0, 0.43%, 0, 0, 1, 366.80
1606740640, 542, 2, 3, 0, 0, 0.43%, 0, 0, 1, 367.17
1606740645, 545, 0, 3, 0, 0, 0.43%, 0, 0, 1, 370.84
1606740650, 547, 2, 3, 0, 0, 0.43%, 0, 0, 1, 368.33
1606740655, 550, 0, 3, 0, 0, 0.43%, 0, 0, 1, 365.20
1606740660, 552, 1, 3, 0, 0, 0.43%, 0, 0, 1, 367.13
1606740665, 554, 2, 3, 0, 0, 0.43%, 0, 0, 1, 371.27
1606740670, 557, 0, 3, 0, 0, 0.43%, 0, 0, 1, 367.95
1606740675, 559, 2, 3, 0, 0, 0.43%, 0, 0, 1, 363.98
1606740680, 562, 0, 3, 0, 0, 0.43%, 0, 0, 1, 367.26
1606740686, 564, 1, 3, 0, 0, 0.43%, 0, 0, 1, 374.75
1606740691, 567, 0, 3, 0, 0, 0.43%, 0, 0, 1, 375.27
1606740696, 569, 1, 3, 0, 0, 0.43%, 0, 0, 1, 367.65
1606740701, 572, 0, 3, 0, 0, 0.43%, 0, 0, 1, 367.20
1606740706, 574, 1, 3, 0, 0, 0.43%, 0, 0, 1, 371.19
1606740712, 577, 0, 3, 0, 0, 0.43%, 0, 0, 1, 373.58
1606740717, 579, 1, 3, 0, 0, 0.43%, 0, 0, 1, 372.30
1606740722, 581, 2, 3, 0, 0, 0.43%, 0, 0, 1, 357.24
1606740727, 584, 1, 3, 0, 0, 0.43%, 0, 0, 1, 373.30
1606740732, 586, 2, 3, 0, 0, 0.43%, 0, 0, 1, 377.34
1606740737, 589, 1, 3, 0, 0, 0.43%, 0, 0, 1, 377.89
1606740742, 592, 0, 3, 0, 0, 0.43%, 0, 0, 1, 378.07
1606740747, 594, 1, 3, 0, 0, 0.43%, 0, 0, 1, 371.70
1606740753, 597, 0, 3, 0, 0, 0.43%, 0, 0, 1, 376.98
1606740758, 599, 1, 3, 0, 0, 0.43%, 0, 0, 1, 378.18
1606740763, 602, 0, 3, 0, 0, 0.43%, 0, 0, 1, 373.83
1606740768, 604, 2, 3, 0, 0, 0.43%, 0, 0, 1, 372.85
1606740773, 607, 0, 3, 0, 0, 0.43%, 0, 0, 1, 370.50
1606740779, 609, 2, 3, 0, 0, 0.43%, 0, 0, 1, 367.31
1606740784, 612, 0, 3, 0, 0, 0.43%, 0, 0, 1, 377.29
1606740789, 614, 2, 3, 0, 0, 0.43%, 0, 0, 1, 372.99
1606740794, 617, 0, 3, 0, 0, 0.43%, 0, 0, 1, 366.47
1606740799, 619, 1, 3, 0, 0, 0.43%, 0, 0, 1, 367.12
1606740804, 621, 2, 3, 0, 0, 0.43%, 0, 0, 1, 366.94
1606740809, 624, 1, 3, 0, 0, 0.43%, 0, 0, 1, 373.51
1606740814, 626, 2, 3, 0, 0, 0.43%, 0, 0, 1, 367.57
1606740819, 629, 0, 3, 0, 0, 0.43%, 0, 0, 1, 363.88
1606740824, 631, 2, 3, 0, 0, 0.43%, 0, 0, 1, 372.80
1606740830, 634, 0, 3, 0, 0, 0.43%, 0, 0, 1, 359.40
1606740835, 636, 2, 3, 0, 0, 0.43%, 0, 0, 1, 369.96
1606740840, 639, 0, 3, 0, 0, 0.43%, 0, 0, 1, 369.86
1606740845, 641, 2, 3, 0, 0, 0.43%, 0, 0, 1, 366.35
1606740850, 644, 0, 3, 0, 0, 0.43%, 0, 0, 1, 360.72
1606740856, 646, 2, 3, 0, 0, 0.43%, 0, 0, 1, 362.77
1606740861, 649, 0, 3, 0, 0, 0.43%, 0, 0, 1, 366.93
1606740866, 651, 1, 3, 0, 0, 0.43%, 0, 0, 1, 358.39
1606740871, 653, 2, 3, 0, 0, 0.43%, 0, 0, 1, 354.13
1606740876, 656, 0, 3, 0, 0, 0.43%, 0, 0, 1, 360.75
1606740881, 658, 0, 3, 0, 0, 0.43%, 0, 0, 1, 348.92
1606740886, 660, 1, 3, 0, 0, 0.43%, 0, 0, 1, 341.86
1606740891, 662, 2, 3, 0, 0, 0.43%, 0, 0, 1, 353.95
1606740896, 665, 1, 3, 0, 0, 0.43%, 0, 0, 1, 362.12
1606740901, 667, 2, 3, 0, 0, 0.43%, 0, 0, 1, 363.89
1606740906, 670, 0, 3, 0, 0, 0.43%, 0, 0, 1, 364.53
1606740911, 672, 1, 3, 0, 0, 0.43%, 0, 0, 1, 357.14
1606740916, 674, 2, 3, 0, 0, 0.43%, 0, 0, 1, 359.42
1606740921, 677, 0, 3, 0, 0, 0.43%, 0, 0, 1, 361.09
1606740926, 679, 1, 3, 0, 0, 0.43%, 0, 0, 1, 363.91
1606740931, 681, 2, 3, 0, 0, 0.43%, 0, 0, 1, 370.93
1606740936, 684, 1, 3, 0, 0, 0.43%, 0, 0, 1, 375.56
1606740942, 687, 0, 3, 0, 0, 0.43%, 0, 0, 1, 370.45
1606740947, 689, 1, 3, 0, 0, 0.43%, 0, 0, 1, 374.79
1606740952, 692, 0, 3, 0, 0, 0.43%, 0, 0, 1, 375.48
1606740957, 694, 1, 3, 0, 0, 0.43%, 0, 0, 1, 374.27
1606740962, 697, 0, 3, 0, 0, 0.43%, 0, 0, 1, 371.22
1606740967, 699, 1, 3, 0, 0, 0.43%, 0, 0, 1, 352.03
1606740972, 701, 2, 3, 0, 0, 0.43%, 0, 0, 1, 364.62
1606740978, 704, 0, 3, 0, 0, 0.43%, 0, 0, 1, 368.79
1606740983, 706, 2, 3, 0, 0, 0.43%, 0, 0, 1, 370.61
1606740988, 709, 0, 3, 0, 0, 0.43%, 0, 0, 1, 362.89
1606740993, 711, 1, 3, 0, 0, 0.43%, 0, 0, 1, 357.41
1606740998, 713, 2, 3, 0, 0, 0.43%, 0, 0, 1, 352.88
1606741003, 716, 0, 3, 0, 0, 0.43%, 0, 0, 1, 356.79
1606741008, 718, 1, 3, 0, 0, 0.43%, 0, 0, 1, 343.29
1606741013, 720, 1, 3, 0, 0, 0.43%, 0, 0, 1, 345.59
1606741018, 722, 2, 3, 0, 0, 0.43%, 0, 0, 1, 351.01
1606741023, 725, 0, 3, 0, 0, 0.43%, 0, 0, 1, 348.03
1606741028, 727, 1, 3, 0, 0, 0.43%, 0, 0, 1, 347.07
1606741033, 729, 2, 3, 0, 0, 0.43%, 0, 0, 1, 348.84
1606741039, 732, 0, 3, 0, 0, 0.43%, 0, 0, 1, 353.60
1606741044, 734, 1, 3, 0, 0, 0.43%, 0, 0, 1, 356.05
1606741049, 736, 2, 3, 0, 0, 0.43%, 0, 0, 1, 350.32
1606741054, 739, 0, 3, 0, 0, 0.43%, 0, 0, 1, 340.29
1606741059, 741, 1, 3, 0, 0, 0.43%, 0, 0, 1, 346.61
1606741064, 743, 2, 3, 0, 0, 0.43%, 0, 0, 1, 352.83
1606741069, 746, 0, 3, 0, 0, 0.43%, 0, 0, 1, 357.10
1606741074, 748, 1, 3, 0, 0, 0.43%, 0, 0, 1, 359.17
1606741079, 751, 0, 3, 0, 0, 0.43%, 0, 0, 1, 372.17
1606741084, 753, 1, 3, 0, 0, 0.43%, 0, 0, 1, 374.62
1606741090, 756, 0, 3, 0, 0, 0.43%, 0, 0, 1, 364.95
1606741095, 758, 1, 3, 0, 0, 0.43%, 0, 0, 1, 373.37
1606741100, 761, 0, 3, 0, 0, 0.43%, 0, 0, 1, 374.30
1606741105, 763, 1, 3, 0, 0, 0.43%, 0, 0, 1, 374.00
1606741110, 766, 0, 3, 0, 0, 0.43%, 0, 0, 1, 375.09
1606741115, 768, 1, 3, 0, 0, 0.43%, 0, 0, 1, 375.04
1606741120, 770, 2, 3, 0, 0, 0.43%, 0, 0, 1, 362.47
1606741125, 773, 0, 3, 0, 0, 0.43%, 0, 0, 1, 356.66
1606741131, 775, 2, 3, 0, 0, 0.43%, 0, 0, 1, 372.23
1606741136, 778, 0, 3, 0, 0, 0.43%, 0, 0, 1, 369.66
1606741141, 780, 2, 3, 0, 0, 0.43%, 0, 0, 1, 357.90
1606741146, 783, 0, 3, 0, 0, 0.43%, 0, 0, 1, 367.45
1606741151, 785, 1, 3, 0, 0, 0.43%, 0, 0, 1, 361.69
1606741156, 788, 0, 3, 0, 0, 0.43%, 0, 0, 1, 360.01
1606741161, 790, 1, 3, 0, 0, 0.43%, 0, 0, 1, 361.96
1606741166, 792, 2, 3, 0, 0, 0.43%, 0, 0, 1, 366.04
1606741171, 795, 0, 3, 0, 0, 0.43%, 0, 0, 1, 372.99
1606741176, 797, 2, 3, 0, 0, 0.43%, 0, 0, 1, 374.82
1606741181, 800, 0, 3, 0, 0, 0.43%, 0, 0, 1, 373.82
1606741187, 802, 1, 3, 0, 0, 0.43%, 0, 0, 1, 361.22
1606741192, 804, 2, 3, 0, 0, 0.43%, 0, 0, 1, 354.29
1606741197, 807, 0, 3, 0, 0, 0.43%, 0, 0, 1, 356.78
1606741202, 809, 2, 3, 0, 0, 0.43%, 0, 0, 1, 369.92
1606741207, 812, 0, 3, 0, 0, 0.43%, 0, 0, 1, 372.22
1606741212, 814, 1, 3, 0, 0, 0.43%, 0, 0, 1, 362.36
1606741217, 817, 0, 3, 0, 0, 0.43%, 0, 0, 1, 360.16
1606741222, 819, 1, 3, 0, 0, 0.43%, 0, 0, 1, 357.46
1606741227, 821, 2, 3, 0, 0, 0.43%, 0, 0, 1, 356.25
1606741232, 824, 0, 3, 0, 0, 0.43%, 0, 0, 1, 363.91
1606741237, 826, 1, 3, 0, 0, 0.43%, 0, 0, 1, 363.47
1606741242, 828, 2, 3, 0, 0, 0.43%, 0, 0, 1, 365.75
1606741247, 831, 0, 3, 0, 0, 0.43%, 0, 0, 1, 366.86
1606741253, 833, 2, 3, 0, 0, 0.43%, 0, 0, 1, 368.77
1606741258, 836, 0, 3, 0, 0, 0.43%, 0, 0, 1, 363.75
1606741263, 838, 1, 3, 0, 0, 0.43%, 0, 0, 1, 370.34
1606741268, 841, 0, 3, 0, 0, 0.43%, 0, 0, 1, 365.45
1606741273, 843, 1, 3, 0, 0, 0.43%, 0, 0, 1, 351.33
1606741278, 845, 2, 3, 0, 0, 0.43%, 0, 0, 1, 353.31
1606741283, 848, 0, 3, 0, 0, 0.43%, 0, 0, 1, 351.66
1606741288, 850, 1, 3, 0, 0, 0.43%, 0, 0, 1, 363.61
1606741293, 852, 1, 3, 0, 0, 0.43%, 0, 0, 1, 328.68
1606741298, 855, 0, 3, 0, 0, 0.43%, 0, 0, 1, 355.90
1606741304, 857, 1, 3, 0, 0, 0.43%, 0, 0, 1, 371.58
1606741309, 860, 0, 3, 0, 0, 0.43%, 0, 0, 1, 375.52
1606741314, 862, 2, 3, 0, 0, 0.43%, 0, 0, 1, 376.36
1606741319, 865, 0, 3, 0, 0, 0.43%, 0, 0, 1, 372.09
1606741324, 867, 1, 3, 0, 0, 0.43%, 0, 0, 1, 362.97
1606741329, 869, 2, 3, 0, 0, 0.43%, 0, 0, 1, 367.07
1606741334, 872, 1, 3, 0, 0, 0.43%, 0, 0, 1, 364.41
1606741339, 874, 2, 3, 0, 0, 0.43%, 0, 0, 1, 360.83
1606741344, 877, 0, 3, 0, 0, 0.43%, 0, 0, 1, 355.25
1606741350, 879, 1, 3, 0, 0, 0.43%, 0, 0, 1, 344.03
1606741355, 881, 1, 3, 0, 0, 0.43%, 0, 0, 1, 343.41
1606741360, 884, 0, 3, 0, 0, 0.43%, 0, 0, 1, 348.36
1606741365, 886, 0, 3, 0, 0, 0.43%, 0, 0, 1, 351.39
1606741370, 888, 1, 3, 0, 0, 0.43%, 0, 0, 1, 353.58
1606741375, 890, 2, 3, 0, 0, 0.43%, 0, 0, 1, 355.53
1606741380, 893, 1, 3, 0, 0, 0.43%, 0, 0, 1, 356.55
1606741385, 895, 2, 3, 0, 0, 0.43%, 0, 0, 1, 357.02
1606741390, 898, 0, 3, 0, 0, 0.43%, 0, 0, 1, 358.99
1606741395, 900, 1, 3, 0, 0, 0.43%, 0, 0, 1, 357.68
1606741400, 902, 2, 3, 0, 0, 0.43%, 0, 0, 1, 355.87
1606741405, 905, 0, 3, 0, 0, 0.43%, 0, 0, 1, 356.99
1606741411, 907, 1, 3, 0, 0, 0.43%, 0, 0, 1, 356.26
1606741416, 909, 2, 3, 0, 0, 0.43%, 0, 0, 1, 356.06
1606741421, 912, 0, 3, 0, 0, 0.43%, 0, 0, 1, 356.58
1606741426, 914, 1, 3, 0, 0, 0.43%, 0, 0, 1, 350.31
1606741431, 916, 2, 3, 0, 0, 0.43%, 0, 0, 1, 353.44
1606741436, 919, 0, 3, 0, 0, 0.43%, 0, 0, 1, 355.79
1606741441, 921, 1, 3, 0, 0, 0.43%, 0, 0, 1, 357.62
1606741446, 923, 2, 3, 0, 0, 0.43%, 0, 0, 1, 358.54
1606741451, 926, 0, 3, 0, 0, 0.43%, 0, 0, 1, 355.84
1606741456, 928, 1, 3, 0, 0, 0.43%, 0, 0, 1, 344.21
1606741461, 930, 2, 3, 0, 0, 0.43%, 0, 0, 1, 353.93
1606741466, 933, 0, 3, 0, 0, 0.43%, 0, 0, 1, 355.55
1606741471, 935, 1, 3, 0, 0, 0.43%, 0, 0, 1, 358.80
1606741476, 937, 2, 3, 0, 0, 0.43%, 0, 0, 1, 356.39
1606741481, 940, 0, 3, 0, 0, 0.43%, 0, 0, 1, 355.08
1606741486, 942, 1, 3, 0, 0, 0.43%, 0, 0, 1, 338.66
1606741491, 944, 2, 3, 0, 0, 0.43%, 0, 0, 1, 351.50
1606741496, 946, 2, 3, 0, 0, 0.43%, 0, 0, 1, 343.57
1606741502, 949, 1, 3, 0, 0, 0.43%, 0, 0, 1, 351.09
1606741507, 951, 2, 3, 0, 0, 0.43%, 0, 0, 1, 352.98
1606741512, 954, 0, 3, 0, 0, 0.43%, 0, 0, 1, 356.45
1606741517, 956, 1, 3, 0, 0, 0.43%, 0, 0, 1, 355.29
1606741522, 958, 2, 3, 0, 0, 0.43%, 0, 0, 1, 358.32
1606741527, 961, 0, 3, 0, 0, 0.43%, 0, 0, 1, 358.18
1606741532, 963, 1, 3, 0, 0, 0.43%, 0, 0, 1, 354.34
1606741537, 965, 2, 3, 0, 0, 0.43%, 0, 0, 1, 332.27
1606741542, 967, 2, 3, 0, 0, 0.43%, 0, 0, 1, 311.34
1606741547, 969, 2, 3, 0, 0, 0.43%, 0, 0, 1, 327.08
1606741552, 972, 0, 3, 0, 0, 0.43%, 0, 0, 1, 343.95
1606741557, 974, 1, 3, 0, 0, 0.43%, 0, 0, 1, 350.66
1606741562, 976, 2, 3, 0, 0, 0.43%, 0, 0, 1, 355.15
1606741568, 979, 0, 3, 0, 0, 0.43%, 0, 0, 1, 345.62
1606741573, 981, 0, 3, 0, 0, 0.43%, 0, 0, 1, 310.51
1606741578, 983, 0, 3, 0, 0, 0.43%, 0, 0, 1, 272.98
1606741583, 984, 2, 3, 0, 0, 0.43%, 0, 0, 1, 268.08
1606741588, 986, 1, 3, 0, 0, 0.43%, 0, 0, 1, 273.92
1606741593, 988, 2, 3, 0, 0, 0.43%, 0, 0, 1, 319.99
1606741598, 990, 2, 3, 0, 0, 0.43%, 0, 0, 1, 332.88
1606741603, 993, 0, 3, 0, 0, 0.43%, 0, 0, 1, 335.60
1606741608, 995, 1, 3, 0, 0, 0.43%, 0, 0, 1, 344.69
1606741613, 997, 2, 3, 0, 0, 0.43%, 0, 0, 1, 336.85
1606741618, 999, 2, 3, 0, 0, 0.43%, 0, 0, 1, 332.08
1606741624, 1002, 0, 3, 0, 0, 0.43%, 0, 0, 1, 342.68
1606741629, 1004, 1, 3, 0, 0, 0.43%, 0, 0, 1, 345.62
1606741634, 1006, 2, 3, 0, 0, 0.43%, 0, 0, 1, 336.38
1606741639, 1009, 0, 3, 0, 0, 0.43%, 0, 0, 1, 340.74
1606741644, 1011, 0, 3, 0, 0, 0.43%, 0, 0, 1, 322.99
1606741649, 1013, 1, 3, 0, 0, 0.43%, 0, 0, 1, 341.04
1606741654, 1015, 1, 3, 0, 0, 0.43%, 0, 0, 1, 287.73
1606741659, 1017, 0, 3, 0, 0, 0.43%, 0, 0, 1, 271.77
1606741665, 1019, 1, 3, 0, 0, 0.43%, 0, 0, 1, 336.11
1606741670, 1021, 2, 3, 0, 0, 0.43%, 0, 0, 1, 345.99
1606741675, 1024, 0, 3, 0, 0, 0.43%, 0, 0, 1, 347.65
1606741680, 1026, 1, 3, 0, 0, 0.43%, 0, 0, 1, 346.99
1606741685, 1028, 2, 3, 0, 0, 0.43%, 0, 0, 1, 348.63
1606741690, 1031, 0, 3, 0, 0, 0.43%, 0, 0, 1, 348.21
1606741695, 1033, 1, 3, 0, 0, 0.43%, 0, 0, 1, 356.69
1606741700, 1035, 2, 3, 0, 0, 0.43%, 0, 0, 1, 357.52
1606741705, 1038, 0, 3, 0, 0, 0.43%, 0, 0, 1, 360.22
1606741710, 1040, 1, 3, 0, 0, 0.43%, 0, 0, 1, 360.48
1606741715, 1043, 0, 3, 0, 0, 0.43%, 0, 0, 1, 363.25
1606741721, 1045, 1, 3, 0, 0, 0.43%, 0, 0, 1, 360.99
1606741726, 1047, 2, 3, 0, 0, 0.43%, 0, 0, 1, 360.70
1606741731, 1050, 0, 3, 0, 0, 0.43%, 0, 0, 1, 356.88
1606741736, 1052, 1, 3, 0, 0, 0.43%, 0, 0, 1, 361.74
1606741741, 1054, 2, 3, 0, 0, 0.43%, 0, 0, 1, 356.49
1606741746, 1057, 0, 3, 0, 0, 0.43%, 0, 0, 1, 357.58
1606741751, 1059, 1, 3, 0, 0, 0.43%, 0, 0, 1, 337.70
1606741756, 1061, 1, 3, 0, 0, 0.43%, 0, 0, 1, 334.28
1606741761, 1063, 2, 3, 0, 0, 0.43%, 0, 0, 1, 338.38
1606741766, 1065, 2, 3, 0, 0, 0.43%, 0, 0, 1, 329.63
1606741771, 1068, 0, 3, 0, 0, 0.43%, 0, 0, 1, 321.82
1606741776, 1070, 0, 3, 0, 0, 0.43%, 0, 0, 1, 342.71
1606741781, 1072, 1, 3, 0, 0, 0.43%, 0, 0, 1, 346.42
1606741786, 1074, 2, 3, 0, 0, 0.43%, 0, 0, 1, 345.30
1606741791, 1077, 0, 3, 0, 0, 0.43%, 0, 0, 1, 349.26
1606741796, 1079, 1, 3, 0, 0, 0.43%, 0, 0, 1, 340.91
1606741802, 1081, 2, 3, 0, 0, 0.43%, 0, 0, 1, 349.29
1606741807, 1084, 0, 3, 0, 0, 0.43%, 0, 0, 1, 351.58
1606741812, 1086, 0, 3, 0, 0, 0.43%, 0, 0, 1, 333.00
1606741817, 1088, 2, 3, 0, 0, 0.43%, 0, 0, 1, 352.08
1606741822, 1091, 0, 3, 0, 0, 0.43%, 0, 0, 1, 356.21
1606741827, 1093, 0, 3, 0, 0, 0.43%, 0, 0, 1, 346.00
1606741832, 1095, 2, 3, 0, 0, 0.43%, 0, 0, 1, 365.88
1606741837, 1098, 0, 3, 0, 0, 0.43%, 0, 0, 1, 353.34
1606741842, 1100, 1, 3, 0, 0, 0.43%, 0, 0, 1, 362.48
1606741847, 1102, 2, 3, 0, 0, 0.43%, 0, 0, 1, 350.96
1606741853, 1105, 1, 3, 0, 0, 0.43%, 0, 0, 1, 367.67
1606741858, 1107, 2, 3, 0, 0, 0.43%, 0, 0, 1, 363.91
1606741863, 1110, 0, 3, 0, 0, 0.43%, 0, 0, 1, 361.07
1606741868, 1112, 0, 3, 0, 0, 0.43%, 0, 0, 1, 326.06
1606741873, 1114, 2, 3, 0, 0, 0.43%, 0, 0, 1, 355.13
1606741878, 1117, 0, 3, 0, 0, 0.43%, 0, 0, 1, 360.27
1606741883, 1119, 1, 3, 0, 0, 0.43%, 0, 0, 1, 364.05
1606741889, 1121, 1, 3, 0, 0, 0.43%, 0, 0, 1, 303.79
1606741894, 1123, 0, 3, 0, 0, 0.43%, 0, 0, 1, 276.29
1606741899, 1125, 0, 3, 0, 0, 0.43%, 0, 0, 1, 273.11
1606741904, 1127, 0, 3, 0, 0, 0.43%, 0, 0, 1, 283.39
1606741909, 1128, 2, 3, 0, 0, 0.43%, 0, 0, 1, 277.29
1606741914, 1130, 2, 3, 0, 0, 0.43%, 0, 0, 1, 278.86
1606741919, 1132, 2, 3, 0, 0, 0.43%, 0, 0, 1, 313.91
1606741924, 1134, 2, 3, 0, 0, 0.43%, 0, 0, 1, 314.99
1606741929, 1137, 0, 3, 0, 0, 0.43%, 0, 0, 1, 345.41
1606741934, 1139, 1, 3, 0, 0, 0.43%, 0, 0, 1, 363.53
1606741939, 1141, 2, 3, 0, 0, 0.43%, 0, 0, 1, 366.48
1606741944, 1144, 1, 3, 0, 0, 0.43%, 0, 0, 1, 362.14
1606741949, 1146, 2, 3, 0, 0, 0.43%, 0, 0, 1, 374.86
1606741955, 1149, 1, 3, 0, 0, 0.43%, 0, 0, 1, 377.79
1606741960, 1152, 0, 3, 0, 0, 0.43%, 0, 0, 1, 378.15
1606741965, 1154, 1, 3, 0, 0, 0.43%, 0, 0, 1, 378.60
1606741970, 1157, 0, 3, 0, 0, 0.43%, 0, 0, 1, 378.09
1606741975, 1159, 1, 3, 0, 0, 0.43%, 0, 0, 1, 374.82
1606741980, 1162, 0, 3, 0, 0, 0.43%, 0, 0, 1, 376.56
1606741986, 1164, 2, 3, 0, 0, 0.43%, 0, 0, 1, 376.10
1606741991, 1167, 0, 3, 0, 0, 0.43%, 0, 0, 1, 376.72
1606741996, 1169, 2, 3, 0, 0, 0.43%, 0, 0, 1, 379.53
1606742001, 1172, 0, 3, 0, 0, 0.43%, 0, 0, 1, 380.07
1606742006, 1174, 2, 3, 0, 0, 0.43%, 0, 0, 1, 380.48
1606742011, 1177, 1, 3, 0, 0, 0.43%, 0, 0, 1, 375.94
1606742017, 1179, 2, 3, 0, 0, 0.43%, 0, 0, 1, 369.66
1606742022, 1182, 1, 3, 0, 0, 0.43%, 0, 0, 1, 368.71
1606742027, 1184, 2, 3, 0, 0, 0.43%, 0, 0, 1, 373.17
1606742032, 1187, 1, 3, 0, 0, 0.43%, 0, 0, 1, 379.88
1606742037, 1189, 2, 3, 0, 0, 0.43%, 0, 0, 1, 372.11
1606742042, 1192, 0, 3, 0, 0, 0.43%, 0, 0, 1, 371.55
1606742048, 1194, 2, 3, 0, 0, 0.43%, 0, 0, 1, 376.77
1606742053, 1197, 1, 3, 0, 0, 0.43%, 0, 0, 1, 376.50
1606742058, 1199, 2, 3, 0, 0, 0.43%, 0, 0, 1, 372.12
1606742063, 1202, 1, 3, 0, 0, 0.43%, 0, 0, 1, 368.68
1606742068, 1204, 2, 3, 0, 0, 0.43%, 0, 0, 1, 363.84
1606742073, 1207, 1, 3, 0, 0, 0.43%, 0, 0, 1, 369.66
1606742079, 1209, 2, 3, 0, 0, 0.43%, 0, 0, 1, 376.53
1606742084, 1212, 1, 3, 0, 0, 0.43%, 0, 0, 1, 379.27
1606742089, 1214, 2, 3, 0, 0, 0.43%, 0, 0, 1, 381.02
1606742094, 1217, 1, 3, 0, 0, 0.43%, 0, 0, 1, 368.52
1606742099, 1219, 1, 3, 0, 0, 0.43%, 0, 0, 1, 341.25
1606742104, 1222, 0, 3, 0, 0, 0.43%, 0, 0, 1, 370.18
1606742109, 1224, 2, 3, 0, 0, 0.43%, 0, 0, 1, 377.20
1606742115, 1227, 0, 3, 0, 0, 0.43%, 0, 0, 1, 375.86
1606742120, 1229, 2, 3, 0, 0, 0.43%, 0, 0, 1, 375.44
1606742125, 1232, 0, 3, 0, 0, 0.43%, 0, 0, 1, 376.91
1606742130, 1234, 2, 3, 0, 0, 0.43%, 0, 0, 1, 377.40
1606742135, 1237, 1, 3, 0, 0, 0.43%, 0, 0, 1, 377.26
1606742140, 1239, 2, 3, 0, 0, 0.43%, 0, 0, 1, 375.60
1606742145, 1242, 1, 3, 0, 0, 0.43%, 0, 0, 1, 374.74
1606742151, 1244, 2, 3, 0, 0, 0.43%, 0, 0, 1, 376.73
1606742156, 1247, 0, 3, 0, 0, 0.43%, 0, 0, 1, 369.03
1606742161, 1249, 2, 3, 0, 0, 0.43%, 0, 0, 1, 370.04
1606742166, 1252, 0, 3, 0, 0, 0.43%, 0, 0, 1, 378.04
1606742171, 1254, 2, 3, 0, 0, 0.43%, 0, 0, 1, 379.76
1606742176, 1257, 1, 3, 0, 0, 0.43%, 0, 0, 1, 380.98
1606742181, 1259, 2, 3, 0, 0, 0.43%, 0, 0, 1, 380.68
1606742186, 1262, 1, 3, 0, 0, 0.43%, 0, 0, 1, 379.13
1606742191, 1264, 2, 3, 0, 0, 0.43%, 0, 0, 1, 380.53
1606742197, 1267, 1, 3, 0, 0, 0.43%, 0, 0, 1, 379.80
1606742202, 1270, 0, 3, 0, 0, 0.43%, 0, 0, 1, 379.72
1606742207, 1272, 1, 3, 0, 0, 0.43%, 0, 0, 1, 380.04
1606742212, 1274, 2, 3, 0, 0, 0.43%, 0, 0, 1, 363.54
1606742217, 1277, 1, 3, 0, 0, 0.43%, 0, 0, 1, 375.64
1606742222, 1280, 0, 3, 0, 0, 0.43%, 0, 0, 1, 379.49
1606742227, 1282, 1, 3, 0, 0, 0.43%, 0, 0, 1, 379.09
1606742233, 1285, 0, 3, 0, 0, 0.43%, 0, 0, 1, 379.78
1606742238, 1287, 1, 3, 0, 0, 0.43%, 0, 0, 1, 362.13
1606742243, 1290, 0, 3, 0, 0, 0.43%, 0, 0, 1, 370.15
1606742248, 1292, 1, 3, 0, 0, 0.43%, 0, 0, 1, 351.21
1606742253, 1294, 2, 3, 0, 0, 0.43%, 0, 0, 1, 358.07
1606742258, 1297, 0, 3, 0, 0, 0.43%, 0, 0, 1, 366.08
1606742263, 1299, 2, 3, 0, 0, 0.43%, 0, 0, 1, 372.84
1606742268, 1302, 0, 3, 0, 0, 0.43%, 0, 0, 1, 366.65
1606742273, 1304, 1, 3, 0, 0, 0.43%, 0, 0, 1, 370.33
1606742279, 1307, 0, 3, 0, 0, 0.43%, 0, 0, 1, 374.77
1606742284, 1309, 1, 3, 0, 0, 0.43%, 0, 0, 1, 372.93
1606742289, 1311, 2, 3, 0, 0, 0.43%, 0, 0, 1, 379.54
1606742294, 1314, 1, 3, 0, 0, 0.43%, 0, 0, 1, 381.14
1606742299, 1317, 0, 3, 0, 0, 0.43%, 0, 0, 1, 382.05
1606742304, 1319, 1, 3, 0, 0, 0.43%, 0, 0, 1, 381.45
1606742309, 1322, 0, 3, 0, 0, 0.43%, 0, 0, 1, 378.56
1606742314, 1324, 2, 3, 0, 0, 0.43%, 0, 0, 1, 382.00
1606742319, 1327, 0, 3, 0, 0, 0.43%, 0, 0, 1, 384.05
1606742325, 1329, 2, 3, 0, 0, 0.43%, 0, 0, 1, 384.40
1606742330, 1332, 1, 3, 0, 0, 0.43%, 0, 0, 1, 384.14
1606742335, 1334, 2, 3, 0, 0, 0.43%, 0, 0, 1, 383.77
1606742340, 1337, 1, 3, 0, 0, 0.43%, 0, 0, 1, 376.22
1606742345, 1339, 2, 3, 0, 0, 0.43%, 0, 0, 1, 352.04
1606742350, 1342, 0, 3, 0, 0, 0.43%, 0, 0, 1, 350.79
1606742355, 1344, 2, 3, 0, 0, 0.43%, 0, 0, 1, 376.04
1606742361, 1347, 0, 3, 0, 0, 0.43%, 0, 0, 1, 378.99
1606742366, 1349, 2, 3, 0, 0, 0.43%, 0, 0, 1, 376.04
1606742371, 1352, 1, 3, 0, 0, 0.43%, 0, 0, 1, 379.98
1606742376, 1354, 2, 3, 0, 0, 0.43%, 0, 0, 1, 381.19
1606742381, 1357, 1, 3, 0, 0, 0.43%, 0, 0, 1, 381.83
1606742386, 1360, 0, 3, 0, 0, 0.43%, 0, 0, 1, 381.77
1606742392, 1362, 1, 3, 0, 0, 0.43%, 0, 0, 1, 380.26
1606742397, 1365, 0, 3, 0, 0, 0.43%, 0, 0, 1, 380.19
1606742402, 1367, 2, 3, 0, 0, 0.43%, 0, 0, 1, 378.33
1606742407, 1370, 0, 3, 0, 0, 0.43%, 0, 0, 1, 378.81
1606742412, 1372, 2, 3, 0, 0, 0.43%, 0, 0, 1, 380.24
1606742417, 1375, 1, 3, 0, 0, 0.43%, 0, 0, 1, 380.77
1606742422, 1377, 2, 3, 0, 0, 0.43%, 0, 0, 1, 381.31
1606742428, 1380, 1, 3, 0, 0, 0.43%, 0, 0, 1, 377.16
1606742433, 1382, 2, 3, 0, 0, 0.43%, 0, 0, 1, 376.27
1606742438, 1385, 1, 3, 0, 0, 0.43%, 0, 0, 1, 362.54
1606742443, 1387, 2, 3, 0, 0, 0.43%, 0, 0, 1, 364.70
1606742448, 1390, 0, 3, 0, 0, 0.43%, 0, 0, 1, 352.06
1606742453, 1392, 1, 3, 0, 0, 0.43%, 0, 0, 1, 373.76
1606742458, 1395, 0, 3, 0, 0, 0.43%, 0, 0, 1, 379.13
1606742463, 1397, 1, 3, 0, 0, 0.43%, 0, 0, 1, 381.46
1606742469, 1400, 0, 3, 0, 0, 0.43%, 0, 0, 1, 382.20
1606742474, 1402, 2, 3, 0, 0, 0.43%, 0, 0, 1, 382.29
1606742479, 1405, 0, 3, 0, 0, 0.43%, 0, 0, 1, 382.37
1606742484, 1407, 2, 3, 0, 0, 0.43%, 0, 0, 1, 382.09
1606742489, 1410, 1, 3, 0, 0, 0.43%, 0, 0, 1, 381.69
1606742494, 1412, 2, 3, 0, 0, 0.43%, 0, 0, 1, 381.78
1606742499, 1415, 1, 3, 0, 0, 0.43%, 0, 0, 1, 381.44
1606742504, 1418, 0, 3, 0, 0, 0.43%, 0, 0, 1, 380.80
1606742510, 1420, 1, 3, 0, 0, 0.43%, 0, 0, 1, 381.20
1606742515, 1423, 0, 3, 0, 0, 0.43%, 0, 0, 1, 382.18
1606742520, 1425, 1, 3, 0, 0, 0.43%, 0, 0, 1, 379.92
1606742525, 1428, 0, 3, 0, 0, 0.43%, 0, 0, 1, 382.32
1606742530, 1430, 2, 3, 0, 0, 0.43%, 0, 0, 1, 382.32
1606742535, 1433, 0, 3, 0, 0, 0.43%, 0, 0, 1, 382.74
1606742540, 1435, 2, 3, 0, 0, 0.43%, 0, 0, 1, 379.59
1606742545, 1438, 1, 3, 0, 0, 0.43%, 0, 0, 1, 380.87
1606742551, 1440, 2, 3, 0, 0, 0.43%, 0, 0, 1, 378.93
1606742556, 1443, 1, 3, 0, 0, 0.43%, 0, 0, 1, 380.91
1606742561, 1446, 0, 3, 0, 0, 0.43%, 0, 0, 1, 379.35
1606742566, 1448, 1, 3, 0, 0, 0.43%, 0, 0, 1, 381.06
1606742571, 1451, 0, 3, 0, 0, 0.43%, 0, 0, 1, 380.84
1606742576, 1453, 2, 3, 0, 0, 0.43%, 0, 0, 1, 381.78
1606742581, 1456, 0, 3, 0, 0, 0.43%, 0, 0, 1, 380.10
1606742587, 1458, 2, 3, 0, 0, 0.43%, 0, 0, 1, 357.71
1606742592, 1461, 0, 3, 0, 0, 0.43%, 0, 0, 1, 375.60
1606742597, 1463, 2, 3, 0, 0, 0.43%, 0, 0, 1, 380.86
1606742602, 1466, 0, 3, 0, 0, 0.43%, 0, 0, 1, 382.03
1606742607, 1468, 2, 3, 0, 0, 0.43%, 0, 0, 1, 381.58
1606742612, 1471, 1, 3, 0, 0, 0.43%, 0, 0, 1, 376.32
1606742617, 1473, 2, 3, 0, 0, 0.43%, 0, 0, 1, 380.93
1606742623, 1476, 1, 3, 0, 0, 0.43%, 0, 0, 1, 383.04
1606742628, 1479, 0, 3, 0, 0, 0.43%, 0, 0, 1, 382.74
1606742633, 1481, 1, 3, 0, 0, 0.43%, 0, 0, 1, 382.31
1606742638, 1484, 0, 3, 0, 0, 0.43%, 0, 0, 1, 381.57
1606742643, 1486, 2, 3, 0, 0, 0.43%, 0, 0, 1, 382.08
1606742648, 1489, 0, 3, 0, 0, 0.43%, 0, 0, 1, 381.78
1606742653, 1491, 2, 3, 0, 0, 0.43%, 0, 0, 1, 382.66
1606742658, 1494, 0, 3, 0, 0, 0.43%, 0, 0, 1, 382.42
1606742664, 1496, 2, 3, 0, 0, 0.43%, 0, 0, 1, 383.50
1606742669, 1499, 1, 3, 0, 0, 0.43%, 0, 0, 1, 382.56
1606742674, 1501, 2, 3, 0, 0, 0.43%, 0, 0, 1, 375.92
1606742679, 1504, 1, 3, 0, 0, 0.43%, 0, 0, 1, 381.57
1606742684, 1507, 0, 3, 0, 0, 0.43%, 0, 0, 1, 383.63
1606742689, 1509, 1, 3, 0, 0, 0.43%, 0, 0, 1, 383.01
1606742694, 1512, 0, 3, 0, 0, 0.43%, 0, 0, 1, 382.85
1606742700, 1514, 2, 3, 0, 0, 0.43%, 0, 0, 1, 383.35
1606742705, 1517, 1, 3, 0, 0, 0.43%, 0, 0, 1, 382.96
1606742710, 1519, 2, 3, 0, 0, 0.43%, 0, 0, 1, 383.21
1606742715, 1522, 1, 3, 0, 0, 0.43%, 0, 0, 1, 382.65
1606742720, 1525, 0, 3, 0, 0, 0.43%, 0, 0, 1, 379.59
1606742725, 1527, 1, 3, 0, 0, 0.43%, 0, 0, 1, 382.48
1606742730, 1530, 0, 3, 0, 0, 0.43%, 0, 0, 1, 383.13
1606742736, 1532, 2, 3, 0, 0, 0.43%, 0, 0, 1, 382.60
1606742741, 1535, 0, 3, 0, 0, 0.43%, 0, 0, 1, 383.06
1606742746, 1537, 2, 3, 0, 0, 0.43%, 0, 0, 1, 382.68
1606742751, 1540, 1, 3, 0, 0, 0.43%, 0, 0, 1, 382.89
1606742756, 1542, 2, 3, 0, 0, 0.43%, 0, 0, 1, 383.04
1606742761, 1545, 1, 3, 0, 0, 0.43%, 0, 0, 1, 383.05
1606742766, 1548, 0, 3, 0, 0, 0.43%, 0, 0, 1, 384.08
1606742772, 1550, 2, 3, 0, 0, 0.43%, 0, 0, 1, 383.24
1606742777, 1553, 0, 3, 0, 0, 0.43%, 0, 0, 1, 383.34
1606742782, 1555, 2, 3, 0, 0, 0.43%, 0, 0, 1, 383.26
1606742787, 1558, 1, 3, 0, 0, 0.43%, 0, 0, 1, 383.80
1606742792, 1560, 2, 3, 0, 0, 0.43%, 0, 0, 1, 382.51
1606742797, 1563, 1, 3, 0, 0, 0.43%, 0, 0, 1, 382.03
1606742802, 1566, 0, 3, 0, 0, 0.43%, 0, 0, 1, 382.97
1606742808, 1568, 1, 3, 0, 0, 0.43%, 0, 0, 1, 382.94
1606742813, 1571, 0, 3, 0, 0, 0.43%, 0, 0, 1, 382.91
1606742818, 1573, 2, 3, 0, 0, 0.43%, 0, 0, 1, 383.93
1606742823, 1576, 0, 3, 0, 0, 0.43%, 0, 0, 1, 383.46
1606742828, 1578, 2, 3, 0, 0, 0.43%, 0, 0, 1, 383.30
1606742833, 1581, 1, 3, 0, 0, 0.43%, 0, 0, 1, 383.60
1606742838, 1584, 0, 3, 0, 0, 0.43%, 0, 0, 1, 382.70
1606742844, 1586, 1, 3, 0, 0, 0.43%, 0, 0, 1, 382.13
1606742849, 1589, 0, 3, 0, 0, 0.43%, 0, 0, 1, 382.60
1606742854, 1591, 2, 3, 0, 0, 0.43%, 0, 0, 1, 383.19
1606742859, 1594, 0, 3, 0, 0, 0.43%, 0, 0, 1, 383.34
1606742864, 1596, 2, 3, 0, 0, 0.43%, 0, 0, 1, 383.91
1606742869, 1599, 1, 3, 0, 0, 0.43%, 0, 0, 1, 382.79
1606742874, 1601, 2, 3, 0, 0, 0.43%, 0, 0, 1, 383.33
1606742879, 1604, 1, 3, 0, 0, 0.43%, 0, 0, 1, 383.18
1606742885, 1607, 0, 3, 0, 0, 0.43%, 0, 0, 1, 383.23
1606742890, 1609, 1, 3, 0, 0, 0.43%, 0, 0, 1, 382.32
1606742895, 1612, 0, 3, 0, 0, 0.43%, 0, 0, 1, 383.12
1606742900, 1614, 2, 3, 0, 0, 0.43%, 0, 0, 1, 383.77
1606742905, 1617, 0, 3, 0, 0, 0.43%, 0, 0, 1, 383.17
1606742910, 1619, 2, 3, 0, 0, 0.43%, 0, 0, 1, 383.96
1606742915, 1622, 1, 3, 0, 0, 0.43%, 0, 0, 1, 384.05
1606742921, 1625, 0, 3, 0, 0, 0.43%, 0, 0, 1, 379.17
1606742926, 1627, 1, 3, 0, 0, 0.43%, 0, 0, 1, 381.04
1606742931, 1630, 0, 3, 0, 0, 0.43%, 0, 0, 1, 383.03
1606742936, 1632, 2, 3, 0, 0, 0.43%, 0, 0, 1, 383.01
1606742941, 1635, 0, 3, 0, 0, 0.43%, 0, 0, 1, 383.70
1606742946, 1637, 2, 3, 0, 0, 0.43%, 0, 0, 1, 382.80
1606742951, 1640, 1, 3, 0, 0, 0.43%, 0, 0, 1, 382.72
1606742957, 1642, 2, 3, 0, 0, 0.43%, 0, 0, 1, 381.91
1606742962, 1645, 1, 3, 0, 0, 0.43%, 0, 0, 1, 382.12
1606742967, 1648, 0, 3, 0, 0, 0.43%, 0, 0, 1, 382.86
1606742972, 1650, 1, 3, 0, 0, 0.43%, 0, 0, 1, 383.17
1606742977, 1653, 0, 3, 0, 0, 0.43%, 0, 0, 1, 382.94
1606742982, 1655, 2, 3, 0, 0, 0.43%, 0, 0, 1, 382.49
1606742987, 1658, 0, 3, 0, 0, 0.43%, 0, 0, 1, 382.15
1606742993, 1660, 2, 3, 0, 0, 0.43%, 0, 0, 1, 382.80
1606742998, 1663, 1, 3, 0, 0, 0.43%, 0, 0, 1, 382.32
1606743003, 1665, 2, 3, 0, 0, 0.43%, 0, 0, 1, 382.60
1606743008, 1668, 1, 3, 0, 0, 0.43%, 0, 0, 1, 381.85
1606743013, 1671, 0, 3, 0, 0, 0.43%, 0, 0, 1, 383.20
1606743018, 1673, 1, 3, 0, 0, 0.43%, 0, 0, 1, 383.05
1606743023, 1676, 0, 3, 0, 0, 0.43%, 0, 0, 1, 382.30
1606743028, 1678, 1, 3, 0, 0, 0.43%, 0, 0, 1, 383.36
1606743033, 1681, 0, 3, 0, 0, 0.43%, 0, 0, 1, 382.72
1606743039, 1683, 2, 3, 0, 0, 0.43%, 0, 0, 1, 382.86
1606743044, 1686, 0, 3, 0, 0, 0.43%, 0, 0, 1, 379.89
1606743049, 1688, 2, 3, 0, 0, 0.43%, 0, 0, 1, 381.67
1606743054, 1691, 1, 3, 0, 0, 0.43%, 0, 0, 1, 382.60
1606743059, 1693, 2, 3, 0, 0, 0.43%, 0, 0, 1, 381.30
1606743064, 1696, 1, 3, 0, 0, 0.43%, 0, 0, 1, 383.07
1606743069, 1699, 0, 3, 0, 0, 0.43%, 0, 0, 1, 382.17
1606743075, 1701, 1, 3, 0, 0, 0.43%, 0, 0, 1, 382.99
1606743080, 1704, 0, 3, 0, 0, 0.43%, 0, 0, 1, 382.51
1606743085, 1706, 2, 3, 0, 0, 0.43%, 0, 0, 1, 383.35
1606743090, 1709, 0, 3, 0, 0, 0.43%, 0, 0, 1, 383.42
1606743095, 1711, 2, 3, 0, 0, 0.43%, 0, 0, 1, 383.28
1606743100, 1714, 1, 3, 0, 0, 0.43%, 0, 0, 1, 383.74
1606743105, 1717, 0, 3, 0, 0, 0.43%, 0, 0, 1, 384.22
1606743111, 1719, 1, 3, 0, 0, 0.43%, 0, 0, 1, 383.73
1606743116, 1722, 0, 3, 0, 0, 0.43%, 0, 0, 1, 383.36
1606743121, 1724, 2, 3, 0, 0, 0.43%, 0, 0, 1, 383.53
1606743126, 1727, 0, 3, 0, 0, 0.43%, 0, 0, 1, 379.51
1606743131, 1729, 2, 3, 0, 0, 0.43%, 0, 0, 1, 381.66
1606743136, 1732, 1, 3, 0, 0, 0.43%, 0, 0, 1, 381.54
1606743141, 1734, 2, 3, 0, 0, 0.43%, 0, 0, 1, 382.88
1606743146, 1737, 1, 3, 0, 0, 0.43%, 0, 0, 1, 382.80
1606743152, 1740, 0, 3, 0, 0, 0.43%, 0, 0, 1, 382.72
1606743157, 1742, 1, 3, 0, 0, 0.43%, 0, 0, 1, 382.43
1606743162, 1745, 0, 3, 0, 0, 0.43%, 0, 0, 1, 379.14
1606743167, 1747, 2, 3, 0, 0, 0.43%, 0, 0, 1, 380.80
1606743172, 1750, 0, 3, 0, 0, 0.43%, 0, 0, 1, 381.78
1606743177, 1752, 2, 3, 0, 0, 0.43%, 0, 0, 1, 382.05
1606743182, 1755, 0, 3, 0, 0, 0.43%, 0, 0, 1, 381.54
1606743187, 1757, 2, 3, 0, 0, 0.43%, 0, 0, 1, 381.54
1606743193, 1760, 1, 3, 0, 0, 0.43%, 0, 0, 1, 383.02
1606743198, 1763, 0, 3, 0, 0, 0.43%, 0, 0, 1, 383.31
1606743203, 1765, 1, 3, 0, 0, 0.43%, 0, 0, 1, 383.41
1606743208, 1768, 0, 3, 0, 0, 0.43%, 0, 0, 1, 383.44
1606743213, 1770, 2, 3, 0, 0, 0.43%, 0, 0, 1, 382.13
1606743218, 1773, 0, 3, 0, 0, 0.43%, 0, 0, 1, 383.03
1606743223, 1775, 2, 3, 0, 0, 0.43%, 0, 0, 1, 383.72
1606743229, 1778, 1, 3, 0, 0, 0.43%, 0, 0, 1, 383.35
1606743234, 1780, 2, 3, 0, 0, 0.43%, 0, 0, 1, 383.08
1606743239, 1783, 1, 3, 0, 0, 0.43%, 0, 0, 1, 382.28
1606743244, 1786, 0, 3, 0, 0, 0.43%, 0, 0, 1, 382.76
1606743249, 1788, 1, 3, 0, 0, 0.43%, 0, 0, 1, 382.87
1606743254, 1791, 0, 3, 0, 0, 0.43%, 0, 0, 1, 382.23
1606743259, 1793, 1, 3, 0, 0, 0.43%, 0, 0, 1, 381.83
1606743264, 1796, 0, 3, 0, 0, 0.43%, 0, 0, 1, 380.73
1606743270, 1798, 2, 3, 0, 0, 0.43%, 0, 0, 1, 381.84
1606743275, 1801, 0, 3, 0, 0, 0.43%, 0, 0, 1, 381.88
1606743280, 1803, 2, 3, 0, 0, 0.43%, 0, 0, 1, 381.66
1606743285, 1806, 1, 3, 0, 0, 0.43%, 0, 0, 1, 380.34
1606743290, 1808, 2, 3, 0, 0, 0.43%, 0, 0, 1, 382.21
1606743295, 1811, 1, 3, 0, 0, 0.43%, 0, 0, 1, 382.25
1606743300, 1814, 0, 3, 0, 0, 0.43%, 0, 0, 1, 382.36
1606743305, 1816, 1, 3, 0, 0, 0.43%, 0, 0, 1, 382.70
1606743311, 1819, 0, 3, 0, 0, 0.43%, 0, 0, 1, 382.35
1606743316, 1821, 2, 3, 0, 0, 0.43%, 0, 0, 1, 382.37
1606743321, 1824, 0, 3, 0, 0, 0.43%, 0, 0, 1, 382.48
1606743326, 1826, 2, 3, 0, 0, 0.43%, 0, 0, 1, 382.39
1606743331, 1829, 1, 3, 0, 0, 0.43%, 0, 0, 1, 382.73
1606743336, 1831, 2, 3, 0, 0, 0.43%, 0, 0, 1, 381.83
1606743341, 1834, 1, 3, 0, 0, 0.43%, 0, 0, 1, 381.63
1606743346, 1837, 0, 3, 0, 0, 0.43%, 0, 0, 1, 382.29
1606743352, 1839, 1, 3, 0, 0, 0.43%, 0, 0, 1, 382.53
1606743357, 1842, 0, 3, 0, 0, 0.43%, 0, 0, 1, 382.44
1606743362, 1844, 2, 3, 0, 0, 0.43%, 0, 0, 1, 382.56
1606743367, 1847, 0, 3, 0, 0, 0.43%, 0, 0, 1, 382.34
1606743372, 1849, 2, 3, 0, 0, 0.43%, 0, 0, 1, 382.12
1606743377, 1852, 0, 3, 0, 0, 0.43%, 0, 0, 1, 382.34
1606743382, 1854, 2, 3, 0, 0, 0.43%, 0, 0, 1, 382.54
1606743387, 1857, 1, 3, 0, 0, 0.43%, 0, 0, 1, 382.58
1606743393, 1859, 2, 3, 0, 0, 0.43%, 0, 0, 1, 382.40
1606743398, 1862, 1, 3, 0, 0, 0.43%, 0, 0, 1, 382.07
1606743403, 1865, 0, 3, 0, 0, 0.43%, 0, 0, 1, 382.40
1606743408, 1867, 1, 3, 0, 0, 0.43%, 0, 0, 1, 381.26
1606743413, 1870, 0, 3, 0, 0, 0.43%, 0, 0, 1, 382.71
1606743418, 1872, 2, 3, 0, 0, 0.43%, 0, 0, 1, 382.87
1606743423, 1875, 0, 3, 0, 0, 0.43%, 0, 0, 1, 382.47
1606743428, 1877, 2, 3, 0, 0, 0.43%, 0, 0, 1, 382.75
1606743434, 1880, 1, 3, 0, 0, 0.43%, 0, 0, 1, 383.12
1606743439, 1882, 2, 3, 0, 0, 0.43%, 0, 0, 1, 383.46
1606743444, 1885, 1, 3, 0, 0, 0.43%, 0, 0, 1, 382.82
1606743449, 1888, 0, 3, 0, 0, 0.43%, 0, 0, 1, 382.23
1606743454, 1890, 1, 3, 0, 0, 0.43%, 0, 0, 1, 382.15
1606743459, 1893, 0, 3, 0, 0, 0.43%, 0, 0, 1, 381.93
1606743464, 1895, 2, 3, 0, 0, 0.43%, 0, 0, 1, 382.16
1606743469, 1898, 0, 3, 0, 0, 0.43%, 0, 0, 1, 382.27
1606743475, 1900, 2, 3, 0, 0, 0.43%, 0, 0, 1, 381.79
1606743480, 1903, 1, 3, 0, 0, 0.43%, 0, 0, 1, 382.08
1606743485, 1905, 2, 3, 0, 0, 0.43%, 0, 0, 1, 381.91
1606743490, 1908, 1, 3, 0, 0, 0.43%, 0, 0, 1, 382.69
1606743495, 1911, 0, 3, 0, 0, 0.43%, 0, 0, 1, 382.46
1606743500, 1913, 1, 3, 0, 0, 0.43%, 0, 0, 1, 381.81
1606743505, 1916, 0, 3, 0, 0, 0.43%, 0, 0, 1, 381.54
1606743510, 1918, 1, 3, 0, 0, 0.43%, 0, 0, 1, 382.07
1606743516, 1921, 0, 3, 0, 0, 0.43%, 0, 0, 1, 381.29
1606743521, 1923, 2, 3, 0, 0, 0.43%, 0, 0, 1, 380.97
1606743526, 1926, 0, 3, 0, 0, 0.43%, 0, 0, 1, 382.10
1606743531, 1928, 2, 3, 0, 0, 0.43%, 0, 0, 1, 380.74
1606743536, 1931, 1, 3, 0, 0, 0.43%, 0, 0, 1, 382.01
1606743541, 1933, 2, 3, 0, 0, 0.43%, 0, 0, 1, 382.81
1606743546, 1936, 1, 3, 0, 0, 0.43%, 0, 0, 1, 382.76
1606743551, 1939, 0, 3, 0, 0, 0.43%, 0, 0, 1, 383.11
1606743557, 1941, 1, 3, 0, 0, 0.43%, 0, 0, 1, 382.53
1606743562, 1944, 0, 3, 0, 0, 0.43%, 0, 0, 1, 382.79
1606743567, 1946, 2, 3, 0, 0, 0.43%, 0, 0, 1, 382.96
1606743572, 1949, 1, 3, 0, 0, 0.43%, 0, 0, 1, 382.69
1606743577, 1951, 2, 3, 0, 0, 0.43%, 0, 0, 1, 382.42
1606743582, 1954, 1, 3, 0, 0, 0.43%, 0, 0, 1, 382.74
1606743587, 1957, 0, 3, 0, 0, 0.43%, 0, 0, 1, 382.16
1606743593, 1959, 1, 3, 0, 0, 0.43%, 0, 0, 1, 381.96
1606743598, 1962, 0, 3, 0, 0, 0.43%, 0, 0, 1, 382.91
1606743603, 1964, 2, 3, 0, 0, 0.43%, 0, 0, 1, 382.51
1606743608, 1967, 0, 3, 0, 0, 0.43%, 0, 0, 1, 383.33
1606743613, 1969, 2, 3, 0, 0, 0.43%, 0, 0, 1, 381.04
1606743618, 1972, 0, 3, 0, 0, 0.43%, 0, 0, 1, 382.15
1606743623, 1974, 2, 3, 0, 0, 0.43%, 0, 0, 1, 382.55
1606743628, 1977, 1, 3, 0, 0, 0.43%, 0, 0, 1, 382.52
1606743634, 1979, 2, 3, 0, 0, 0.43%, 0, 0, 1, 382.25
1606743639, 1982, 1, 3, 0, 0, 0.43%, 0, 0, 1, 382.33
1606743644, 1985, 0, 3, 0, 0, 0.43%, 0, 0, 1, 382.34
1606743649, 1987, 1, 3, 0, 0, 0.43%, 0, 0, 1, 383.10
1606743654, 1990, 0, 3, 0, 0, 0.43%, 0, 0, 1, 381.35
1606743659, 1992, 2, 3, 0, 0, 0.43%, 0, 0, 1, 381.84
1606743664, 1995, 0, 3, 0, 0, 0.43%, 0, 0, 1, 382.57
1606743669, 1997, 2, 3, 0, 0, 0.43%, 0, 0, 1, 382.36
1606743675, 2000, 1, 3, 0, 0, 0.43%, 0, 0, 1, 382.35
1606743680, 2002, 2, 3, 0, 0, 0.43%, 0, 0, 1, 382.68
1606743685, 2005, 1, 3, 0, 0, 0.43%, 0, 0, 1, 382.31
1606743690, 2008, 0, 3, 0, 0, 0.43%, 0, 0, 1, 382.48
1606743695, 2010, 1, 3, 0, 0, 0.43%, 0, 0, 1, 382.75
1606743700, 2013, 0, 3, 0, 0, 0.43%, 0, 0, 1, 382.34
1606743705, 2015, 2, 3, 0, 0, 0.43%, 0, 0, 1, 382.75
1606743710, 2018, 0, 3, 0, 0, 0.43%, 0, 0, 1, 382.21
1606743715, 2020, 2, 3, 0, 0, 0.43%, 0, 0, 1, 382.15
1606743721, 2023, 1, 3, 0, 0, 0.43%, 0, 0, 1, 382.48
1606743726, 2025, 2, 3, 0, 0, 0.43%, 0, 0, 1, 375.66
1606743731, 2028, 1, 3, 0, 0, 0.43%, 0, 0, 1, 382.31
1606743736, 2030, 2, 3, 0, 0, 0.43%, 0, 0, 1, 382.10
1606743741, 2033, 1, 3, 0, 0, 0.43%, 0, 0, 1, 383.20
1606743746, 2036, 0, 3, 0, 0, 0.43%, 0, 0, 1, 384.86
1606743751, 2038, 2, 3, 0, 0, 0.43%, 0, 0, 1, 384.38
1606743756, 2041, 0, 3, 0, 0, 0.43%, 0, 0, 1, 384.63
1606743762, 2043, 2, 3, 0, 0, 0.43%, 0, 0, 1, 384.01
1606743767, 2046, 1, 3, 0, 0, 0.43%, 0, 0, 1, 384.20
1606743772, 2048, 2, 3, 0, 0, 0.43%, 0, 0, 1, 384.19
1606743777, 2051, 1, 3, 0, 0, 0.43%, 0, 0, 1, 383.38
1606743782, 2054, 0, 3, 0, 0, 0.43%, 0, 0, 1, 383.89
1606743787, 2056, 2, 3, 0, 0, 0.43%, 0, 0, 1, 384.16
1606743793, 2059, 0, 3, 0, 0, 0.43%, 0, 0, 1, 384.19
1606743798, 2061, 2, 3, 0, 0, 0.43%, 0, 0, 1, 385.01
1606743803, 2064, 1, 3, 0, 0, 0.43%, 0, 0, 1, 384.31
1606743808, 2066, 2, 3, 0, 0, 0.43%, 0, 0, 1, 384.06
1606743813, 2069, 1, 3, 0, 0, 0.43%, 0, 0, 1, 384.04
1606743818, 2072, 0, 3, 0, 0, 0.43%, 0, 0, 1, 384.33
1606743823, 2074, 2, 3, 0, 0, 0.43%, 0, 0, 1, 384.45
1606743829, 2077, 0, 3, 0, 0, 0.43%, 0, 0, 1, 384.37
1606743834, 2079, 2, 3, 0, 0, 0.43%, 0, 0, 1, 384.79
1606743839, 2082, 1, 3, 0, 0, 0.43%, 0, 0, 1, 384.82
1606743844, 2084, 2, 3, 0, 0, 0.43%, 0, 0, 1, 385.26
1606743849, 2087, 1, 3, 0, 0, 0.43%, 0, 0, 1, 384.75
1606743854, 2090, 0, 3, 0, 0, 0.43%, 0, 0, 1, 384.92
1606743859, 2092, 2, 3, 0, 0, 0.43%, 0, 0, 1, 385.40
1606743864, 2095, 0, 3, 0, 0, 0.43%, 0, 0, 1, 385.49
1606743869, 2097, 2, 3, 0, 0, 0.43%, 0, 0, 1, 385.48
1606743875, 2100, 1, 3, 0, 0, 0.43%, 0, 0, 1, 384.40
1606743880, 2102, 2, 3, 0, 0, 0.43%, 0, 0, 1, 384.67
1606743885, 2105, 1, 3, 0, 0, 0.43%, 0, 0, 1, 384.38
1606743890, 2108, 0, 3, 0, 0, 0.43%, 0, 0, 1, 384.68
1606743895, 2110, 2, 3, 0, 0, 0.43%, 0, 0, 1, 381.28
1606743900, 2113, 0, 3, 0, 0, 0.43%, 0, 0, 1, 383.85
1606743906, 2115, 2, 3, 0, 0, 0.43%, 0, 0, 1, 384.73
1606743911, 2118, 1, 3, 0, 0, 0.43%, 0, 0, 1, 384.70
1606743916, 2120, 2, 3, 0, 0, 0.43%, 0, 0, 1, 384.89
1606743921, 2123, 1, 3, 0, 0, 0.43%, 0, 0, 1, 384.93
1606743926, 2126, 0, 3, 0, 0, 0.43%, 0, 0, 1, 385.01
1606743931, 2128, 2, 3, 0, 0, 0.43%, 0, 0, 1, 385.30
1606743936, 2131, 0, 3, 0, 0, 0.43%, 0, 0, 1, 383.78
1606743941, 2133, 2, 3, 0, 0, 0.43%, 0, 0, 1, 383.85
1606743947, 2136, 1, 3, 0, 0, 0.43%, 0, 0, 1, 384.40
1606743952, 2138, 2, 3, 0, 0, 0.43%, 0, 0, 1, 385.35
1606743957, 2141, 1, 3, 0, 0, 0.43%, 0, 0, 1, 384.85
1606743962, 2144, 0, 3, 0, 0, 0.43%, 0, 0, 1, 384.28
1606743967, 2146, 2, 3, 0, 0, 0.43%, 0, 0, 1, 384.11
1606743972, 2149, 0, 3, 0, 0, 0.43%, 0, 0, 1, 383.68
1606743977, 2151, 2, 3, 0, 0, 0.43%, 0, 0, 1, 384.16
1606743982, 2154, 1, 3, 0, 0, 0.43%, 0, 0, 1, 383.97
1606743988, 2156, 2, 3, 0, 0, 0.43%, 0, 0, 1, 383.96
1606743993, 2159, 1, 3, 0, 0, 0.43%, 0, 0, 1, 384.63
1606743998, 2162, 0, 3, 0, 0, 0.43%, 0, 0, 1, 384.90
1606744003, 2164, 2, 3, 0, 0, 0.43%, 0, 0, 1, 384.83
1606744008, 2167, 1, 3, 0, 0, 0.43%, 0, 0, 1, 384.65
1606744014, 2169, 2, 3, 0, 0, 0.43%, 0, 0, 1, 383.52
1606744019, 2172, 1, 3, 0, 0, 0.43%, 0, 0, 1, 384.33
1606744024, 2175, 0, 3, 0, 0, 0.43%, 0, 0, 1, 383.76
1606744029, 2177, 1, 3, 0, 0, 0.43%, 0, 0, 1, 384.29
1606744034, 2180, 0, 3, 0, 0, 0.43%, 0, 0, 1, 384.42
1606744039, 2182, 2, 3, 0, 0, 0.43%, 0, 0, 1, 384.01
1606744044, 2185, 1, 3, 0, 0, 0.43%, 0, 0, 1, 383.79
1606744050, 2187, 2, 3, 0, 0, 0.43%, 0, 0, 1, 384.01
1606744055, 2190, 1, 3, 0, 0, 0.43%, 0, 0, 1, 383.18
1606744060, 2193, 0, 3, 0, 0, 0.43%, 0, 0, 1, 384.25
1606744065, 2195, 1, 3, 0, 0, 0.43%, 0, 0, 1, 384.95
1606744070, 2198, 0, 3, 0, 0, 0.43%, 0, 0, 1, 384.04
1606744075, 2200, 2, 3, 0, 0, 0.43%, 0, 0, 1, 383.53
1606744080, 2203, 0, 3, 0, 0, 0.43%, 0, 0, 1, 384.66
1606744085, 2205, 2, 3, 0, 0, 0.43%, 0, 0, 1, 384.91
1606744091, 2208, 1, 3, 0, 0, 0.43%, 0, 0, 1, 384.09
1606744096, 2211, 0, 3, 0, 0, 0.43%, 0, 0, 1, 383.69
1606744101, 2213, 1, 3, 0, 0, 0.43%, 0, 0, 1, 384.49
1606744106, 2216, 0, 3, 0, 0, 0.43%, 0, 0, 1, 383.70
1606744111, 2218, 2, 3, 0, 0, 0.43%, 0, 0, 1, 383.06
1606744116, 2221, 1, 3, 0, 0, 0.43%, 0, 0, 1, 384.00
1606744122, 2223, 2, 3, 0, 0, 0.43%, 0, 0, 1, 384.24
1606744127, 2226, 1, 3, 0, 0, 0.43%, 0, 0, 1, 384.13
1606744132, 2229, 0, 3, 0, 0, 0.43%, 0, 0, 1, 384.03
1606744137, 2231, 1, 3, 0, 0, 0.43%, 0, 0, 1, 382.45
1606744142, 2234, 0, 3, 0, 0, 0.43%, 0, 0, 1, 380.88
1606744147, 2236, 2, 3, 0, 0, 0.43%, 0, 0, 1, 383.01
1606744152, 2239, 0, 3, 0, 0, 0.43%, 0, 0, 1, 383.21
1606744158, 2241, 2, 3, 0, 0, 0.43%, 0, 0, 1, 383.80
1606744163, 2244, 1, 3, 0, 0, 0.43%, 0, 0, 1, 383.81
1606744168, 2247, 0, 3, 0, 0, 0.43%, 0, 0, 1, 383.91
1606744173, 2249, 1, 3, 0, 0, 0.43%, 0, 0, 1, 384.34
1606744178, 2252, 0, 3, 0, 0, 0.43%, 0, 0, 1, 384.42
1606744183, 2254, 2, 3, 0, 0, 0.43%, 0, 0, 1, 384.63
1606744188, 2257, 1, 3, 0, 0, 0.43%, 0, 0, 1, 384.22
1606744194, 2259, 2, 3, 0, 0, 0.43%, 0, 0, 1, 384.92
1606744199, 2262, 1, 3, 0, 0, 0.43%, 0, 0, 1, 384.10
1606744204, 2265, 0, 3, 0, 0, 0.43%, 0, 0, 1, 385.19
1606744209, 2267, 1, 3, 0, 0, 0.43%, 0, 0, 1, 384.92
1606744214, 2270, 0, 3, 0, 0, 0.43%, 0, 0, 1, 384.18
1606744219, 2272, 2, 3, 0, 0, 0.43%, 0, 0, 1, 384.69
1606744224, 2275, 1, 3, 0, 0, 0.43%, 0, 0, 1, 384.15
1606744230, 2277, 2, 3, 0, 0, 0.43%, 0, 0, 1, 384.70
1606744235, 2280, 1, 3, 0, 0, 0.43%, 0, 0, 1, 384.13
1606744240, 2283, 0, 3, 0, 0, 0.43%, 0, 0, 1, 383.73
1606744245, 2285, 1, 3, 0, 0, 0.43%, 0, 0, 1, 384.45
1606744250, 2288, 0, 3, 0, 0, 0.43%, 0, 0, 1, 383.83
1606744255, 2290, 2, 3, 0, 0, 0.43%, 0, 0, 1, 383.96
1606744260, 2293, 0, 3, 0, 0, 0.43%, 0, 0, 1, 384.35
1606744266, 2295, 2, 3, 0, 0, 0.43%, 0, 0, 1, 382.58
1606744271, 2298, 1, 3, 0, 0, 0.43%, 0, 0, 1, 384.27
1606744276, 2301, 0, 3, 0, 0, 0.43%, 0, 0, 1, 384.20
1606744281, 2303, 1, 3, 0, 0, 0.43%, 0, 0, 1, 384.42
1606744286, 2306, 0, 3, 0, 0, 0.43%, 0, 0, 1, 384.16
1606744291, 2308, 2, 3, 0, 0, 0.43%, 0, 0, 1, 383.77
1606744296, 2311, 0, 3, 0, 0, 0.43%, 0, 0, 1, 384.11
1606744301, 2313, 2, 3, 0, 0, 0.43%, 0, 0, 1, 384.17
1606744307, 2316, 1, 3, 0, 0, 0.43%, 0, 0, 1, 384.36
1606744312, 2319, 0, 3, 0, 0, 0.43%, 0, 0, 1, 383.97
1606744317, 2321, 1, 3, 0, 0, 0.43%, 0, 0, 1, 385.11
1606744322, 2324, 0, 3, 0, 0, 0.43%, 0, 0, 1, 384.79
1606744327, 2326, 2, 3, 0, 0, 0.43%, 0, 0, 1, 380.30
1606744332, 2329, 0, 3, 0, 0, 0.43%, 0, 0, 1, 382.93
1606744337, 2331, 2, 3, 0, 0, 0.43%, 0, 0, 1, 384.47
1606744342, 2334, 1, 3, 0, 0, 0.43%, 0, 0, 1, 383.82
1606744348, 2336, 2, 3, 0, 0, 0.43%, 0, 0, 1, 384.04
1606744353, 2339, 1, 3, 0, 0, 0.43%, 0, 0, 1, 384.54
1606744358, 2342, 0, 3, 0, 0, 0.43%, 0, 0, 1, 384.20
1606744363, 2344, 2, 3, 0, 0, 0.43%, 0, 0, 1, 383.74
1606744368, 2347, 0, 3, 0, 0, 0.43%, 0, 0, 1, 384.52
1606744373, 2349, 2, 3, 0, 0, 0.43%, 0, 0, 1, 384.05
1606744379, 2352, 1, 3, 0, 0, 0.43%, 0, 0, 1, 384.03
1606744384, 2355, 0, 3, 0, 0, 0.43%, 0, 0, 1, 383.40
1606744389, 2357, 1, 3, 0, 0, 0.43%, 0, 0, 1, 382.79
1606744394, 2360, 0, 3, 0, 0, 0.43%, 0, 0, 1, 383.78
1606744399, 2362, 2, 3, 0, 0, 0.43%, 0, 0, 1, 383.92
1606744404, 2365, 0, 3, 0, 0, 0.43%, 0, 0, 1, 381.56
1606744410, 2367, 2, 3, 0, 0, 0.43%, 0, 0, 1, 383.06
1606744415, 2370, 1, 3, 0, 0, 0.43%, 0, 0, 1, 383.56
1606744420, 2372, 2, 3, 0, 0, 0.43%, 0, 0, 1, 380.45
1606744425, 2375, 1, 3, 0, 0, 0.43%, 0, 0, 1, 381.92
1606744430, 2378, 0, 3, 0, 0, 0.43%, 0, 0, 1, 383.15
1606744435, 2380, 2, 3, 0, 0, 0.43%, 0, 0, 1, 384.07
1606744440, 2383, 0, 3, 0, 0, 0.43%, 0, 0, 1, 381.31
1606744446, 2385, 2, 3, 0, 0, 0.43%, 0, 0, 1, 381.81
1606744451, 2388, 1, 3, 0, 0, 0.43%, 0, 0, 1, 381.93
1606744456, 2390, 2, 3, 0, 0, 0.43%, 0, 0, 1, 382.58
1606744461, 2393, 1, 3, 0, 0, 0.43%, 0, 0, 1, 383.53
1606744466, 2396, 0, 3, 0, 0, 0.43%, 0, 0, 1, 382.43
1606744471, 2398, 2, 3, 0, 0, 0.43%, 0, 0, 1, 383.38
1606744477, 2401, 0, 3, 0, 0, 0.43%, 0, 0, 1, 383.59
1606744482, 2403, 2, 3, 0, 0, 0.43%, 0, 0, 1, 382.38
1606744487, 2406, 1, 3, 0, 0, 0.43%, 0, 0, 1, 382.19
1606744492, 2408, 2, 3, 0, 0, 0.43%, 0, 0, 1, 383.17
1606744497, 2411, 1, 3, 0, 0, 0.43%, 0, 0, 1, 382.48
1606744502, 2414, 0, 3, 0, 0, 0.43%, 0, 0, 1, 382.17
1606744507, 2416, 1, 3, 0, 0, 0.43%, 0, 0, 1, 378.91
1606744513, 2419, 0, 3, 0, 0, 0.43%, 0, 0, 1, 380.75
1606744518, 2421, 2, 3, 0, 0, 0.43%, 0, 0, 1, 380.76
1606744523, 2424, 1, 3, 0, 0, 0.43%, 0, 0, 1, 381.52
1606744528, 2426, 2, 3, 0, 0, 0.43%, 0, 0, 1, 380.86
1606744533, 2429, 1, 3, 0, 0, 0.43%, 0, 0, 1, 380.43
1606744539, 2432, 0, 3, 0, 0, 0.43%, 0, 0, 1, 381.11
1606744544, 2434, 1, 3, 0, 0, 0.43%, 0, 0, 1, 381.05
1606744549, 2437, 0, 3, 0, 0, 0.43%, 0, 0, 1, 380.67
1606744554, 2439, 2, 3, 0, 0, 0.43%, 0, 0, 1, 381.08
1606744559, 2442, 0, 3, 0, 0, 0.43%, 0, 0, 1, 380.23
1606744564, 2444, 2, 3, 0, 0, 0.43%, 0, 0, 1, 380.90
1606744569, 2446, 2, 3, 0, 0, 0.43%, 0, 0, 1, 287.12
1606748112, 2447, 1, 3, 0, 0, 0.43%, 0, 0, 1, 0.01
1606748117, 2449, 2, 3, 0, 0, 0.43%, 0, 0, 1, 330.13
1606748122, 2452, 0, 3, 0, 0, 0.43%, 0, 0, 1, 369.88
1606748127, 2455, 0, 3, 0, 0, 0.43%, 0, 0, 1, 390.95
1606748133, 2457, 2, 3, 0, 0, 0.43%, 0, 0, 1, 398.34
1606748138, 2460, 1, 3, 0, 0, 0.43%, 0, 0, 1, 402.56
1606748143, 2463, 0, 3, 0, 0, 0.43%, 0, 0, 1, 401.44
1606748148, 2465, 2, 3, 0, 0, 0.43%, 0, 0, 1, 394.65
1606748153, 2468, 1, 3, 0, 0, 0.43%, 0, 0, 1, 398.79
1606748158, 2471, 0, 3, 0, 0, 0.43%, 0, 0, 1, 394.06
1606748164, 2473, 1, 3, 0, 0, 0.43%, 0, 0, 1, 385.61
1606748169, 2476, 1, 3, 0, 0, 0.43%, 0, 0, 1, 395.80
1606748174, 2478, 2, 3, 0, 0, 0.43%, 0, 0, 1, 387.70
1606748179, 2481, 1, 3, 0, 0, 0.43%, 0, 0, 1, 388.11
1606748184, 2484, 0, 3, 0, 0, 0.43%, 0, 0, 1, 393.85
1606748189, 2486, 2, 3, 0, 0, 0.43%, 0, 0, 1, 400.10
1606748194, 2489, 1, 3, 0, 0, 0.43%, 0, 0, 1, 401.38
1606748199, 2492, 0, 3, 0, 0, 0.43%, 0, 0, 1, 401.75
1606748205, 2494, 2, 3, 0, 0, 0.43%, 0, 0, 1, 401.76
1606748210, 2497, 1, 3, 0, 0, 0.43%, 0, 0, 1, 394.89
1606748215, 2500, 0, 3, 0, 0, 0.43%, 0, 0, 1, 399.69
1606748220, 2502, 2, 3, 0, 0, 0.43%, 0, 0, 1, 396.30
1606748225, 2505, 1, 3, 0, 0, 0.43%, 0, 0, 1, 400.74
1606748230, 2507, 2, 3, 0, 0, 0.43%, 0, 0, 1, 380.30
1606748235, 2510, 1, 3, 0, 0, 0.43%, 0, 0, 1, 381.62
1606748240, 2513, 0, 3, 0, 0, 0.43%, 0, 0, 1, 395.20
1606748246, 2515, 2, 3, 0, 0, 0.43%, 0, 0, 1, 394.63
1606748251, 2518, 1, 3, 0, 0, 0.43%, 0, 0, 1, 389.40
1606748256, 2520, 2, 3, 0, 0, 0.43%, 0, 0, 1, 366.53
1606748261, 2522, 2, 3, 0, 0, 0.43%, 0, 0, 1, 347.63
1606748266, 2525, 1, 3, 0, 0, 0.43%, 0, 0, 1, 375.93
1606748271, 2528, 0, 3, 0, 0, 0.43%, 0, 0, 1, 381.73
1606748276, 2530, 1, 3, 0, 0, 0.43%, 0, 0, 1, 372.13
1606748281, 2533, 0, 3, 0, 0, 0.43%, 0, 0, 1, 381.35
1606748286, 2535, 1, 3, 0, 0, 0.43%, 0, 0, 1, 385.43
1606748291, 2538, 0, 3, 0, 0, 0.43%, 0, 0, 1, 389.55
1606748296, 2540, 2, 3, 0, 0, 0.43%, 0, 0, 1, 391.51
1606748301, 2543, 0, 3, 0, 0, 0.43%, 0, 0, 1, 391.81
1606748306, 2545, 2, 3, 0, 0, 0.43%, 0, 0, 1, 384.16
1606748311, 2548, 1, 3, 0, 0, 0.43%, 0, 0, 1, 384.92
1606748316, 2550, 2, 3, 0, 0, 0.43%, 0, 0, 1, 382.06
1606748321, 2553, 0, 3, 0, 0, 0.43%, 0, 0, 1, 374.01
1606748326, 2555, 2, 3, 0, 0, 0.43%, 0, 0, 1, 384.05
1606748331, 2558, 0, 3, 0, 0, 0.43%, 0, 0, 1, 370.13
1606748337, 2560, 2, 3, 0, 0, 0.43%, 0, 0, 1, 375.65
1606748342, 2563, 0, 3, 0, 0, 0.43%, 0, 0, 1, 368.56
1606748347, 2565, 1, 3, 0, 0, 0.43%, 0, 0, 1, 379.91
1606748352, 2568, 0, 3, 0, 0, 0.43%, 0, 0, 1, 381.31
1606748357, 2570, 1, 3, 0, 0, 0.43%, 0, 0, 1, 372.96
1606748362, 2572, 2, 3, 0, 0, 0.43%, 0, 0, 1, 362.15
1606748367, 2575, 0, 3, 0, 0, 0.43%, 0, 0, 1, 358.03
1606748372, 2577, 2, 3, 0, 0, 0.43%, 0, 0, 1, 365.66
1606748377, 2580, 0, 3, 0, 0, 0.43%, 0, 0, 1, 375.24
1606748382, 2582, 1, 3, 0, 0, 0.43%, 0, 0, 1, 373.81
1606748387, 2585, 0, 3, 0, 0, 0.43%, 0, 0, 1, 373.93
1606748392, 2587, 1, 3, 0, 0, 0.43%, 0, 0, 1, 365.82
1606748397, 2589, 2, 3, 0, 0, 0.43%, 0, 0, 1, 374.08
1606748402, 2592, 1, 3, 0, 0, 0.43%, 0, 0, 1, 383.52
1606748407, 2595, 0, 3, 0, 0, 0.43%, 0, 0, 1, 385.01
1606748413, 2597, 1, 3, 0, 0, 0.43%, 0, 0, 1, 365.14
1606748418, 2599, 2, 3, 0, 0, 0.43%, 0, 0, 1, 367.71
1606748423, 2602, 1, 3, 0, 0, 0.43%, 0, 0, 1, 378.78
1606748428, 2604, 2, 3, 0, 0, 0.43%, 0, 0, 1, 387.19
1606748433, 2607, 1, 3, 0, 0, 0.43%, 0, 0, 1, 379.52
1606748438, 2609, 2, 3, 0, 0, 0.43%, 0, 0, 1, 377.66
1606748443, 2612, 1, 3, 0, 0, 0.43%, 0, 0, 1, 383.09
1606748448, 2614, 2, 3, 0, 0, 0.43%, 0, 0, 1, 388.23
1606748453, 2617, 1, 3, 0, 0, 0.43%, 0, 0, 1, 388.99
1606748458, 2620, 0, 3, 0, 0, 0.43%, 0, 0, 1, 390.53
1606748463, 2622, 1, 3, 0, 0, 0.43%, 0, 0, 1, 389.08
1606748468, 2625, 0, 3, 0, 0, 0.43%, 0, 0, 1, 378.36
1606748473, 2627, 1, 3, 0, 0, 0.43%, 0, 0, 1, 366.05
1606748478, 2629, 2, 3, 0, 0, 0.43%, 0, 0, 1, 374.94
1606748483, 2632, 1, 3, 0, 0, 0.43%, 0, 0, 1, 383.89
1606748488, 2634, 2, 3, 0, 0, 0.43%, 0, 0, 1, 378.63
1606748493, 2637, 1, 3, 0, 0, 0.43%, 0, 0, 1, 377.71
1606748498, 2639, 2, 3, 0, 0, 0.43%, 0, 0, 1, 383.14
1606748503, 2642, 1, 3, 0, 0, 0.43%, 0, 0, 1, 383.69
1606748508, 2644, 2, 3, 0, 0, 0.43%, 0, 0, 1, 376.72
1606748513, 2647, 1, 3, 0, 0, 0.43%, 0, 0, 1, 380.76
1606748518, 2649, 2, 3, 0, 0, 0.43%, 0, 0, 1, 385.10
1606748523, 2652, 1, 3, 0, 0, 0.43%, 0, 0, 1, 385.63
1606748528, 2654, 2, 3, 0, 0, 0.43%, 0, 0, 1, 384.19
1606748534, 2657, 1, 3, 0, 0, 0.43%, 0, 0, 1, 384.05
1606748539, 2660, 0, 3, 0, 0, 0.43%, 0, 0, 1, 384.08
1606748544, 2662, 1, 3, 0, 0, 0.43%, 0, 0, 1, 373.91
1606748549, 2665, 0, 3, 0, 0, 0.43%, 0, 0, 1, 375.91
1606748554, 2667, 1, 3, 0, 0, 0.43%, 0, 0, 1, 375.32
1606748559, 2669, 2, 3, 0, 0, 0.43%, 0, 0, 1, 375.13
1606748564, 2672, 1, 3, 0, 0, 0.43%, 0, 0, 1, 373.64
1606748569, 2674, 2, 3, 0, 0, 0.43%, 0, 0, 1, 374.41
1606748574, 2677, 1, 3, 0, 0, 0.43%, 0, 0, 1, 379.00
1606748580, 2680, 0, 3, 0, 0, 0.43%, 0, 0, 1, 383.55
1606748585, 2682, 1, 3, 0, 0, 0.43%, 0, 0, 1, 381.72
1606748590, 2685, 0, 3, 0, 0, 0.43%, 0, 0, 1, 373.84
1606748595, 2687, 1, 3, 0, 0, 0.43%, 0, 0, 1, 376.63
1606748600, 2690, 0, 3, 0, 0, 0.43%, 0, 0, 1, 381.73
1606748605, 2692, 2, 3, 0, 0, 0.43%, 0, 0, 1, 386.15
1606748610, 2695, 0, 3, 0, 0, 0.43%, 0, 0, 1, 383.69
1606748615, 2697, 0, 3, 0, 0, 0.43%, 0, 0, 1, 302.81
1606748620, 2699, 0, 3, 0, 0, 0.43%, 0, 0, 1, 287.83
1606748625, 2700, 2, 3, 0, 0, 0.43%, 0, 0, 1, 285.91
1606748630, 2702, 2, 3, 0, 0, 0.43%, 0, 0, 1, 288.08
1606748635, 2704, 2, 3, 0, 0, 0.43%, 0, 0, 1, 300.77
1606748640, 2707, 0, 3, 0, 0, 0.43%, 0, 0, 1, 368.42
1606748646, 2709, 2, 3, 0, 0, 0.43%, 0, 0, 1, 377.45
1606748651, 2712, 1, 3, 0, 0, 0.43%, 0, 0, 1, 383.59
1606748656, 2714, 2, 3, 0, 0, 0.43%, 0, 0, 1, 384.75
1606748661, 2717, 1, 3, 0, 0, 0.43%, 0, 0, 1, 384.30
1606748666, 2719, 2, 3, 0, 0, 0.43%, 0, 0, 1, 379.25
1606748671, 2722, 1, 3, 0, 0, 0.43%, 0, 0, 1, 380.37
1606748676, 2725, 0, 3, 0, 0, 0.43%, 0, 0, 1, 382.97
1606748681, 2727, 1, 3, 0, 0, 0.43%, 0, 0, 1, 384.96
1606748686, 2730, 0, 3, 0, 0, 0.43%, 0, 0, 1, 378.84
1606748691, 2732, 1, 3, 0, 0, 0.43%, 0, 0, 1, 376.75
1606748696, 2735, 0, 3, 0, 0, 0.43%, 0, 0, 1, 382.31
1606748701, 2737, 1, 3, 0, 0, 0.43%, 0, 0, 1, 375.87
1606748706, 2740, 0, 3, 0, 0, 0.43%, 0, 0, 1, 376.76
1606748711, 2742, 1, 3, 0, 0, 0.43%, 0, 0, 1, 364.75
1606748716, 2744, 2, 3, 0, 0, 0.43%, 0, 0, 1, 360.70
1606748722, 2747, 0, 3, 0, 0, 0.43%, 0, 0, 1, 375.47
1606748727, 2749, 2, 3, 0, 0, 0.43%, 0, 0, 1, 372.01
1606748732, 2752, 0, 3, 0, 0, 0.43%, 0, 0, 1, 365.32
1606748737, 2754, 1, 3, 0, 0, 0.43%, 0, 0, 1, 370.78
1606748742, 2757, 0, 3, 0, 0, 0.43%, 0, 0, 1, 380.81
1606748747, 2759, 2, 3, 0, 0, 0.43%, 0, 0, 1, 374.46
1606748752, 2762, 0, 3, 0, 0, 0.43%, 0, 0, 1, 371.83
1606748757, 2764, 1, 3, 0, 0, 0.43%, 0, 0, 1, 374.49
1606748762, 2767, 0, 3, 0, 0, 0.43%, 0, 0, 1, 369.77
1606748768, 2769, 1, 3, 0, 0, 0.43%, 0, 0, 1, 359.10
1606748773, 2771, 2, 3, 0, 0, 0.43%, 0, 0, 1, 349.77
1606748778, 2774, 0, 3, 0, 0, 0.43%, 0, 0, 1, 368.69
1606748783, 2776, 1, 3, 0, 0, 0.43%, 0, 0, 1, 359.48
1606748788, 2779, 0, 3, 0, 0, 0.43%, 0, 0, 1, 370.91
1606748793, 2781, 1, 3, 0, 0, 0.43%, 0, 0, 1, 364.43
1606748798, 2783, 2, 3, 0, 0, 0.43%, 0, 0, 1, 364.16
1606748803, 2786, 0, 3, 0, 0, 0.43%, 0, 0, 1, 350.06
1606748808, 2788, 1, 3, 0, 0, 0.43%, 0, 0, 1, 370.91
1606748813, 2791, 0, 3, 0, 0, 0.43%, 0, 0, 1, 354.63
1606748818, 2793, 1, 3, 0, 0, 0.43%, 0, 0, 1, 368.08
1606748823, 2795, 2, 3, 0, 0, 0.43%, 0, 0, 1, 363.21
1606748828, 2798, 0, 3, 0, 0, 0.43%, 0, 0, 1, 365.16
1606748833, 2800, 1, 3, 0, 0, 0.43%, 0, 0, 1, 363.03
1606748838, 2802, 2, 3, 0, 0, 0.43%, 0, 0, 1, 362.57
1606748843, 2805, 0, 3, 0, 0, 0.43%, 0, 0, 1, 352.45
1606748848, 2807, 1, 3, 0, 0, 0.43%, 0, 0, 1, 356.54
1606748853, 2809, 2, 3, 0, 0, 0.43%, 0, 0, 1, 358.27
1606748858, 2812, 0, 3, 0, 0, 0.43%, 0, 0, 1, 358.74
1606748863, 2814, 1, 3, 0, 0, 0.43%, 0, 0, 1, 362.72
1606748868, 2816, 2, 3, 0, 0, 0.43%, 0, 0, 1, 361.81
1606748874, 2819, 1, 3, 0, 0, 0.43%, 0, 0, 1, 364.40
1606748879, 2821, 2, 3, 0, 0, 0.43%, 0, 0, 1, 361.15
1606748884, 2824, 0, 3, 0, 0, 0.43%, 0, 0, 1, 363.53
1606748889, 2826, 1, 3, 0, 0, 0.43%, 0, 0, 1, 347.70
1606748894, 2828, 2, 3, 0, 0, 0.43%, 0, 0, 1, 356.57
1606748899, 2831, 0, 3, 0, 0, 0.43%, 0, 0, 1, 356.79
1606748904, 2833, 1, 3, 0, 0, 0.43%, 0, 0, 1, 352.73
1606748909, 2835, 2, 3, 0, 0, 0.43%, 0, 0, 1, 363.49
1606748914, 2838, 0, 3, 0, 0, 0.43%, 0, 0, 1, 345.05
1606748919, 2840, 1, 3, 0, 0, 0.43%, 0, 0, 1, 357.92
1606748924, 2842, 2, 3, 0, 0, 0.43%, 0, 0, 1, 359.58
1606748929, 2844, 1, 3, 0, 0, 0.43%, 0, 0, 1, 284.22
1606748934, 2846, 2, 3, 0, 0, 0.43%, 0, 0, 1, 336.22
1606748939, 2849, 0, 3, 0, 0, 0.43%, 0, 0, 1, 348.84
1606748945, 2851, 2, 3, 0, 0, 0.43%, 0, 0, 1, 367.36
1606748950, 2854, 0, 3, 0, 0, 0.43%, 0, 0, 1, 375.09
1606748955, 2856, 2, 3, 0, 0, 0.43%, 0, 0, 1, 357.67
1606748960, 2858, 2, 3, 0, 0, 0.43%, 0, 0, 1, 328.64
1606748965, 2861, 0, 3, 0, 0, 0.43%, 0, 0, 1, 354.51
1606748970, 2863, 1, 3, 0, 0, 0.43%, 0, 0, 1, 365.54
1606748975, 2865, 2, 3, 0, 0, 0.43%, 0, 0, 1, 362.77
1606748980, 2868, 1, 3, 0, 0, 0.43%, 0, 0, 1, 364.59
1606748985, 2870, 1, 3, 0, 0, 0.43%, 0, 0, 1, 352.32
1606748990, 2872, 2, 3, 0, 0, 0.43%, 0, 0, 1, 342.78
1606748995, 2875, 0, 3, 0, 0, 0.43%, 0, 0, 1, 349.55
1606749000, 2877, 1, 3, 0, 0, 0.43%, 0, 0, 1, 339.69
1606749006, 2879, 2, 3, 0, 0, 0.43%, 0, 0, 1, 336.11
1606749011, 2882, 0, 3, 0, 0, 0.43%, 0, 0, 1, 341.69
1606749016, 2884, 1, 3, 0, 0, 0.43%, 0, 0, 1, 345.72
1606749021, 2886, 1, 3, 0, 0, 0.43%, 0, 0, 1, 346.21
1606749026, 2888, 2, 3, 0, 0, 0.43%, 0, 0, 1, 349.88
1606749031, 2891, 0, 3, 0, 0, 0.43%, 0, 0, 1, 333.13
1606749036, 2893, 1, 3, 0, 0, 0.43%, 0, 0, 1, 349.16
1606749041, 2895, 2, 3, 0, 0, 0.43%, 0, 0, 1, 349.50
1606749046, 2898, 0, 3, 0, 0, 0.43%, 0, 0, 1, 349.66
1606749051, 2900, 1, 3, 0, 0, 0.43%, 0, 0, 1, 354.40
1606749056, 2902, 2, 3, 0, 0, 0.43%, 0, 0, 1, 356.01
1606749062, 2905, 0, 3, 0, 0, 0.43%, 0, 0, 1, 355.23
1606749067, 2907, 1, 3, 0, 0, 0.43%, 0, 0, 1, 358.54
1606749072, 2909, 2, 3, 0, 0, 0.43%, 0, 0, 1, 358.83
1606749077, 2912, 0, 3, 0, 0, 0.43%, 0, 0, 1, 353.29
1606749082, 2914, 1, 3, 0, 0, 0.43%, 0, 0, 1, 357.37
1606749087, 2916, 2, 3, 0, 0, 0.43%, 0, 0, 1, 345.39
1606749092, 2919, 0, 3, 0, 0, 0.43%, 0, 0, 1, 355.43
1606749097, 2921, 1, 3, 0, 0, 0.43%, 0, 0, 1, 359.29
1606749102, 2923, 2, 3, 0, 0, 0.43%, 0, 0, 1, 362.79
1606749107, 2926, 0, 3, 0, 0, 0.43%, 0, 0, 1, 358.23
1606749112, 2928, 1, 3, 0, 0, 0.43%, 0, 0, 1, 354.00
1606749117, 2931, 0, 3, 0, 0, 0.43%, 0, 0, 1, 360.54
1606749122, 2933, 1, 3, 0, 0, 0.43%, 0, 0, 1, 361.80
1606749127, 2935, 2, 3, 0, 0, 0.43%, 0, 0, 1, 351.52
1606749132, 2938, 0, 3, 0, 0, 0.43%, 0, 0, 1, 356.37
1606749137, 2940, 1, 3, 0, 0, 0.43%, 0, 0, 1, 351.64
1606749143, 2942, 1, 3, 0, 0, 0.43%, 0, 0, 1, 347.24
1606749148, 2944, 2, 3, 0, 0, 0.43%, 0, 0, 1, 355.28
1606749153, 2947, 1, 3, 0, 0, 0.43%, 0, 0, 1, 354.44
1606749158, 2949, 2, 3, 0, 0, 0.43%, 0, 0, 1, 360.64
1606749163, 2952, 0, 3, 0, 0, 0.43%, 0, 0, 1, 361.38
1606749168, 2954, 1, 3, 0, 0, 0.43%, 0, 0, 1, 354.58
1606749173, 2956, 2, 3, 0, 0, 0.43%, 0, 0, 1, 358.86
1606749178, 2959, 0, 3, 0, 0, 0.43%, 0, 0, 1, 357.52
1606749183, 2961, 2, 3, 0, 0, 0.43%, 0, 0, 1, 360.80
1606749188, 2964, 0, 3, 0, 0, 0.43%, 0, 0, 1, 360.27
1606749194, 2966, 1, 3, 0, 0, 0.43%, 0, 0, 1, 362.94
1606749199, 2968, 2, 3, 0, 0, 0.43%, 0, 0, 1, 361.55
1606749204, 2971, 0, 3, 0, 0, 0.43%, 0, 0, 1, 362.35
1606749209, 2973, 1, 3, 0, 0, 0.43%, 0, 0, 1, 356.63
1606749214, 2975, 2, 3, 0, 0, 0.43%, 0, 0, 1, 356.74
1606749219, 2978, 0, 3, 0, 0, 0.43%, 0, 0, 1, 359.13
1606749224, 2980, 2, 3, 0, 0, 0.43%, 0, 0, 1, 360.79
1606749229, 2983, 0, 3, 0, 0, 0.43%, 0, 0, 1, 356.57
1606749234, 2985, 1, 3, 0, 0, 0.43%, 0, 0, 1, 352.38
1606749239, 2987, 2, 3, 0, 0, 0.43%, 0, 0, 1, 351.19
1606749244, 2989, 2, 3, 0, 0, 0.43%, 0, 0, 1, 350.27
1606749249, 2992, 0, 3, 0, 0, 0.43%, 0, 0, 1, 347.22
1606749254, 2994, 2, 3, 0, 0, 0.43%, 0, 0, 1, 353.29
1606749259, 2996, 2, 3, 0, 0, 0.43%, 0, 0, 1, 353.78
1606749265, 2999, 1, 3, 0, 0, 0.43%, 0, 0, 1, 359.91
1606749270, 3001, 2, 3, 0, 0, 0.43%, 0, 0, 1, 357.85
1606749275, 3004, 0, 3, 0, 0, 0.43%, 0, 0, 1, 358.77
1606749280, 3006, 1, 3, 0, 0, 0.43%, 0, 0, 1, 361.08
1606749285, 3008, 2, 3, 0, 0, 0.43%, 0, 0, 1, 361.04
1606749290, 3011, 0, 3, 0, 0, 0.43%, 0, 0, 1, 357.80
1606749295, 3013, 1, 3, 0, 0, 0.43%, 0, 0, 1, 356.26
1606749300, 3015, 2, 3, 0, 0, 0.43%, 0, 0, 1, 355.36
1606749305, 3018, 0, 3, 0, 0, 0.43%, 0, 0, 1, 349.25
1606749310, 3020, 1, 3, 0, 0, 0.43%, 0, 0, 1, 354.50
1606749315, 3022, 2, 3, 0, 0, 0.43%, 0, 0, 1, 358.96
1606749320, 3025, 0, 3, 0, 0, 0.43%, 0, 0, 1, 355.72
1606749325, 3027, 1, 3, 0, 0, 0.43%, 0, 0, 1, 352.97
1606749330, 3029, 2, 3, 0, 0, 0.43%, 0, 0, 1, 360.51
1606749335, 3032, 0, 3, 0, 0, 0.43%, 0, 0, 1, 363.07
