# unix_time, cycles_done, cur_path, paths_total, pending_total, pending_favs, map_size, unique_crashes, unique_hangs, max_depth, execs_per_sec
1606739510, 0, 0, 3, 3, 1, 0.43%, 0, 0, 1, 521.74
1606739515, 3, 0, 3, 0, 0, 0.43%, 0, 0, 1, 410.92
1606739520, 5, 1, 3, 0, 0, 0.43%, 0, 0, 1, 388.36
1606739525, 8, 0, 3, 0, 0, 0.43%, 0, 0, 1, 386.68
1606739531, 10, 1, 3, 0, 0, 0.43%, 0, 0, 1, 388.55
1606739536, 13, 0, 3, 0, 0, 0.43%, 0, 0, 1, 387.35
1606739541, 15, 2, 3, 0, 0, 0.43%, 0, 0, 1, 387.59
1606739546, 18, 0, 3, 0, 0, 0.43%, 0, 0, 1, 387.86
1606739551, 20, 2, 3, 0, 0, 0.43%, 0, 0, 1, 386.94
1606739556, 23, 0, 3, 0, 0, 0.43%, 0, 0, 1, 381.69
1606739561, 25, 2, 3, 0, 0, 0.43%, 0, 0, 1, 380.18
1606739566, 28, 0, 3, 0, 0, 0.43%, 0, 0, 1, 378.65
1606739571, 30, 1, 3, 0, 0, 0.43%, 0, 0, 1, 358.38
1606739576, 32, 2, 3, 0, 0, 0.43%, 0, 0, 1, 356.51
1606739581, 35, 1, 3, 0, 0, 0.43%, 0, 0, 1, 364.40
1606739586, 37, 2, 3, 0, 0, 0.43%, 0, 0, 1, 363.58
1606739591, 40, 0, 3, 0, 0, 0.43%, 0, 0, 1, 374.65
1606739596, 42, 1, 3, 0, 0, 0.43%, 0, 0, 1, 368.56
1606739601, 45, 0, 3, 0, 0, 0.43%, 0, 0, 1, 374.28
1606739606, 47, 1, 3, 0, 0, 0.43%, 0, 0, 1, 379.54
1606739611, 50, 0, 3, 0, 0, 0.43%, 0, 0, 1, 380.51
1606739616, 52, 2, 3, 0, 0, 0.43%, 0, 0, 1, 380.01
1606739622, 55, 0, 3, 0, 0, 0.43%, 0, 0, 1, 384.05
1606739627, 57, 2, 3, 0, 0, 0.43%, 0, 0, 1, 368.82
1606739632, 60, 0, 3, 0, 0, 0.43%, 0, 0, 1, 370.18
1606739637, 62, 0, 3, 0, 0, 0.43%, 0, 0, 1, 310.28
1606739642, 64, 1, 3, 0, 0, 0.43%, 0, 0, 1, 351.59
1606739647, 66, 2, 3, 0, 0, 0.43%, 0, 0, 1, 367.05
1606739652, 69, 1, 3, 0, 0, 0.43%, 0, 0, 1, 374.10
1606739657, 72, 0, 3, 0, 0, 0.43%, 0, 0, 1, 381.74
1606739662, 74, 1, 3, 0, 0, 0.43%, 0, 0, 1, 373.50
1606739667, 76, 2, 3, 0, 0, 0.43%, 0, 0, 1, 373.51
1606739672, 79, 1, 3, 0, 0, 0.43%, 0, 0, 1, 368.90
1606739677, 81, 2, 3, 0, 0, 0.43%, 0, 0, 1, 378.35
1606739682, 83, 2, 3, 0, 0, 0.43%, 0, 0, 1, 316.06
1606739687, 85, 2, 3, 0, 0, 0.43%, 0, 0, 1, 319.58
1606739692, 88, 1, 3, 0, 0, 0.43%, 0, 0, 1, 355.12
1606739698, 90, 2, 3, 0, 0, 0.43%, 0, 0, 1, 359.63
1606739703, 93, 0, 3, 0, 0, 0.43%, 0, 0, 1, 363.90
1606739708, 95, 1, 3, 0, 0, 0.43%, 0, 0, 1, 360.70
1606739713, 97, 2, 3, 0, 0, 0.43%, 0, 0, 1, 377.26
1606739718, 100, 1, 3, 0, 0, 0.43%, 0, 0, 1, 381.05
1606739723, 102, 2, 3, 0, 0, 0.43%, 0, 0, 1, 367.84
1606739728, 105, 1, 3, 0, 0, 0.43%, 0, 0, 1, 369.17
1606739733, 107, 2, 3, 0, 0, 0.43%, 0, 0, 1, 377.24
1606739738, 110, 0, 3, 0, 0, 0.43%, 0, 0, 1, 368.32
1606739743, 112, 2, 3, 0, 0, 0.43%, 0, 0, 1, 375.29
1606739748, 115, 0, 3, 0, 0, 0.43%, 0, 0, 1, 368.06
1606739753, 117, 1, 3, 0, 0, 0.43%, 0, 0, 1, 362.87
1606739758, 119, 2, 3, 0, 0, 0.43%, 0, 0, 1, 338.68
1606739763, 122, 0, 3, 0, 0, 0.43%, 0, 0, 1, 349.03
1606739768, 124, 1, 3, 0, 0, 0.43%, 0, 0, 1, 361.88
1606739773, 127, 0, 3, 0, 0, 0.43%, 0, 0, 1, 375.26
1606739779, 129, 1, 3, 0, 0, 0.43%, 0, 0, 1, 374.19
1606739784, 132, 0, 3, 0, 0, 0.43%, 0, 0, 1, 377.44
1606739789, 134, 1, 3, 0, 0, 0.43%, 0, 0, 1, 374.34
1606739794, 137, 0, 3, 0, 0, 0.43%, 0, 0, 1, 374.87
1606739799, 139, 1, 3, 0, 0, 0.43%, 0, 0, 1, 380.13
1606739804, 142, 0, 3, 0, 0, 0.43%, 0, 0, 1, 382.44
1606739809, 144, 2, 3, 0, 0, 0.43%, 0, 0, 1, 381.87
1606739815, 147, 0, 3, 0, 0, 0.43%, 0, 0, 1, 379.18
1606739820, 149, 2, 3, 0, 0, 0.43%, 0, 0, 1, 382.19
1606739825, 152, 1, 3, 0, 0, 0.43%, 0, 0, 1, 382.54
1606739830, 154, 2, 3, 0, 0, 0.43%, 0, 0, 1, 382.07
1606739835, 157, 1, 3, 0, 0, 0.43%, 0, 0, 1, 382.93
1606739840, 160, 0, 3, 0, 0, 0.43%, 0, 0, 1, 383.44
1606739845, 162, 2, 3, 0, 0, 0.43%, 0, 0, 1, 382.94
1606739850, 165, 0, 3, 0, 0, 0.43%, 0, 0, 1, 380.53
1606739856, 167, 2, 3, 0, 0, 0.43%, 0, 0, 1, 382.00
1606739861, 170, 0, 3, 0, 0, 0.43%, 0, 0, 1, 380.61
1606739866, 172, 2, 3, 0, 0, 0.43%, 0, 0, 1, 376.47
1606739871, 175, 0, 3, 0, 0, 0.43%, 0, 0, 1, 367.25
1606739876, 177, 2, 3, 0, 0, 0.43%, 0, 0, 1, 378.74
1606739881, 180, 0, 3, 0, 0, 0.43%, 0, 0, 1, 382.31
1606739886, 182, 2, 3, 0, 0, 0.43%, 0, 0, 1, 384.06
1606739891, 185, 1, 3, 0, 0, 0.43%, 0, 0, 1, 380.27
1606739897, 187, 2, 3, 0, 0, 0.43%, 0, 0, 1, 376.18
1606739902, 190, 1, 3, 0, 0, 0.43%, 0, 0, 1, 369.25
1606739907, 192, 2, 3, 0, 0, 0.43%, 0, 0, 1, 371.92
1606739912, 195, 1, 3, 0, 0, 0.43%, 0, 0, 1, 376.58
1606739917, 197, 2, 3, 0, 0, 0.43%, 0, 0, 1, 364.75
1606739922, 200, 0, 3, 0, 0, 0.43%, 0, 0, 1, 360.40
1606739927, 202, 1, 3, 0, 0, 0.43%, 0, 0, 1, 360.42
1606739932, 205, 0, 3, 0, 0, 0.43%, 0, 0, 1, 356.22
1606739937, 207, 1, 3, 0, 0, 0.43%, 0, 0, 1, 356.27
1606739942, 209, 2, 3, 0, 0, 0.43%, 0, 0, 1, 349.58
1606739948, 212, 0, 3, 0, 0, 0.43%, 0, 0, 1, 345.65
1606739953, 214, 1, 3, 0, 0, 0.43%, 0, 0, 1, 367.05
1606739958, 217, 0, 3, 0, 0, 0.43%, 0, 0, 1, 372.29
1606739963, 219, 1, 3, 0, 0, 0.43%, 0, 0, 1, 374.48
1606739968, 222, 0, 3, 0, 0, 0.43%, 0, 0, 1, 371.31
1606739973, 224, 1, 3, 0, 0, 0.43%, 0, 0, 1, 370.26
1606739979, 227, 0, 3, 0, 0, 0.43%, 0, 0, 1, 372.03
1606739984, 229, 1, 3, 0, 0, 0.43%, 0, 0, 1, 361.37
1606739989, 231, 2, 3, 0, 0, 0.43%, 0, 0, 1, 364.56
1606739994, 234, 1, 3, 0, 0, 0.43%, 0, 0, 1, 368.24
1606739999, 236, 2, 3, 0, 0, 0.43%, 0, 0, 1, 371.77
1606740004, 239, 0, 3, 0, 0, 0.43%, 0, 0, 1, 356.62
1606740009, 241, 1, 3, 0, 0, 0.43%, 0, 0, 1, 346.00
1606740014, 243, 2, 3, 0, 0, 0.43%, 0, 0, 1, 346.72
1606740020, 246, 1, 3, 0, 0, 0.43%, 0, 0, 1, 369.32
1606740025, 248, 2, 3, 0, 0, 0.43%, 0, 0, 1, 373.41
1606740030, 251, 0, 3, 0, 0, 0.43%, 0, 0, 1, 375.68
1606740035, 253, 2, 3, 0, 0, 0.43%, 0, 0, 1, 362.82
1606740040, 256, 0, 3, 0, 0, 0.43%, 0, 0, 1, 373.25
1606740045, 258, 1, 3, 0, 0, 0.43%, 0, 0, 1, 358.53
1606740050, 260, 2, 3, 0, 0, 0.43%, 0, 0, 1, 361.12
1606740056, 263, 1, 3, 0, 0, 0.43%, 0, 0, 1, 373.69
1606740061, 266, 0, 3, 0, 0, 0.43%, 0, 0, 1, 374.62
1606740066, 268, 1, 3, 0, 0, 0.43%, 0, 0, 1, 373.72
1606740071, 271, 0, 3, 0, 0, 0.43%, 0, 0, 1, 376.14
1606740076, 273, 1, 3, 0, 0, 0.43%, 0, 0, 1, 376.27
1606740081, 276, 0, 3, 0, 0, 0.43%, 0, 0, 1, 371.84
1606740086, 278, 1, 3, 0, 0, 0.43%, 0, 0, 1, 374.59
1606740091, 280, 2, 3, 0, 0, 0.43%, 0, 0, 1, 373.21
1606740097, 283, 1, 3, 0, 0, 0.43%, 0, 0, 1, 373.75
1606740102, 285, 2, 3, 0, 0, 0.43%, 0, 0, 1, 376.74
1606740107, 288, 1, 3, 0, 0, 0.43%, 0, 0, 1, 373.73
1606740112, 290, 2, 3, 0, 0, 0.43%, 0, 0, 1, 375.41
1606740117, 293, 1, 3, 0, 0, 0.43%, 0, 0, 1, 375.84
1606740122, 295, 2, 3, 0, 0, 0.43%, 0, 0, 1, 377.16
1606740127, 298, 1, 3, 0, 0, 0.43%, 0, 0, 1, 370.37
1606740132, 300, 2, 3, 0, 0, 0.43%, 0, 0, 1, 370.63
1606740138, 303, 0, 3, 0, 0, 0.43%, 0, 0, 1, 354.35
1606740143, 305, 2, 3, 0, 0, 0.43%, 0, 0, 1, 364.18
1606740148, 308, 0, 3, 0, 0, 0.43%, 0, 0, 1, 370.11
1606740153, 310, 2, 3, 0, 0, 0.43%, 0, 0, 1, 364.79
1606740158, 312, 2, 3, 0, 0, 0.43%, 0, 0, 1, 343.94
1606740163, 315, 1, 3, 0, 0, 0.43%, 0, 0, 1, 367.26
1606740168, 317, 2, 3, 0, 0, 0.43%, 0, 0, 1, 360.79
1606740173, 320, 0, 3, 0, 0, 0.43%, 0, 0, 1, 359.80
1606740178, 322, 0, 3, 0, 0, 0.43%, 0, 0, 1, 327.47
1606740184, 324, 0, 3, 0, 0, 0.43%, 0, 0, 1, 306.86
1606740189, 326, 2, 3, 0, 0, 0.43%, 0, 0, 1, 361.65
1606740194, 329, 0, 3, 0, 0, 0.43%, 0, 0, 1, 368.94
1606740199, 331, 2, 3, 0, 0, 0.43%, 0, 0, 1, 371.26
1606740204, 334, 0, 3, 0, 0, 0.43%, 0, 0, 1, 374.85
1606740209, 336, 2, 3, 0, 0, 0.43%, 0, 0, 1, 369.43
1606740214, 339, 0, 3, 0, 0, 0.43%, 0, 0, 1, 367.47
1606740220, 341, 2, 3, 0, 0, 0.43%, 0, 0, 1, 363.13
1606740225, 344, 0, 3, 0, 0, 0.43%, 0, 0, 1, 374.91
1606740230, 346, 2, 3, 0, 0, 0.43%, 0, 0, 1, 379.13
1606740235, 349, 0, 3, 0, 0, 0.43%, 0, 0, 1, 377.63
1606740240, 351, 2, 3, 0, 0, 0.43%, 0, 0, 1, 376.04
1606740245, 354, 1, 3, 0, 0, 0.43%, 0, 0, 1, 376.61
1606740251, 356, 2, 3, 0, 0, 0.43%, 0, 0, 1, 369.42
1606740256, 359, 0, 3, 0, 0, 0.43%, 0, 0, 1, 359.72
1606740261, 361, 2, 3, 0, 0, 0.43%, 0, 0, 1, 371.60
1606740266, 364, 0, 3, 0, 0, 0.43%, 0, 0, 1, 361.35
1606740271, 366, 1, 3, 0, 0, 0.43%, 0, 0, 1, 352.59
1606740276, 368, 2, 3, 0, 0, 0.43%, 0, 0, 1, 346.17
1606740281, 371, 0, 3, 0, 0, 0.43%, 0, 0, 1, 348.50
1606740286, 373, 1, 3, 0, 0, 0.43%, 0, 0, 1, 369.60
1606740292, 376, 0, 3, 0, 0, 0.43%, 0, 0, 1, 368.16
1606740297, 378, 1, 3, 0, 0, 0.43%, 0, 0, 1, 362.69
1606740302, 380, 2, 3, 0, 0, 0.43%, 0, 0, 1, 358.40
1606740307, 383, 0, 3, 0, 0, 0.43%, 0, 0, 1, 345.54
1606740312, 385, 1, 3, 0, 0, 0.43%, 0, 0, 1, 338.42
1606740317, 387, 2, 3, 0, 0, 0.43%, 0, 0, 1, 335.87
1606740322, 390, 0, 3, 0, 0, 0.43%, 0, 0, 1, 359.05
1606740328, 392, 1, 3, 0, 0, 0.43%, 0, 0, 1, 367.20
1606740333, 395, 0, 3, 0, 0, 0.43%, 0, 0, 1, 360.86
1606740338, 397, 1, 3, 0, 0, 0.43%, 0, 0, 1, 360.55
1606740343, 399, 2, 3, 0, 0, 0.43%, 0, 0, 1, 365.95
1606740348, 402, 0, 3, 0, 0, 0.43%, 0, 0, 1, 368.37
1606740353, 404, 1, 3, 0, 0, 0.43%, 0, 0, 1, 363.84
1606740358, 407, 0, 3, 0, 0, 0.43%, 0, 0, 1, 366.90
1606740363, 409, 1, 3, 0, 0, 0.43%, 0, 0, 1, 373.95
1606740368, 412, 0, 3, 0, 0, 0.43%, 0, 0, 1, 368.50
1606740374, 414, 1, 3, 0, 0, 0.43%, 0, 0, 1, 364.74
1606740379, 416, 2, 3, 0, 0, 0.43%, 0, 0, 1, 362.18
1606740384, 419, 1, 3, 0, 0, 0.43%, 0, 0, 1, 367.39
1606740389, 421, 2, 3, 0, 0, 0.43%, 0, 0, 1, 361.95
1606740394, 424, 0, 3, 0, 0, 0.43%, 0, 0, 1, 369.91
1606740399, 426, 2, 3, 0, 0, 0.43%, 0, 0, 1, 366.61
1606740404, 429, 0, 3, 0, 0, 0.43%, 0, 0, 1, 357.94
1606740409, 431, 0, 3, 0, 0, 0.43%, 0, 0, 1, 354.83
1606740414, 433, 2, 3, 0, 0, 0.43%, 0, 0, 1, 351.86
1606740419, 436, 0, 3, 0, 0, 0.43%, 0, 0, 1, 353.36
1606740425, 438, 1, 3, 0, 0, 0.43%, 0, 0, 1, 355.03
1606740430, 440, 2, 3, 0, 0, 0.43%, 0, 0, 1, 359.50
1606740435, 443, 0, 3, 0, 0, 0.43%, 0, 0, 1, 367.15
1606740440, 445, 2, 3, 0, 0, 0.43%, 0, 0, 1, 375.46
1606740445, 448, 0, 3, 0, 0, 0.43%, 0, 0, 1, 377.19
1606740450, 450, 2, 3, 0, 0, 0.43%, 0, 0, 1, 376.85
1606740455, 453, 0, 3, 0, 0, 0.43%, 0, 0, 1, 369.73
1606740461, 455, 2, 3, 0, 0, 0.43%, 0, 0, 1, 373.98
1606740466, 458, 0, 3, 0, 0, 0.43%, 0, 0, 1, 359.60
1606740471, 460, 1, 3, 0, 0, 0.43%, 0, 0, 1, 372.67
1606740476, 463, 0, 3, 0, 0, 0.43%, 0, 0, 1, 366.33
1606740481, 465, 1, 3, 0, 0, 0.43%, 0, 0, 1, 367.15
1606740486, 468, 0, 3, 0, 0, 0.43%, 0, 0, 1, 370.36
1606740491, 470, 1, 3, 0, 0, 0.43%, 0, 0, 1, 373.72
1606740497, 473, 0, 3, 0, 0, 0.43%, 0, 0, 1, 375.47
1606740502, 475, 1, 3, 0, 0, 0.43%, 0, 0, 1, 372.24
1606740507, 477, 2, 3, 0, 0, 0.43%, 0, 0, 1, 358.69
1606740512, 480, 0, 3, 0, 0, 0.43%, 0, 0, 1, 353.67
1606740517, 482, 2, 3, 0, 0, 0.43%, 0, 0, 1, 369.13
1606740522, 485, 0, 3, 0, 0, 0.43%, 0, 0, 1, 359.66
1606740527, 487, 1, 3, 0, 0, 0.43%, 0, 0, 1, 355.21
1606740533, 490, 0, 3, 0, 0, 0.43%, 0, 0, 1, 360.40
1606740538, 492, 1, 3, 0, 0, 0.43%, 0, 0, 1, 369.40
1606740543, 495, 0, 3, 0, 0, 0.43%, 0, 0, 1, 366.45
1606740548, 497, 1, 3, 0, 0, 0.43%, 0, 0, 1, 369.03
1606740553, 499, 2, 3, 0, 0, 0.43%, 0, 0, 1, 361.41
1606740558, 502, 1, 3, 0, 0, 0.43%, 0, 0, 1, 364.91
1606740564, 504, 2, 3, 0, 0, 0.43%, 0, 0, 1, 369.82
1606740569, 507, 0, 3, 0, 0, 0.43%, 0, 0, 1, 357.16
1606740574, 509, 1, 3, 0, 0, 0.43%, 0, 0, 1, 358.47
1606740579, 511, 2, 3, 0, 0, 0.43%, 0, 0, 1, 360.53
1606740584, 514, 1, 3, 0, 0, 0.43%, 0, 0, 1, 365.83
1606740589, 516, 2, 3, 0, 0, 0.43%, 0, 0, 1, 363.66
1606740594, 519, 0, 3, 0, 0, 0.43%, 0, 0, 1, 373.51
1606740599, 521, 2, 3, 0, 0, 0.43%, 0, 0, 1, 380.17
1606740604, 524, 0, 3, 0, 0, 0.43%, 0, 0, 1, 375.04
1606740609, 526, 2, 3, 0, 0, 0.43%, 0, 0, 1, 366.21
1606740614, 529, 0, 3, 0, 0, 0.43%, 0, 0, 1, 367.67
1606740619, 531, 1, 3, 0, 0, 0.43%, 0, 0, 1, 371.16
1606740625, 534, 0, 3, 0, 0, 0.43%, 0, 0, 1, 374.54
1606740630, 536, 1, 3, 0, 0, 0.43%, 0, 0, 1, 371.33
1606740635, 539, 0, 3, 0, 0, 0.43%, 0, 0, 1, 368.73
1606740640, 541, 1, 3, 0, 0, 0.43%, 0, 0, 1, 367.58
1606740645, 544, 0, 3, 0, 0, 0.43%, 0, 0, 1, 372.03
1606740650, 546, 1, 3, 0, 0, 0.43%, 0, 0, 1, 370.92
1606740655, 548, 2, 3, 0, 0, 0.43%, 0, 0, 1, 368.33
1606740660, 551, 1, 3, 0, 0, 0.43%, 0, 0, 1, 370.98
1606740665, 553, 2, 3, 0, 0, 0.43%, 0, 0, 1, 372.94
1606740671, 556, 0, 3, 0, 0, 0.43%, 0, 0, 1, 368.50
1606740676, 558, 2, 3, 0, 0, 0.43%, 0, 0, 1, 366.82
1606740681, 561, 0, 3, 0, 0, 0.43%, 0, 0, 1, 369.97
1606740686, 563, 2, 3, 0, 0, 0.43%, 0, 0, 1, 378.17
1606740691, 566, 0, 3, 0, 0, 0.43%, 0, 0, 1, 376.26
1606740696, 568, 2, 3, 0, 0, 0.43%, 0, 0, 1, 370.87
1606740701, 571, 0, 3, 0, 0, 0.43%, 0, 0, 1, 369.75
1606740706, 573, 1, 3, 0, 0, 0.43%, 0, 0, 1, 374.45
1606740711, 576, 0, 3, 0, 0, 0.43%, 0, 0, 1, 377.31
1606740717, 578, 1, 3, 0, 0, 0.43%, 0, 0, 1, 374.46
1606740722, 580, 2, 3, 0, 0, 0.43%, 0, 0, 1, 358.91
1606740727, 583, 1, 3, 0, 0, 0.43%, 0, 0, 1, 374.91
1606740732, 586, 0, 3, 0, 0, 0.43%, 0, 0, 1, 380.19
1606740737, 588, 1, 3, 0, 0, 0.43%, 0, 0, 1, 379.60
1606740742, 591, 0, 3, 0, 0, 0.43%, 0, 0, 1, 380.09
1606740747, 593, 1, 3, 0, 0, 0.43%, 0, 0, 1, 372.45
1606740752, 596, 0, 3, 0, 0, 0.43%, 0, 0, 1, 377.95
1606740758, 598, 2, 3, 0, 0, 0.43%, 0, 0, 1, 380.42
1606740763, 601, 0, 3, 0, 0, 0.43%, 0, 0, 1, 376.41
1606740768, 603, 2, 3, 0, 0, 0.43%, 0, 0, 1, 376.58
1606740773, 606, 0, 3, 0, 0, 0.43%, 0, 0, 1, 374.72
1606740778, 608, 2, 3, 0, 0, 0.43%, 0, 0, 1, 371.39
1606740783, 611, 0, 3, 0, 0, 0.43%, 0, 0, 1, 380.44
1606740788, 613, 2, 3, 0, 0, 0.43%, 0, 0, 1, 375.68
1606740793, 616, 0, 3, 0, 0, 0.43%, 0, 0, 1, 370.64
1606740798, 618, 1, 3, 0, 0, 0.43%, 0, 0, 1, 366.95
1606740803, 621, 0, 3, 0, 0, 0.43%, 0, 0, 1, 367.14
1606740809, 623, 1, 3, 0, 0, 0.43%, 0, 0, 1, 373.75
1606740814, 626, 0, 3, 0, 0, 0.43%, 0, 0, 1, 372.26
1606740819, 628, 1, 3, 0, 0, 0.43%, 0, 0, 1, 364.51
1606740824, 630, 2, 3, 0, 0, 0.43%, 0, 0, 1, 373.51
1606740829, 633, 1, 3, 0, 0, 0.43%, 0, 0, 1, 364.43
1606740834, 635, 2, 3, 0, 0, 0.43%, 0, 0, 1, 367.51
1606740839, 638, 0, 3, 0, 0, 0.43%, 0, 0, 1, 367.95
1606740844, 640, 2, 3, 0, 0, 0.43%, 0, 0, 1, 369.41
1606740850, 643, 0, 3, 0, 0, 0.43%, 0, 0, 1, 366.44
1606740855, 645, 1, 3, 0, 0, 0.43%, 0, 0, 1, 361.27
1606740860, 647, 2, 3, 0, 0, 0.43%, 0, 0, 1, 368.69
1606740865, 650, 0, 3, 0, 0, 0.43%, 0, 0, 1, 361.12
1606740870, 652, 1, 3, 0, 0, 0.43%, 0, 0, 1, 354.94
1606740875, 654, 2, 3, 0, 0, 0.43%, 0, 0, 1, 356.32
1606740880, 657, 0, 3, 0, 0, 0.43%, 0, 0, 1, 350.76
1606740885, 659, 1, 3, 0, 0, 0.43%, 0, 0, 1, 352.40
1606740890, 661, 2, 3, 0, 0, 0.43%, 0, 0, 1, 355.28
1606740895, 664, 1, 3, 0, 0, 0.43%, 0, 0, 1, 367.36
1606740900, 666, 2, 3, 0, 0, 0.43%, 0, 0, 1, 365.01
1606740905, 669, 0, 3, 0, 0, 0.43%, 0, 0, 1, 370.59
1606740910, 671, 1, 3, 0, 0, 0.43%, 0, 0, 1, 359.05
1606740915, 673, 2, 3, 0, 0, 0.43%, 0, 0, 1, 360.41
1606740920, 676, 1, 3, 0, 0, 0.43%, 0, 0, 1, 362.29
1606740925, 678, 2, 3, 0, 0, 0.43%, 0, 0, 1, 365.48
1606740931, 681, 1, 3, 0, 0, 0.43%, 0, 0, 1, 372.21
1606740936, 683, 2, 3, 0, 0, 0.43%, 0, 0, 1, 377.07
1606740941, 686, 1, 3, 0, 0, 0.43%, 0, 0, 1, 377.23
1606740946, 688, 2, 3, 0, 0, 0.43%, 0, 0, 1, 380.27
1606740951, 691, 1, 3, 0, 0, 0.43%, 0, 0, 1, 376.42
1606740956, 694, 0, 3, 0, 0, 0.43%, 0, 0, 1, 377.25
1606740962, 696, 1, 3, 0, 0, 0.43%, 0, 0, 1, 373.58
1606740967, 698, 2, 3, 0, 0, 0.43%, 0, 0, 1, 351.69
1606740972, 701, 1, 3, 0, 0, 0.43%, 0, 0, 1, 364.56
1606740977, 703, 2, 3, 0, 0, 0.43%, 0, 0, 1, 370.11
1606740982, 706, 1, 3, 0, 0, 0.43%, 0, 0, 1, 372.36
1606740987, 708, 2, 3, 0, 0, 0.43%, 0, 0, 1, 366.38
1606740992, 711, 0, 3, 0, 0, 0.43%, 0, 0, 1, 361.21
1606740997, 713, 1, 3, 0, 0, 0.43%, 0, 0, 1, 353.40
1606741002, 715, 2, 3, 0, 0, 0.43%, 0, 0, 1, 361.87
1606741007, 718, 0, 3, 0, 0, 0.43%, 0, 0, 1, 348.65
1606741012, 720, 1, 3, 0, 0, 0.43%, 0, 0, 1, 344.78
1606741017, 722, 2, 3, 0, 0, 0.43%, 0, 0, 1, 350.89
1606741023, 725, 0, 3, 0, 0, 0.43%, 0, 0, 1, 345.63
1606741028, 727, 1, 3, 0, 0, 0.43%, 0, 0, 1, 346.82
1606741033, 729, 1, 3, 0, 0, 0.43%, 0, 0, 1, 349.71
1606741038, 731, 2, 3, 0, 0, 0.43%, 0, 0, 1, 355.00
1606741043, 734, 0, 3, 0, 0, 0.43%, 0, 0, 1, 355.43
1606741048, 736, 1, 3, 0, 0, 0.43%, 0, 0, 1, 349.51
1606741053, 738, 2, 3, 0, 0, 0.43%, 0, 0, 1, 336.27
1606741058, 741, 0, 3, 0, 0, 0.43%, 0, 0, 1, 349.20
1606741063, 743, 1, 3, 0, 0, 0.43%, 0, 0, 1, 350.77
1606741068, 745, 2, 3, 0, 0, 0.43%, 0, 0, 1, 356.30
1606741073, 748, 0, 3, 0, 0, 0.43%, 0, 0, 1, 354.94
1606741078, 750, 1, 3, 0, 0, 0.43%, 0, 0, 1, 370.66
1606741083, 753, 0, 3, 0, 0, 0.43%, 0, 0, 1, 373.98
1606741089, 755, 1, 3, 0, 0, 0.43%, 0, 0, 1, 371.96
1606741094, 758, 0, 3, 0, 0, 0.43%, 0, 0, 1, 372.13
1606741099, 760, 1, 3, 0, 0, 0.43%, 0, 0, 1, 374.03
1606741104, 763, 0, 3, 0, 0, 0.43%, 0, 0, 1, 373.60
1606741109, 765, 1, 3, 0, 0, 0.43%, 0, 0, 1, 375.00
1606741114, 768, 0, 3, 0, 0, 0.43%, 0, 0, 1, 374.84
1606741120, 770, 1, 3, 0, 0, 0.43%, 0, 0, 1, 368.15
1606741125, 772, 2, 3, 0, 0, 0.43%, 0, 0, 1, 360.22
1606741130, 775, 1, 3, 0, 0, 0.43%, 0, 0, 1, 371.49
1606741135, 777, 2, 3, 0, 0, 0.43%, 0, 0, 1, 368.20
1606741140, 780, 0, 3, 0, 0, 0.43%, 0, 0, 1, 354.45
1606741145, 782, 2, 3, 0, 0, 0.43%, 0, 0, 1, 364.85
1606741151, 785, 0, 3, 0, 0, 0.43%, 0, 0, 1, 365.14
1606741156, 787, 1, 3, 0, 0, 0.43%, 0, 0, 1, 361.22
1606741161, 790, 0, 3, 0, 0, 0.43%, 0, 0, 1, 363.16
1606741166, 792, 1, 3, 0, 0, 0.43%, 0, 0, 1, 365.08
1606741171, 794, 2, 3, 0, 0, 0.43%, 0, 0, 1, 372.04
1606741176, 797, 1, 3, 0, 0, 0.43%, 0, 0, 1, 374.46
1606741181, 799, 2, 3, 0, 0, 0.43%, 0, 0, 1, 373.29
1606741186, 802, 1, 3, 0, 0, 0.43%, 0, 0, 1, 359.25
1606741191, 804, 1, 3, 0, 0, 0.43%, 0, 0, 1, 352.90
1606741196, 807, 0, 3, 0, 0, 0.43%, 0, 0, 1, 355.16
1606741202, 809, 1, 3, 0, 0, 0.43%, 0, 0, 1, 370.27
1606741207, 812, 0, 3, 0, 0, 0.43%, 0, 0, 1, 373.02
1606741212, 814, 1, 3, 0, 0, 0.43%, 0, 0, 1, 367.43
1606741217, 816, 2, 3, 0, 0, 0.43%, 0, 0, 1, 361.31
1606741222, 819, 0, 3, 0, 0, 0.43%, 0, 0, 1, 356.71
1606741227, 821, 1, 3, 0, 0, 0.43%, 0, 0, 1, 354.71
1606741232, 823, 2, 3, 0, 0, 0.43%, 0, 0, 1, 362.96
1606741237, 826, 0, 3, 0, 0, 0.43%, 0, 0, 1, 364.27
1606741242, 828, 1, 3, 0, 0, 0.43%, 0, 0, 1, 365.96
1606741247, 831, 0, 3, 0, 0, 0.43%, 0, 0, 1, 367.02
1606741252, 833, 1, 3, 0, 0, 0.43%, 0, 0, 1, 369.40
1606741257, 835, 2, 3, 0, 0, 0.43%, 0, 0, 1, 362.88
1606741263, 838, 1, 3, 0, 0, 0.43%, 0, 0, 1, 369.80
1606741268, 840, 2, 3, 0, 0, 0.43%, 0, 0, 1, 364.91
1606741273, 843, 0, 3, 0, 0, 0.43%, 0, 0, 1, 352.96
1606741278, 845, 1, 3, 0, 0, 0.43%, 0, 0, 1, 353.58
1606741283, 847, 2, 3, 0, 0, 0.43%, 0, 0, 1, 360.39
1606741288, 850, 0, 3, 0, 0, 0.43%, 0, 0, 1, 360.40
1606741293, 852, 1, 3, 0, 0, 0.43%, 0, 0, 1, 348.71
1606741298, 854, 2, 3, 0, 0, 0.43%, 0, 0, 1, 363.78
1606741303, 857, 1, 3, 0, 0, 0.43%, 0, 0, 1, 373.04
1606741308, 860, 0, 3, 0, 0, 0.43%, 0, 0, 1, 375.70
1606741314, 862, 1, 3, 0, 0, 0.43%, 0, 0, 1, 376.68
1606741319, 865, 0, 3, 0, 0, 0.43%, 0, 0, 1, 373.30
1606741324, 867, 1, 3, 0, 0, 0.43%, 0, 0, 1, 363.32
1606741329, 869, 2, 3, 0, 0, 0.43%, 0, 0, 1, 367.18
1606741334, 872, 0, 3, 0, 0, 0.43%, 0, 0, 1, 368.26
1606741339, 874, 2, 3, 0, 0, 0.43%, 0, 0, 1, 361.09
1606741344, 877, 0, 3, 0, 0, 0.43%, 0, 0, 1, 355.78
1606741349, 879, 0, 3, 0, 0, 0.43%, 0, 0, 1, 340.55
1606741354, 881, 1, 3, 0, 0, 0.43%, 0, 0, 1, 339.41
1606741359, 883, 2, 3, 0, 0, 0.43%, 0, 0, 1, 347.90
1606741365, 886, 0, 3, 0, 0, 0.43%, 0, 0, 1, 350.21
1606741370, 888, 1, 3, 0, 0, 0.43%, 0, 0, 1, 354.35
1606741375, 890, 2, 3, 0, 0, 0.43%, 0, 0, 1, 356.97
1606741380, 893, 0, 3, 0, 0, 0.43%, 0, 0, 1, 356.43
1606741385, 895, 1, 3, 0, 0, 0.43%, 0, 0, 1, 356.63
1606741390, 897, 2, 3, 0, 0, 0.43%, 0, 0, 1, 358.62
1606741395, 900, 1, 3, 0, 0, 0.43%, 0, 0, 1, 357.27
1606741400, 902, 1, 3, 0, 0, 0.43%, 0, 0, 1, 355.81
1606741405, 904, 2, 3, 0, 0, 0.43%, 0, 0, 1, 356.07
1606741410, 907, 1, 3, 0, 0, 0.43%, 0, 0, 1, 356.62
1606741415, 909, 2, 3, 0, 0, 0.43%, 0, 0, 1, 355.13
1606741420, 912, 0, 3, 0, 0, 0.43%, 0, 0, 1, 356.95
1606741425, 914, 1, 3, 0, 0, 0.43%, 0, 0, 1, 349.74
1606741430, 916, 2, 3, 0, 0, 0.43%, 0, 0, 1, 354.09
1606741435, 919, 0, 3, 0, 0, 0.43%, 0, 0, 1, 355.68
1606741440, 921, 1, 3, 0, 0, 0.43%, 0, 0, 1, 356.56
1606741446, 923, 2, 3, 0, 0, 0.43%, 0, 0, 1, 359.52
1606741451, 926, 0, 3, 0, 0, 0.43%, 0, 0, 1, 356.42
1606741456, 928, 1, 3, 0, 0, 0.43%, 0, 0, 1, 346.24
1606741461, 930, 2, 3, 0, 0, 0.43%, 0, 0, 1, 354.60
1606741466, 933, 0, 3, 0, 0, 0.43%, 0, 0, 1, 357.04
1606741471, 935, 1, 3, 0, 0, 0.43%, 0, 0, 1, 358.44
1606741476, 937, 2, 3, 0, 0, 0.43%, 0, 0, 1, 355.80
1606741481, 940, 0, 3, 0, 0, 0.43%, 0, 0, 1, 355.07
1606741486, 942, 1, 3, 0, 0, 0.43%, 0, 0, 1, 342.72
1606741491, 944, 2, 3, 0, 0, 0.43%, 0, 0, 1, 351.26
1606741496, 946, 2, 3, 0, 0, 0.43%, 0, 0, 1, 341.74
1606741501, 949, 0, 3, 0, 0, 0.43%, 0, 0, 1, 350.38
1606741506, 951, 1, 3, 0, 0, 0.43%, 0, 0, 1, 346.82
1606741511, 953, 2, 3, 0, 0, 0.43%, 0, 0, 1, 355.48
1606741516, 956, 0, 3, 0, 0, 0.43%, 0, 0, 1, 354.63
1606741521, 958, 1, 3, 0, 0, 0.43%, 0, 0, 1, 357.02
1606741526, 960, 2, 3, 0, 0, 0.43%, 0, 0, 1, 357.76
1606741532, 963, 0, 3, 0, 0, 0.43%, 0, 0, 1, 355.77
1606741537, 965, 1, 3, 0, 0, 0.43%, 0, 0, 1, 338.10
1606741542, 967, 1, 3, 0, 0, 0.43%, 0, 0, 1, 327.12
1606741547, 969, 2, 3, 0, 0, 0.43%, 0, 0, 1, 325.55
1606741552, 972, 0, 3, 0, 0, 0.43%, 0, 0, 1, 343.09
1606741557, 974, 1, 3, 0, 0, 0.43%, 0, 0, 1, 350.27
1606741562, 976, 2, 3, 0, 0, 0.43%, 0, 0, 1, 354.85
1606741567, 979, 0, 3, 0, 0, 0.43%, 0, 0, 1, 343.30
1606741572, 981, 0, 3, 0, 0, 0.43%, 0, 0, 1, 315.82
1606741578, 983, 0, 3, 0, 0, 0.43%, 0, 0, 1, 276.18
1606741583, 984, 2, 3, 0, 0, 0.43%, 0, 0, 1, 262.99
1606741588, 986, 1, 3, 0, 0, 0.43%, 0, 0, 1, 269.40
1606741593, 988, 2, 3, 0, 0, 0.43%, 0, 0, 1, 319.11
1606741598, 990, 2, 3, 0, 0, 0.43%, 0, 0, 1, 330.39
1606741603, 993, 0, 3, 0, 0, 0.43%, 0, 0, 1, 334.59
1606741608, 995, 1, 3, 0, 0, 0.43%, 0, 0, 1, 344.88
1606741613, 997, 2, 3, 0, 0, 0.43%, 0, 0, 1, 335.15
1606741618, 999, 2, 3, 0, 0, 0.43%, 0, 0, 1, 328.41
1606741623, 1002, 0, 3, 0, 0, 0.43%, 0, 0, 1, 342.00
1606741628, 1004, 1, 3, 0, 0, 0.43%, 0, 0, 1, 345.84
1606741634, 1006, 1, 3, 0, 0, 0.43%, 0, 0, 1, 336.58
1606741639, 1008, 2, 3, 0, 0, 0.43%, 0, 0, 1, 339.70
1606741644, 1011, 0, 3, 0, 0, 0.43%, 0, 0, 1, 318.43
1606741649, 1013, 0, 3, 0, 0, 0.43%, 0, 0, 1, 338.68
1606741654, 1015, 0, 3, 0, 0, 0.43%, 0, 0, 1, 298.49
1606741659, 1017, 0, 3, 0, 0, 0.43%, 0, 0, 1, 270.05
1606741664, 1019, 0, 3, 0, 0, 0.43%, 0, 0, 1, 330.61
1606741669, 1021, 1, 3, 0, 0, 0.43%, 0, 0, 1, 347.06
1606741674, 1023, 2, 3, 0, 0, 0.43%, 0, 0, 1, 344.36
1606741679, 1026, 0, 3, 0, 0, 0.43%, 0, 0, 1, 346.90
1606741684, 1028, 1, 3, 0, 0, 0.43%, 0, 0, 1, 348.38
1606741690, 1030, 2, 3, 0, 0, 0.43%, 0, 0, 1, 347.54
1606741695, 1033, 0, 3, 0, 0, 0.43%, 0, 0, 1, 357.38
1606741700, 1035, 1, 3, 0, 0, 0.43%, 0, 0, 1, 357.76
1606741705, 1037, 2, 3, 0, 0, 0.43%, 0, 0, 1, 360.02
1606741710, 1040, 0, 3, 0, 0, 0.43%, 0, 0, 1, 362.69
1606741715, 1042, 1, 3, 0, 0, 0.43%, 0, 0, 1, 362.86
1606741720, 1044, 2, 3, 0, 0, 0.43%, 0, 0, 1, 361.92
1606741725, 1047, 1, 3, 0, 0, 0.43%, 0, 0, 1, 362.30
1606741730, 1049, 2, 3, 0, 0, 0.43%, 0, 0, 1, 356.68
1606741735, 1052, 0, 3, 0, 0, 0.43%, 0, 0, 1, 362.20
1606741740, 1054, 1, 3, 0, 0, 0.43%, 0, 0, 1, 355.71
1606741745, 1056, 2, 3, 0, 0, 0.43%, 0, 0, 1, 357.33
1606741750, 1058, 2, 3, 0, 0, 0.43%, 0, 0, 1, 336.25
1606741755, 1061, 0, 3, 0, 0, 0.43%, 0, 0, 1, 327.23
1606741760, 1063, 1, 3, 0, 0, 0.43%, 0, 0, 1, 337.44
1606741765, 1065, 1, 3, 0, 0, 0.43%, 0, 0, 1, 319.42
1606741770, 1067, 1, 3, 0, 0, 0.43%, 0, 0, 1, 316.86
1606741775, 1069, 2, 3, 0, 0, 0.43%, 0, 0, 1, 339.69
1606741780, 1072, 0, 3, 0, 0, 0.43%, 0, 0, 1, 340.04
1606741786, 1074, 1, 3, 0, 0, 0.43%, 0, 0, 1, 341.40
1606741791, 1076, 2, 3, 0, 0, 0.43%, 0, 0, 1, 345.85
1606741796, 1079, 0, 3, 0, 0, 0.43%, 0, 0, 1, 342.10
1606741801, 1081, 1, 3, 0, 0, 0.43%, 0, 0, 1, 347.99
1606741806, 1083, 2, 3, 0, 0, 0.43%, 0, 0, 1, 352.57
1606741811, 1085, 2, 3, 0, 0, 0.43%, 0, 0, 1, 332.02
1606741816, 1088, 0, 3, 0, 0, 0.43%, 0, 0, 1, 351.25
1606741821, 1090, 1, 3, 0, 0, 0.43%, 0, 0, 1, 357.54
1606741826, 1092, 2, 3, 0, 0, 0.43%, 0, 0, 1, 343.07
1606741832, 1095, 1, 3, 0, 0, 0.43%, 0, 0, 1, 363.97
1606741837, 1097, 2, 3, 0, 0, 0.43%, 0, 0, 1, 358.70
1606741842, 1100, 0, 3, 0, 0, 0.43%, 0, 0, 1, 360.22
1606741847, 1102, 1, 3, 0, 0, 0.43%, 0, 0, 1, 352.04
1606741852, 1104, 2, 3, 0, 0, 0.43%, 0, 0, 1, 364.53
1606741857, 1107, 0, 3, 0, 0, 0.43%, 0, 0, 1, 365.21
1606741862, 1109, 2, 3, 0, 0, 0.43%, 0, 0, 1, 364.57
1606741867, 1111, 1, 3, 0, 0, 0.43%, 0, 0, 1, 311.45
1606741872, 1114, 0, 3, 0, 0, 0.43%, 0, 0, 1, 352.01
1606741877, 1116, 1, 3, 0, 0, 0.43%, 0, 0, 1, 360.68
1606741883, 1118, 2, 3, 0, 0, 0.43%, 0, 0, 1, 363.69
1606741888, 1121, 0, 3, 0, 0, 0.43%, 0, 0, 1, 317.62
1606741893, 1122, 2, 3, 0, 0, 0.43%, 0, 0, 1, 279.33
1606741898, 1124, 1, 3, 0, 0, 0.43%, 0, 0, 1, 267.80
1606741903, 1126, 1, 3, 0, 0, 0.43%, 0, 0, 1, 284.54
1606741908, 1128, 0, 3, 0, 0, 0.43%, 0, 0, 1, 276.27
1606741913, 1130, 0, 3, 0, 0, 0.43%, 0, 0, 1, 278.24
1606741918, 1132, 0, 3, 0, 0, 0.43%, 0, 0, 1, 299.94
1606741923, 1134, 0, 3, 0, 0, 0.43%, 0, 0, 1, 307.49
1606741928, 1136, 1, 3, 0, 0, 0.43%, 0, 0, 1, 338.30
1606741933, 1138, 2, 3, 0, 0, 0.43%, 0, 0, 1, 361.81
1606741938, 1141, 1, 3, 0, 0, 0.43%, 0, 0, 1, 364.62
1606741944, 1143, 2, 3, 0, 0, 0.43%, 0, 0, 1, 360.30
1606741949, 1146, 1, 3, 0, 0, 0.43%, 0, 0, 1, 374.05
1606741954, 1148, 2, 3, 0, 0, 0.43%, 0, 0, 1, 377.59
1606741959, 1151, 1, 3, 0, 0, 0.43%, 0, 0, 1, 377.91
1606741964, 1153, 2, 3, 0, 0, 0.43%, 0, 0, 1, 377.60
1606741969, 1156, 1, 3, 0, 0, 0.43%, 0, 0, 1, 378.10
1606741975, 1159, 0, 3, 0, 0, 0.43%, 0, 0, 1, 372.98
1606741980, 1161, 1, 3, 0, 0, 0.43%, 0, 0, 1, 375.82
1606741985, 1164, 0, 3, 0, 0, 0.43%, 0, 0, 1, 376.85
1606741990, 1166, 1, 3, 0, 0, 0.43%, 0, 0, 1, 376.82
1606741995, 1169, 0, 3, 0, 0, 0.43%, 0, 0, 1, 379.42
1606742000, 1171, 2, 3, 0, 0, 0.43%, 0, 0, 1, 380.00
1606742006, 1174, 0, 3, 0, 0, 0.43%, 0, 0, 1, 380.72
1606742011, 1176, 2, 3, 0, 0, 0.43%, 0, 0, 1, 375.62
1606742016, 1179, 1, 3, 0, 0, 0.43%, 0, 0, 1, 376.80
1606742021, 1181, 2, 3, 0, 0, 0.43%, 0, 0, 1, 366.28
1606742026, 1184, 0, 3, 0, 0, 0.43%, 0, 0, 1, 372.30
1606742031, 1186, 2, 3, 0, 0, 0.43%, 0, 0, 1, 378.79
1606742036, 1189, 0, 3, 0, 0, 0.43%, 0, 0, 1, 369.51
1606742042, 1191, 2, 3, 0, 0, 0.43%, 0, 0, 1, 369.20
1606742047, 1194, 0, 3, 0, 0, 0.43%, 0, 0, 1, 377.68
1606742052, 1196, 2, 3, 0, 0, 0.43%, 0, 0, 1, 380.44
1606742057, 1199, 0, 3, 0, 0, 0.43%, 0, 0, 1, 376.28
1606742062, 1201, 2, 3, 0, 0, 0.43%, 0, 0, 1, 367.48
1606742067, 1204, 0, 3, 0, 0, 0.43%, 0, 0, 1, 365.83
1606742072, 1206, 2, 3, 0, 0, 0.43%, 0, 0, 1, 373.05
1606742078, 1209, 0, 3, 0, 0, 0.43%, 0, 0, 1, 375.02
1606742083, 1211, 2, 3, 0, 0, 0.43%, 0, 0, 1, 379.17
1606742088, 1214, 0, 3, 0, 0, 0.43%, 0, 0, 1, 380.00
1606742093, 1216, 2, 3, 0, 0, 0.43%, 0, 0, 1, 374.00
1606742098, 1218, 2, 3, 0, 0, 0.43%, 0, 0, 1, 332.39
1606742103, 1221, 1, 3, 0, 0, 0.43%, 0, 0, 1, 367.85
1606742108, 1224, 0, 3, 0, 0, 0.43%, 0, 0, 1, 375.65
1606742114, 1226, 1, 3, 0, 0, 0.43%, 0, 0, 1, 377.99
1606742119, 1229, 0, 3, 0, 0, 0.43%, 0, 0, 1, 374.72
1606742124, 1231, 1, 3, 0, 0, 0.43%, 0, 0, 1, 376.53
1606742129, 1234, 0, 3, 0, 0, 0.43%, 0, 0, 1, 377.47
1606742134, 1236, 2, 3, 0, 0, 0.43%, 0, 0, 1, 377.16
1606742139, 1239, 0, 3, 0, 0, 0.43%, 0, 0, 1, 374.81
1606742145, 1241, 2, 3, 0, 0, 0.43%, 0, 0, 1, 373.94
1606742150, 1244, 0, 3, 0, 0, 0.43%, 0, 0, 1, 376.10
1606742155, 1246, 1, 3, 0, 0, 0.43%, 0, 0, 1, 369.65
1606742160, 1249, 0, 3, 0, 0, 0.43%, 0, 0, 1, 366.46
1606742165, 1251, 1, 3, 0, 0, 0.43%, 0, 0, 1, 377.68
1606742170, 1254, 0, 3, 0, 0, 0.43%, 0, 0, 1, 379.75
1606742175, 1256, 2, 3, 0, 0, 0.43%, 0, 0, 1, 380.37
1606742180, 1259, 0, 3, 0, 0, 0.43%, 0, 0, 1, 380.40
1606742186, 1261, 2, 3, 0, 0, 0.43%, 0, 0, 1, 379.05
1606742191, 1264, 0, 3, 0, 0, 0.43%, 0, 0, 1, 380.31
1606742196, 1266, 2, 3, 0, 0, 0.43%, 0, 0, 1, 379.39
1606742201, 1269, 1, 3, 0, 0, 0.43%, 0, 0, 1, 379.09
1606742206, 1271, 2, 3, 0, 0, 0.43%, 0, 0, 1, 380.43
1606742211, 1274, 1, 3, 0, 0, 0.43%, 0, 0, 1, 364.28
1606742216, 1276, 2, 3, 0, 0, 0.43%, 0, 0, 1, 375.54
1606742222, 1279, 1, 3, 0, 0, 0.43%, 0, 0, 1, 379.09
1606742227, 1282, 0, 3, 0, 0, 0.43%, 0, 0, 1, 378.86
1606742232, 1284, 1, 3, 0, 0, 0.43%, 0, 0, 1, 379.47
1606742237, 1287, 0, 3, 0, 0, 0.43%, 0, 0, 1, 360.99
1606742242, 1289, 1, 3, 0, 0, 0.43%, 0, 0, 1, 370.09
1606742247, 1291, 2, 3, 0, 0, 0.43%, 0, 0, 1, 349.61
1606742252, 1294, 0, 3, 0, 0, 0.43%, 0, 0, 1, 356.04
1606742257, 1296, 1, 3, 0, 0, 0.43%, 0, 0, 1, 362.75
1606742262, 1298, 2, 3, 0, 0, 0.43%, 0, 0, 1, 372.97
1606742268, 1301, 1, 3, 0, 0, 0.43%, 0, 0, 1, 366.60
1606742273, 1303, 2, 3, 0, 0, 0.43%, 0, 0, 1, 369.02
1606742278, 1306, 1, 3, 0, 0, 0.43%, 0, 0, 1, 374.21
1606742283, 1308, 2, 3, 0, 0, 0.43%, 0, 0, 1, 371.15
1606742288, 1311, 1, 3, 0, 0, 0.43%, 0, 0, 1, 379.20
1606742293, 1313, 2, 3, 0, 0, 0.43%, 0, 0, 1, 381.42
1606742298, 1316, 1, 3, 0, 0, 0.43%, 0, 0, 1, 382.33
1606742304, 1319, 0, 3, 0, 0, 0.43%, 0, 0, 1, 382.69
1606742309, 1321, 1, 3, 0, 0, 0.43%, 0, 0, 1, 379.00
1606742314, 1324, 0, 3, 0, 0, 0.43%, 0, 0, 1, 381.49
1606742319, 1326, 2, 3, 0, 0, 0.43%, 0, 0, 1, 383.75
1606742324, 1329, 0, 3, 0, 0, 0.43%, 0, 0, 1, 384.12
1606742329, 1331, 2, 3, 0, 0, 0.43%, 0, 0, 1, 384.19
1606742334, 1334, 1, 3, 0, 0, 0.43%, 0, 0, 1, 383.42
1606742339, 1336, 2, 3, 0, 0, 0.43%, 0, 0, 1, 377.72
1606742344, 1339, 0, 3, 0, 0, 0.43%, 0, 0, 1, 349.81
1606742349, 1341, 1, 3, 0, 0, 0.43%, 0, 0, 1, 360.76
1606742355, 1344, 0, 3, 0, 0, 0.43%, 0, 0, 1, 374.13
1606742360, 1346, 2, 3, 0, 0, 0.43%, 0, 0, 1, 380.48
1606742365, 1349, 0, 3, 0, 0, 0.43%, 0, 0, 1, 378.35
1606742370, 1351, 2, 3, 0, 0, 0.43%, 0, 0, 1, 378.64
1606742375, 1354, 0, 3, 0, 0, 0.43%, 0, 0, 1, 381.36
1606742380, 1356, 2, 3, 0, 0, 0.43%, 0, 0, 1, 381.93
1606742386, 1359, 1, 3, 0, 0, 0.43%, 0, 0, 1, 381.14
1606742391, 1361, 2, 3, 0, 0, 0.43%, 0, 0, 1, 380.69
1606742396, 1364, 1, 3, 0, 0, 0.43%, 0, 0, 1, 380.57
1606742401, 1367, 0, 3, 0, 0, 0.43%, 0, 0, 1, 379.69
1606742406, 1369, 1, 3, 0, 0, 0.43%, 0, 0, 1, 377.87
1606742411, 1372, 0, 3, 0, 0, 0.43%, 0, 0, 1, 379.49
1606742416, 1374, 1, 3, 0, 0, 0.43%, 0, 0, 1, 380.89
1606742422, 1377, 0, 3, 0, 0, 0.43%, 0, 0, 1, 380.63
1606742427, 1379, 2, 3, 0, 0, 0.43%, 0, 0, 1, 378.71
1606742432, 1382, 0, 3, 0, 0, 0.43%, 0, 0, 1, 374.79
1606742437, 1384, 1, 3, 0, 0, 0.43%, 0, 0, 1, 354.03
1606742442, 1386, 2, 3, 0, 0, 0.43%, 0, 0, 1, 358.57
1606742447, 1389, 0, 3, 0, 0, 0.43%, 0, 0, 1, 352.51
1606742452, 1391, 1, 3, 0, 0, 0.43%, 0, 0, 1, 369.62
1606742457, 1394, 0, 3, 0, 0, 0.43%, 0, 0, 1, 377.89
1606742462, 1396, 1, 3, 0, 0, 0.43%, 0, 0, 1, 380.83
1606742467, 1399, 0, 3, 0, 0, 0.43%, 0, 0, 1, 381.66
1606742472, 1401, 2, 3, 0, 0, 0.43%, 0, 0, 1, 382.31
1606742477, 1404, 0, 3, 0, 0, 0.43%, 0, 0, 1, 382.80
1606742482, 1406, 2, 3, 0, 0, 0.43%, 0, 0, 1, 382.98
1606742488, 1409, 1, 3, 0, 0, 0.43%, 0, 0, 1, 382.17
1606742493, 1411, 2, 3, 0, 0, 0.43%, 0, 0, 1, 381.80
1606742498, 1414, 1, 3, 0, 0, 0.43%, 0, 0, 1, 382.19
1606742503, 1417, 0, 3, 0, 0, 0.43%, 0, 0, 1, 381.54
1606742508, 1419, 1, 3, 0, 0, 0.43%, 0, 0, 1, 380.98
1606742513, 1422, 0, 3, 0, 0, 0.43%, 0, 0, 1, 382.28
1606742518, 1424, 2, 3, 0, 0, 0.43%, 0, 0, 1, 380.95
1606742523, 1427, 0, 3, 0, 0, 0.43%, 0, 0, 1, 381.80
1606742529, 1429, 2, 3, 0, 0, 0.43%, 0, 0, 1, 382.10
1606742534, 1432, 1, 3, 0, 0, 0.43%, 0, 0, 1, 382.66
1606742539, 1434, 2, 3, 0, 0, 0.43%, 0, 0, 1, 381.44
1606742544, 1437, 1, 3, 0, 0, 0.43%, 0, 0, 1, 381.44
1606742549, 1439, 2, 3, 0, 0, 0.43%, 0, 0, 1, 381.09
1606742554, 1442, 1, 3, 0, 0, 0.43%, 0, 0, 1, 380.79
1606742559, 1445, 0, 3, 0, 0, 0.43%, 0, 0, 1, 379.38
1606742565, 1447, 1, 3, 0, 0, 0.43%, 0, 0, 1, 380.85
1606742570, 1450, 0, 3, 0, 0, 0.43%, 0, 0, 1, 380.70
1606742575, 1452, 2, 3, 0, 0, 0.43%, 0, 0, 1, 381.54
1606742580, 1455, 0, 3, 0, 0, 0.43%, 0, 0, 1, 378.67
1606742585, 1457, 2, 3, 0, 0, 0.43%, 0, 0, 1, 377.42
1606742590, 1460, 0, 3, 0, 0, 0.43%, 0, 0, 1, 372.41
1606742595, 1462, 2, 3, 0, 0, 0.43%, 0, 0, 1, 380.17
1606742601, 1465, 1, 3, 0, 0, 0.43%, 0, 0, 1, 381.19
1606742606, 1467, 2, 3, 0, 0, 0.43%, 0, 0, 1, 382.13
1606742611, 1470, 1, 3, 0, 0, 0.43%, 0, 0, 1, 376.69
1606742616, 1472, 2, 3, 0, 0, 0.43%, 0, 0, 1, 380.20
1606742621, 1475, 1, 3, 0, 0, 0.43%, 0, 0, 1, 382.81
1606742626, 1478, 0, 3, 0, 0, 0.43%, 0, 0, 1, 382.66
1606742631, 1480, 1, 3, 0, 0, 0.43%, 0, 0, 1, 382.37
1606742637, 1483, 0, 3, 0, 0, 0.43%, 0, 0, 1, 381.59
1606742642, 1485, 2, 3, 0, 0, 0.43%, 0, 0, 1, 381.88
1606742647, 1488, 0, 3, 0, 0, 0.43%, 0, 0, 1, 382.22
1606742652, 1490, 2, 3, 0, 0, 0.43%, 0, 0, 1, 382.04
1606742657, 1493, 1, 3, 0, 0, 0.43%, 0, 0, 1, 382.59
1606742662, 1495, 2, 3, 0, 0, 0.43%, 0, 0, 1, 383.30
1606742667, 1498, 1, 3, 0, 0, 0.43%, 0, 0, 1, 382.69
1606742672, 1501, 0, 3, 0, 0, 0.43%, 0, 0, 1, 379.29
1606742677, 1503, 1, 3, 0, 0, 0.43%, 0, 0, 1, 379.99
1606742683, 1506, 0, 3, 0, 0, 0.43%, 0, 0, 1, 383.50
1606742688, 1508, 2, 3, 0, 0, 0.43%, 0, 0, 1, 383.95
1606742693, 1511, 0, 3, 0, 0, 0.43%, 0, 0, 1, 382.98
1606742698, 1513, 2, 3, 0, 0, 0.43%, 0, 0, 1, 383.54
1606742703, 1516, 1, 3, 0, 0, 0.43%, 0, 0, 1, 383.02
1606742708, 1518, 2, 3, 0, 0, 0.43%, 0, 0, 1, 383.43
1606742713, 1521, 1, 3, 0, 0, 0.43%, 0, 0, 1, 383.53
1606742719, 1524, 0, 3, 0, 0, 0.43%, 0, 0, 1, 375.96
1606742724, 1526, 1, 3, 0, 0, 0.43%, 0, 0, 1, 381.52
1606742729, 1529, 0, 3, 0, 0, 0.43%, 0, 0, 1, 383.29
1606742734, 1531, 2, 3, 0, 0, 0.43%, 0, 0, 1, 382.93
1606742739, 1534, 0, 3, 0, 0, 0.43%, 0, 0, 1, 383.36
1606742744, 1536, 2, 3, 0, 0, 0.43%, 0, 0, 1, 383.31
1606742749, 1539, 1, 3, 0, 0, 0.43%, 0, 0, 1, 382.75
1606742755, 1541, 2, 3, 0, 0, 0.43%, 0, 0, 1, 383.28
1606742760, 1544, 1, 3, 0, 0, 0.43%, 0, 0, 1, 382.90
1606742765, 1547, 0, 3, 0, 0, 0.43%, 0, 0, 1, 383.18
1606742770, 1549, 1, 3, 0, 0, 0.43%, 0, 0, 1, 382.77
1606742775, 1552, 0, 3, 0, 0, 0.43%, 0, 0, 1, 382.62
1606742780, 1554, 2, 3, 0, 0, 0.43%, 0, 0, 1, 382.89
1606742785, 1557, 0, 3, 0, 0, 0.43%, 0, 0, 1, 382.79
1606742790, 1559, 2, 3, 0, 0, 0.43%, 0, 0, 1, 382.66
1606742796, 1562, 1, 3, 0, 0, 0.43%, 0, 0, 1, 381.82
1606742801, 1564, 2, 3, 0, 0, 0.43%, 0, 0, 1, 383.12
1606742806, 1567, 1, 3, 0, 0, 0.43%, 0, 0, 1, 383.17
1606742811, 1570, 0, 3, 0, 0, 0.43%, 0, 0, 1, 383.44
1606742816, 1572, 1, 3, 0, 0, 0.43%, 0, 0, 1, 383.72
1606742821, 1575, 0, 3, 0, 0, 0.43%, 0, 0, 1, 383.66
1606742826, 1577, 2, 3, 0, 0, 0.43%, 0, 0, 1, 383.45
1606742832, 1580, 1, 3, 0, 0, 0.43%, 0, 0, 1, 383.71
1606742837, 1582, 2, 3, 0, 0, 0.43%, 0, 0, 1, 382.68
1606742842, 1585, 1, 3, 0, 0, 0.43%, 0, 0, 1, 382.89
1606742847, 1588, 0, 3, 0, 0, 0.43%, 0, 0, 1, 383.00
1606742852, 1590, 1, 3, 0, 0, 0.43%, 0, 0, 1, 382.35
1606742857, 1593, 0, 3, 0, 0, 0.43%, 0, 0, 1, 383.53
1606742862, 1595, 2, 3, 0, 0, 0.43%, 0, 0, 1, 383.69
1606742868, 1598, 0, 3, 0, 0, 0.43%, 0, 0, 1, 383.56
1606742873, 1600, 2, 3, 0, 0, 0.43%, 0, 0, 1, 382.88
1606742878, 1603, 1, 3, 0, 0, 0.43%, 0, 0, 1, 383.69
1606742883, 1606, 0, 3, 0, 0, 0.43%, 0, 0, 1, 383.41
1606742888, 1608, 1, 3, 0, 0, 0.43%, 0, 0, 1, 382.29
1606742893, 1611, 0, 3, 0, 0, 0.43%, 0, 0, 1, 383.15
1606742898, 1613, 2, 3, 0, 0, 0.43%, 0, 0, 1, 383.64
1606742904, 1616, 0, 3, 0, 0, 0.43%, 0, 0, 1, 383.71
1606742909, 1618, 2, 3, 0, 0, 0.43%, 0, 0, 1, 382.92
1606742914, 1621, 0, 3, 0, 0, 0.43%, 0, 0, 1, 382.92
1606742919, 1623, 2, 3, 0, 0, 0.43%, 0, 0, 1, 379.44
1606742924, 1626, 1, 3, 0, 0, 0.43%, 0, 0, 1, 379.98
1606742929, 1628, 2, 3, 0, 0, 0.43%, 0, 0, 1, 382.18
1606742934, 1631, 1, 3, 0, 0, 0.43%, 0, 0, 1, 382.53
1606742939, 1634, 0, 3, 0, 0, 0.43%, 0, 0, 1, 383.17
1606742945, 1636, 2, 3, 0, 0, 0.43%, 0, 0, 1, 383.00
1606742950, 1639, 0, 3, 0, 0, 0.43%, 0, 0, 1, 381.70
1606742955, 1641, 2, 3, 0, 0, 0.43%, 0, 0, 1, 382.02
1606742960, 1644, 1, 3, 0, 0, 0.43%, 0, 0, 1, 382.09
1606742965, 1646, 2, 3, 0, 0, 0.43%, 0, 0, 1, 382.86
1606742970, 1649, 1, 3, 0, 0, 0.43%, 0, 0, 1, 382.58
1606742975, 1652, 0, 3, 0, 0, 0.43%, 0, 0, 1, 382.88
1606742981, 1654, 1, 3, 0, 0, 0.43%, 0, 0, 1, 382.05
1606742986, 1657, 0, 3, 0, 0, 0.43%, 0, 0, 1, 381.31
1606742991, 1659, 2, 3, 0, 0, 0.43%, 0, 0, 1, 383.14
1606742996, 1662, 0, 3, 0, 0, 0.43%, 0, 0, 1, 382.99
1606743001, 1664, 2, 3, 0, 0, 0.43%, 0, 0, 1, 382.51
1606743006, 1667, 0, 3, 0, 0, 0.43%, 0, 0, 1, 382.35
1606743011, 1669, 2, 3, 0, 0, 0.43%, 0, 0, 1, 383.39
1606743016, 1672, 1, 3, 0, 0, 0.43%, 0, 0, 1, 383.25
1606743021, 1674, 2, 3, 0, 0, 0.43%, 0, 0, 1, 383.12
1606743027, 1677, 1, 3, 0, 0, 0.43%, 0, 0, 1, 382.78
1606743032, 1680, 0, 3, 0, 0, 0.43%, 0, 0, 1, 383.17
1606743037, 1682, 1, 3, 0, 0, 0.43%, 0, 0, 1, 382.63
1606743042, 1685, 0, 3, 0, 0, 0.43%, 0, 0, 1, 379.22
1606743047, 1687, 2, 3, 0, 0, 0.43%, 0, 0, 1, 381.12
1606743052, 1690, 0, 3, 0, 0, 0.43%, 0, 0, 1, 381.62
1606743057, 1692, 2, 3, 0, 0, 0.43%, 0, 0, 1, 381.93
1606743063, 1695, 1, 3, 0, 0, 0.43%, 0, 0, 1, 382.72
1606743068, 1697, 2, 3, 0, 0, 0.43%, 0, 0, 1, 382.67
1606743073, 1700, 1, 3, 0, 0, 0.43%, 0, 0, 1, 382.74
1606743078, 1703, 0, 3, 0, 0, 0.43%, 0, 0, 1, 382.61
1606743083, 1705, 1, 3, 0, 0, 0.43%, 0, 0, 1, 383.49
1606743088, 1708, 0, 3, 0, 0, 0.43%, 0, 0, 1, 382.98
1606743093, 1710, 2, 3, 0, 0, 0.43%, 0, 0, 1, 383.06
1606743098, 1713, 0, 3, 0, 0, 0.43%, 0, 0, 1, 383.19
1606743104, 1715, 2, 3, 0, 0, 0.43%, 0, 0, 1, 383.45
1606743109, 1718, 1, 3, 0, 0, 0.43%, 0, 0, 1, 384.04
1606743114, 1720, 2, 3, 0, 0, 0.43%, 0, 0, 1, 383.95
1606743119, 1723, 1, 3, 0, 0, 0.43%, 0, 0, 1, 383.93
1606743124, 1726, 0, 3, 0, 0, 0.43%, 0, 0, 1, 377.42
1606743129, 1728, 2, 3, 0, 0, 0.43%, 0, 0, 1, 381.33
1606743134, 1731, 0, 3, 0, 0, 0.43%, 0, 0, 1, 382.13
1606743140, 1733, 2, 3, 0, 0, 0.43%, 0, 0, 1, 382.69
1606743145, 1736, 1, 3, 0, 0, 0.43%, 0, 0, 1, 382.68
1606743150, 1738, 2, 3, 0, 0, 0.43%, 0, 0, 1, 383.13
1606743155, 1741, 1, 3, 0, 0, 0.43%, 0, 0, 1, 382.56
1606743160, 1744, 0, 3, 0, 0, 0.43%, 0, 0, 1, 381.76
1606743165, 1746, 1, 3, 0, 0, 0.43%, 0, 0, 1, 380.95
1606743170, 1749, 0, 3, 0, 0, 0.43%, 0, 0, 1, 381.75
1606743175, 1751, 1, 3, 0, 0, 0.43%, 0, 0, 1, 381.91
1606743181, 1754, 0, 3, 0, 0, 0.43%, 0, 0, 1, 382.64
1606743186, 1756, 2, 3, 0, 0, 0.43%, 0, 0, 1, 382.10
1606743191, 1759, 0, 3, 0, 0, 0.43%, 0, 0, 1, 382.61
1606743196, 1761, 2, 3, 0, 0, 0.43%, 0, 0, 1, 383.12
1606743201, 1764, 1, 3, 0, 0, 0.43%, 0, 0, 1, 382.82
1606743206, 1766, 2, 3, 0, 0, 0.43%, 0, 0, 1, 383.12
1606743211, 1769, 1, 3, 0, 0, 0.43%, 0, 0, 1, 381.70
1606743216, 1772, 0, 3, 0, 0, 0.43%, 0, 0, 1, 382.38
1606743222, 1774, 1, 3, 0, 0, 0.43%, 0, 0, 1, 383.29
1606743227, 1777, 0, 3, 0, 0, 0.43%, 0, 0, 1, 383.30
1606743232, 1779, 2, 3, 0, 0, 0.43%, 0, 0, 1, 382.95
1606743237, 1782, 0, 3, 0, 0, 0.43%, 0, 0, 1, 382.35
1606743242, 1784, 2, 3, 0, 0, 0.43%, 0, 0, 1, 382.37
1606743247, 1787, 1, 3, 0, 0, 0.43%, 0, 0, 1, 383.63
1606743252, 1789, 2, 3, 0, 0, 0.43%, 0, 0, 1, 382.36
1606743257, 1792, 1, 3, 0, 0, 0.43%, 0, 0, 1, 382.38
1606743263, 1795, 0, 3, 0, 0, 0.43%, 0, 0, 1, 380.98
1606743268, 1797, 1, 3, 0, 0, 0.43%, 0, 0, 1, 381.48
1606743273, 1800, 0, 3, 0, 0, 0.43%, 0, 0, 1, 381.73
1606743278, 1802, 1, 3, 0, 0, 0.43%, 0, 0, 1, 381.74
1606743283, 1805, 0, 3, 0, 0, 0.43%, 0, 0, 1, 380.61
1606743288, 1807, 2, 3, 0, 0, 0.43%, 0, 0, 1, 382.03
1606743293, 1810, 0, 3, 0, 0, 0.43%, 0, 0, 1, 382.23
1606743298, 1812, 2, 3, 0, 0, 0.43%, 0, 0, 1, 382.02
1606743304, 1815, 1, 3, 0, 0, 0.43%, 0, 0, 1, 382.25
1606743309, 1817, 2, 3, 0, 0, 0.43%, 0, 0, 1, 382.60
1606743314, 1820, 1, 3, 0, 0, 0.43%, 0, 0, 1, 382.31
1606743319, 1823, 0, 3, 0, 0, 0.43%, 0, 0, 1, 382.54
1606743324, 1825, 1, 3, 0, 0, 0.43%, 0, 0, 1, 382.24
1606743329, 1828, 0, 3, 0, 0, 0.43%, 0, 0, 1, 382.07
1606743334, 1830, 2, 3, 0, 0, 0.43%, 0, 0, 1, 381.69
1606743339, 1833, 0, 3, 0, 0, 0.43%, 0, 0, 1, 382.68
1606743345, 1835, 2, 3, 0, 0, 0.43%, 0, 0, 1, 382.79
1606743350, 1838, 1, 3, 0, 0, 0.43%, 0, 0, 1, 382.88
1606743355, 1840, 2, 3, 0, 0, 0.43%, 0, 0, 1, 382.42
1606743360, 1843, 1, 3, 0, 0, 0.43%, 0, 0, 1, 382.59
1606743365, 1846, 0, 3, 0, 0, 0.43%, 0, 0, 1, 382.92
1606743370, 1848, 1, 3, 0, 0, 0.43%, 0, 0, 1, 383.08
1606743375, 1851, 0, 3, 0, 0, 0.43%, 0, 0, 1, 383.05
1606743380, 1853, 2, 3, 0, 0, 0.43%, 0, 0, 1, 383.51
1606743386, 1856, 0, 3, 0, 0, 0.43%, 0, 0, 1, 383.53
1606743391, 1858, 2, 3, 0, 0, 0.43%, 0, 0, 1, 382.92
1606743396, 1861, 1, 3, 0, 0, 0.43%, 0, 0, 1, 382.67
1606743401, 1863, 2, 3, 0, 0, 0.43%, 0, 0, 1, 382.72
1606743406, 1866, 1, 3, 0, 0, 0.43%, 0, 0, 1, 381.38
1606743411, 1869, 0, 3, 0, 0, 0.43%, 0, 0, 1, 382.89
1606743416, 1871, 1, 3, 0, 0, 0.43%, 0, 0, 1, 383.05
1606743421, 1874, 0, 3, 0, 0, 0.43%, 0, 0, 1, 383.17
1606743427, 1876, 1, 3, 0, 0, 0.43%, 0, 0, 1, 383.07
1606743432, 1879, 0, 3, 0, 0, 0.43%, 0, 0, 1, 382.62
1606743437, 1881, 2, 3, 0, 0, 0.43%, 0, 0, 1, 383.73
1606743442, 1884, 1, 3, 0, 0, 0.43%, 0, 0, 1, 383.18
1606743447, 1886, 2, 3, 0, 0, 0.43%, 0, 0, 1, 382.85
1606743452, 1889, 1, 3, 0, 0, 0.43%, 0, 0, 1, 383.07
1606743457, 1892, 0, 3, 0, 0, 0.43%, 0, 0, 1, 382.32
1606743462, 1894, 1, 3, 0, 0, 0.43%, 0, 0, 1, 382.94
1606743468, 1897, 0, 3, 0, 0, 0.43%, 0, 0, 1, 383.34
1606743473, 1899, 2, 3, 0, 0, 0.43%, 0, 0, 1, 383.17
1606743478, 1902, 0, 3, 0, 0, 0.43%, 0, 0, 1, 382.71
1606743483, 1904, 2, 3, 0, 0, 0.43%, 0, 0, 1, 382.10
1606743488, 1907, 1, 3, 0, 0, 0.43%, 0, 0, 1, 382.77
1606743493, 1909, 2, 3, 0, 0, 0.43%, 0, 0, 1, 382.62
1606743498, 1912, 1, 3, 0, 0, 0.43%, 0, 0, 1, 382.93
1606743504, 1915, 0, 3, 0, 0, 0.43%, 0, 0, 1, 381.54
1606743509, 1917, 1, 3, 0, 0, 0.43%, 0, 0, 1, 382.74
1606743514, 1920, 0, 3, 0, 0, 0.43%, 0, 0, 1, 382.06
1606743519, 1922, 2, 3, 0, 0, 0.43%, 0, 0, 1, 381.49
1606743524, 1925, 0, 3, 0, 0, 0.43%, 0, 0, 1, 381.73
1606743529, 1927, 2, 3, 0, 0, 0.43%, 0, 0, 1, 380.16
1606743534, 1930, 1, 3, 0, 0, 0.43%, 0, 0, 1, 382.39
1606743539, 1932, 2, 3, 0, 0, 0.43%, 0, 0, 1, 383.16
1606743545, 1935, 1, 3, 0, 0, 0.43%, 0, 0, 1, 383.02
1606743550, 1938, 0, 3, 0, 0, 0.43%, 0, 0, 1, 382.93
1606743555, 1940, 1, 3, 0, 0, 0.43%, 0, 0, 1, 383.19
1606743560, 1943, 0, 3, 0, 0, 0.43%, 0, 0, 1, 383.11
1606743565, 1945, 2, 3, 0, 0, 0.43%, 0, 0, 1, 383.10
1606743570, 1948, 0, 3, 0, 0, 0.43%, 0, 0, 1, 383.09
1606743575, 1950, 2, 3, 0, 0, 0.43%, 0, 0, 1, 382.28
1606743581, 1953, 1, 3, 0, 0, 0.43%, 0, 0, 1, 382.56
1606743586, 1955, 2, 3, 0, 0, 0.43%, 0, 0, 1, 382.27
1606743591, 1958, 1, 3, 0, 0, 0.43%, 0, 0, 1, 382.63
1606743596, 1961, 0, 3, 0, 0, 0.43%, 0, 0, 1, 382.42
1606743601, 1963, 1, 3, 0, 0, 0.43%, 0, 0, 1, 382.95
1606743606, 1966, 0, 3, 0, 0, 0.43%, 0, 0, 1, 383.53
1606743611, 1968, 2, 3, 0, 0, 0.43%, 0, 0, 1, 379.93
1606743616, 1971, 0, 3, 0, 0, 0.43%, 0, 0, 1, 382.43
1606743622, 1973, 2, 3, 0, 0, 0.43%, 0, 0, 1, 382.52
1606743627, 1976, 1, 3, 0, 0, 0.43%, 0, 0, 1, 382.90
1606743632, 1978, 2, 3, 0, 0, 0.43%, 0, 0, 1, 382.82
1606743637, 1981, 1, 3, 0, 0, 0.43%, 0, 0, 1, 382.33
1606743642, 1984, 0, 3, 0, 0, 0.43%, 0, 0, 1, 382.67
1606743647, 1986, 1, 3, 0, 0, 0.43%, 0, 0, 1, 383.09
1606743652, 1989, 0, 3, 0, 0, 0.43%, 0, 0, 1, 380.51
1606743658, 1991, 2, 3, 0, 0, 0.43%, 0, 0, 1, 381.02
1606743663, 1994, 0, 3, 0, 0, 0.43%, 0, 0, 1, 382.71
1606743668, 1996, 2, 3, 0, 0, 0.43%, 0, 0, 1, 382.64
1606743673, 1999, 1, 3, 0, 0, 0.43%, 0, 0, 1, 382.49
1606743678, 2001, 2, 3, 0, 0, 0.43%, 0, 0, 1, 382.95
1606743683, 2004, 1, 3, 0, 0, 0.43%, 0, 0, 1, 382.84
1606743688, 2007, 0, 3, 0, 0, 0.43%, 0, 0, 1, 382.89
1606743693, 2009, 1, 3, 0, 0, 0.43%, 0, 0, 1, 383.03
1606743698, 2012, 0, 3, 0, 0, 0.43%, 0, 0, 1, 382.91
1606743704, 2014, 2, 3, 0, 0, 0.43%, 0, 0, 1, 382.90
1606743709, 2017, 0, 3, 0, 0, 0.43%, 0, 0, 1, 382.58
1606743714, 2019, 2, 3, 0, 0, 0.43%, 0, 0, 1, 382.55
1606743719, 2022, 1, 3, 0, 0, 0.43%, 0, 0, 1, 383.46
1606743724, 2024, 2, 3, 0, 0, 0.43%, 0, 0, 1, 380.82
1606743729, 2027, 1, 3, 0, 0, 0.43%, 0, 0, 1, 381.45
1606743734, 2030, 0, 3, 0, 0, 0.43%, 0, 0, 1, 383.18
1606743740, 2032, 1, 3, 0, 0, 0.43%, 0, 0, 1, 383.16
1606743745, 2035, 0, 3, 0, 0, 0.43%, 0, 0, 1, 384.47
1606743750, 2037, 2, 3, 0, 0, 0.43%, 0, 0, 1, 384.68
1606743755, 2040, 0, 3, 0, 0, 0.43%, 0, 0, 1, 384.38
1606743760, 2042, 2, 3, 0, 0, 0.43%, 0, 0, 1, 384.14
1606743765, 2045, 1, 3, 0, 0, 0.43%, 0, 0, 1, 384.51
1606743771, 2048, 0, 3, 0, 0, 0.43%, 0, 0, 1, 385.03
1606743776, 2050, 1, 3, 0, 0, 0.43%, 0, 0, 1, 383.51
1606743781, 2053, 0, 3, 0, 0, 0.43%, 0, 0, 1, 384.90
1606743786, 2055, 2, 3, 0, 0, 0.43%, 0, 0, 1, 384.89
1606743791, 2058, 1, 3, 0, 0, 0.43%, 0, 0, 1, 385.03
1606743796, 2061, 0, 3, 0, 0, 0.43%, 0, 0, 1, 385.00
1606743802, 2063, 1, 3, 0, 0, 0.43%, 0, 0, 1, 384.51
1606743807, 2066, 0, 3, 0, 0, 0.43%, 0, 0, 1, 384.26
1606743812, 2068, 2, 3, 0, 0, 0.43%, 0, 0, 1, 384.36
1606743817, 2071, 1, 3, 0, 0, 0.43%, 0, 0, 1, 384.22
1606743822, 2073, 2, 3, 0, 0, 0.43%, 0, 0, 1, 385.15
1606743827, 2076, 1, 3, 0, 0, 0.43%, 0, 0, 1, 384.88
1606743832, 2079, 0, 3, 0, 0, 0.43%, 0, 0, 1, 385.08
1606743838, 2081, 1, 3, 0, 0, 0.43%, 0, 0, 1, 384.78
1606743843, 2084, 0, 3, 0, 0, 0.43%, 0, 0, 1, 385.76
1606743848, 2086, 2, 3, 0, 0, 0.43%, 0, 0, 1, 385.32
1606743853, 2089, 1, 3, 0, 0, 0.43%, 0, 0, 1, 385.02
1606743858, 2091, 2, 3, 0, 0, 0.43%, 0, 0, 1, 385.09
1606743863, 2094, 1, 3, 0, 0, 0.43%, 0, 0, 1, 385.87
1606743868, 2097, 0, 3, 0, 0, 0.43%, 0, 0, 1, 385.32
1606743873, 2099, 1, 3, 0, 0, 0.43%, 0, 0, 1, 384.46
1606743879, 2102, 0, 3, 0, 0, 0.43%, 0, 0, 1, 384.74
1606743884, 2104, 2, 3, 0, 0, 0.43%, 0, 0, 1, 384.66
1606743889, 2107, 1, 3, 0, 0, 0.43%, 0, 0, 1, 385.14
1606743894, 2109, 2, 3, 0, 0, 0.43%, 0, 0, 1, 384.53
1606743899, 2112, 1, 3, 0, 0, 0.43%, 0, 0, 1, 383.77
1606743904, 2115, 0, 3, 0, 0, 0.43%, 0, 0, 1, 384.26
1606743910, 2117, 2, 3, 0, 0, 0.43%, 0, 0, 1, 384.95
1606743915, 2120, 0, 3, 0, 0, 0.43%, 0, 0, 1, 384.90
1606743920, 2122, 2, 3, 0, 0, 0.43%, 0, 0, 1, 385.36
1606743925, 2125, 1, 3, 0, 0, 0.43%, 0, 0, 1, 385.38
1606743930, 2128, 0, 3, 0, 0, 0.43%, 0, 0, 1, 385.22
1606743935, 2130, 1, 3, 0, 0, 0.43%, 0, 0, 1, 384.26
1606743940, 2133, 0, 3, 0, 0, 0.43%, 0, 0, 1, 384.07
1606743945, 2135, 2, 3, 0, 0, 0.43%, 0, 0, 1, 384.65
1606743951, 2138, 0, 3, 0, 0, 0.43%, 0, 0, 1, 385.20
1606743956, 2140, 2, 3, 0, 0, 0.43%, 0, 0, 1, 385.66
1606743961, 2143, 1, 3, 0, 0, 0.43%, 0, 0, 1, 384.69
1606743966, 2145, 2, 3, 0, 0, 0.43%, 0, 0, 1, 384.26
1606743971, 2148, 1, 3, 0, 0, 0.43%, 0, 0, 1, 383.13
1606743976, 2151, 0, 3, 0, 0, 0.43%, 0, 0, 1, 383.92
1606743981, 2153, 1, 3, 0, 0, 0.43%, 0, 0, 1, 384.70
1606743986, 2156, 0, 3, 0, 0, 0.43%, 0, 0, 1, 384.25
1606743992, 2158, 2, 3, 0, 0, 0.43%, 0, 0, 1, 384.00
1606743997, 2161, 1, 3, 0, 0, 0.43%, 0, 0, 1, 384.31
1606744002, 2164, 0, 3, 0, 0, 0.43%, 0, 0, 1, 384.74
1606744007, 2166, 1, 3, 0, 0, 0.43%, 0, 0, 1, 384.53
1606744012, 2169, 0, 3, 0, 0, 0.43%, 0, 0, 1, 383.20
1606744017, 2171, 2, 3, 0, 0, 0.43%, 0, 0, 1, 384.25
1606744023, 2174, 0, 3, 0, 0, 0.43%, 0, 0, 1, 383.46
1606744028, 2176, 2, 3, 0, 0, 0.43%, 0, 0, 1, 383.92
1606744033, 2179, 1, 3, 0, 0, 0.43%, 0, 0, 1, 383.77
1606744038, 2182, 0, 3, 0, 0, 0.43%, 0, 0, 1, 384.13
1606744043, 2184, 1, 3, 0, 0, 0.43%, 0, 0, 1, 384.09
1606744048, 2187, 0, 3, 0, 0, 0.43%, 0, 0, 1, 383.85
1606744054, 2189, 2, 3, 0, 0, 0.43%, 0, 0, 1, 383.90
1606744059, 2192, 1, 3, 0, 0, 0.43%, 0, 0, 1, 383.88
1606744064, 2194, 2, 3, 0, 0, 0.43%, 0, 0, 1, 384.34
1606744069, 2197, 1, 3, 0, 0, 0.43%, 0, 0, 1, 383.87
1606744074, 2200, 0, 3, 0, 0, 0.43%, 0, 0, 1, 383.55
1606744079, 2202, 1, 3, 0, 0, 0.43%, 0, 0, 1, 384.51
1606744084, 2205, 0, 3, 0, 0, 0.43%, 0, 0, 1, 384.35
1606744090, 2207, 2, 3, 0, 0, 0.43%, 0, 0, 1, 384.06
1606744095, 2210, 1, 3, 0, 0, 0.43%, 0, 0, 1, 383.83
1606744100, 2212, 2, 3, 0, 0, 0.43%, 0, 0, 1, 384.19
1606744105, 2215, 1, 3, 0, 0, 0.43%, 0, 0, 1, 384.13
1606744110, 2218, 0, 3, 0, 0, 0.43%, 0, 0, 1, 383.99
1606744115, 2220, 1, 3, 0, 0, 0.43%, 0, 0, 1, 383.60
1606744120, 2223, 0, 3, 0, 0, 0.43%, 0, 0, 1, 384.56
1606744126, 2225, 2, 3, 0, 0, 0.43%, 0, 0, 1, 384.37
1606744131, 2228, 1, 3, 0, 0, 0.43%, 0, 0, 1, 384.20
1606744136, 2231, 0, 3, 0, 0, 0.43%, 0, 0, 1, 382.71
1606744141, 2233, 1, 3, 0, 0, 0.43%, 0, 0, 1, 383.14
1606744146, 2236, 0, 3, 0, 0, 0.43%, 0, 0, 1, 382.69
1606744151, 2238, 2, 3, 0, 0, 0.43%, 0, 0, 1, 382.87
1606744157, 2241, 0, 3, 0, 0, 0.43%, 0, 0, 1, 383.48
1606744162, 2243, 2, 3, 0, 0, 0.43%, 0, 0, 1, 383.73
1606744167, 2246, 1, 3, 0, 0, 0.43%, 0, 0, 1, 383.62
1606744172, 2249, 0, 3, 0, 0, 0.43%, 0, 0, 1, 384.31
1606744177, 2251, 1, 3, 0, 0, 0.43%, 0, 0, 1, 384.15
1606744182, 2254, 0, 3, 0, 0, 0.43%, 0, 0, 1, 384.33
1606744188, 2256, 2, 3, 0, 0, 0.43%, 0, 0, 1, 383.81
1606744193, 2259, 0, 3, 0, 0, 0.43%, 0, 0, 1, 384.33
1606744198, 2261, 2, 3, 0, 0, 0.43%, 0, 0, 1, 383.99
1606744203, 2264, 1, 3, 0, 0, 0.43%, 0, 0, 1, 385.46
1606744208, 2266, 2, 3, 0, 0, 0.43%, 0, 0, 1, 385.15
1606744213, 2269, 1, 3, 0, 0, 0.43%, 0, 0, 1, 383.73
1606744218, 2272, 0, 3, 0, 0, 0.43%, 0, 0, 1, 384.91
1606744223, 2274, 1, 3, 0, 0, 0.43%, 0, 0, 1, 384.66
1606744228, 2277, 0, 3, 0, 0, 0.43%, 0, 0, 1, 384.67
1606744233, 2279, 2, 3, 0, 0, 0.43%, 0, 0, 1, 383.84
1606744239, 2282, 1, 3, 0, 0, 0.43%, 0, 0, 1, 383.90
1606744244, 2284, 2, 3, 0, 0, 0.43%, 0, 0, 1, 384.33
1606744249, 2287, 1, 3, 0, 0, 0.43%, 0, 0, 1, 384.15
1606744254, 2290, 0, 3, 0, 0, 0.43%, 0, 0, 1, 384.44
1606744259, 2292, 1, 3, 0, 0, 0.43%, 0, 0, 1, 384.08
1606744264, 2295, 0, 3, 0, 0, 0.43%, 0, 0, 1, 383.20
1606744269, 2297, 2, 3, 0, 0, 0.43%, 0, 0, 1, 383.70
1606744274, 2300, 0, 3, 0, 0, 0.43%, 0, 0, 1, 384.21
1606744280, 2302, 2, 3, 0, 0, 0.43%, 0, 0, 1, 385.10
1606744285, 2305, 1, 3, 0, 0, 0.43%, 0, 0, 1, 384.66
1606744290, 2307, 2, 3, 0, 0, 0.43%, 0, 0, 1, 383.94
1606744295, 2310, 1, 3, 0, 0, 0.43%, 0, 0, 1, 383.36
1606744300, 2313, 0, 3, 0, 0, 0.43%, 0, 0, 1, 384.30
1606744305, 2315, 2, 3, 0, 0, 0.43%, 0, 0, 1, 384.72
1606744311, 2318, 0, 3, 0, 0, 0.43%, 0, 0, 1, 383.72
1606744316, 2320, 2, 3, 0, 0, 0.43%, 0, 0, 1, 385.44
1606744321, 2323, 1, 3, 0, 0, 0.43%, 0, 0, 1, 385.26
1606744326, 2325, 2, 3, 0, 0, 0.43%, 0, 0, 1, 384.98
1606744331, 2328, 1, 3, 0, 0, 0.43%, 0, 0, 1, 381.82
1606744336, 2331, 0, 3, 0, 0, 0.43%, 0, 0, 1, 384.11
1606744341, 2333, 2, 3, 0, 0, 0.43%, 0, 0, 1, 384.81
1606744346, 2336, 0, 3, 0, 0, 0.43%, 0, 0, 1, 385.47
1606744352, 2338, 2, 3, 0, 0, 0.43%, 0, 0, 1, 385.48
1606744357, 2341, 1, 3, 0, 0, 0.43%, 0, 0, 1, 384.84
1606744362, 2343, 2, 3, 0, 0, 0.43%, 0, 0, 1, 384.42
1606744367, 2346, 1, 3, 0, 0, 0.43%, 0, 0, 1, 384.78
1606744372, 2349, 0, 3, 0, 0, 0.43%, 0, 0, 1, 384.93
1606744377, 2351, 1, 3, 0, 0, 0.43%, 0, 0, 1, 383.45
1606744382, 2354, 0, 3, 0, 0, 0.43%, 0, 0, 1, 383.11
1606744387, 2356, 2, 3, 0, 0, 0.43%, 0, 0, 1, 382.43
1606744393, 2359, 1, 3, 0, 0, 0.43%, 0, 0, 1, 384.18
1606744398, 2361, 2, 3, 0, 0, 0.43%, 0, 0, 1, 384.25
1606744403, 2364, 1, 3, 0, 0, 0.43%, 0, 0, 1, 385.23
1606744408, 2367, 0, 3, 0, 0, 0.43%, 0, 0, 1, 382.92
1606744413, 2369, 1, 3, 0, 0, 0.43%, 0, 0, 1, 383.88
1606744418, 2372, 0, 3, 0, 0, 0.43%, 0, 0, 1, 383.71
1606744423, 2374, 2, 3, 0, 0, 0.43%, 0, 0, 1, 382.53
1606744428, 2377, 0, 3, 0, 0, 0.43%, 0, 0, 1, 383.70
1606744433, 2379, 2, 3, 0, 0, 0.43%, 0, 0, 1, 384.95
1606744439, 2382, 1, 3, 0, 0, 0.43%, 0, 0, 1, 385.12
1606744444, 2384, 2, 3, 0, 0, 0.43%, 0, 0, 1, 381.89
1606744449, 2387, 1, 3, 0, 0, 0.43%, 0, 0, 1, 382.62
1606744454, 2390, 0, 3, 0, 0, 0.43%, 0, 0, 1, 382.27
1606744459, 2392, 2, 3, 0, 0, 0.43%, 0, 0, 1, 382.99
1606744464, 2395, 0, 3, 0, 0, 0.43%, 0, 0, 1, 383.06
1606744469, 2397, 2, 3, 0, 0, 0.43%, 0, 0, 1, 382.92
1606744475, 2400, 1, 3, 0, 0, 0.43%, 0, 0, 1, 383.17
1606744480, 2402, 2, 3, 0, 0, 0.43%, 0, 0, 1, 383.27
1606744485, 2405, 1, 3, 0, 0, 0.43%, 0, 0, 1, 382.18
1606744490, 2408, 0, 3, 0, 0, 0.43%, 0, 0, 1, 382.60
1606744495, 2410, 2, 3, 0, 0, 0.43%, 0, 0, 1, 382.69
1606744501, 2413, 0, 3, 0, 0, 0.43%, 0, 0, 1, 382.34
1606744506, 2415, 2, 3, 0, 0, 0.43%, 0, 0, 1, 381.63
1606744511, 2418, 1, 3, 0, 0, 0.43%, 0, 0, 1, 380.49
1606744516, 2420, 2, 3, 0, 0, 0.43%, 0, 0, 1, 380.70
1606744521, 2423, 1, 3, 0, 0, 0.43%, 0, 0, 1, 381.68
1606744526, 2426, 0, 3, 0, 0, 0.43%, 0, 0, 1, 381.80
1606744532, 2428, 1, 3, 0, 0, 0.43%, 0, 0, 1, 373.16
1606744537, 2431, 0, 3, 0, 0, 0.43%, 0, 0, 1, 379.08
1606744542, 2433, 2, 3, 0, 0, 0.43%, 0, 0, 1, 380.31
1606744547, 2436, 0, 3, 0, 0, 0.43%, 0, 0, 1, 380.54
1606744552, 2438, 2, 3, 0, 0, 0.43%, 0, 0, 1, 380.66
1606744557, 2441, 1, 3, 0, 0, 0.43%, 0, 0, 1, 381.08
1606744563, 2443, 2, 3, 0, 0, 0.43%, 0, 0, 1, 380.84
1606744568, 2446, 0, 3, 0, 0, 0.43%, 0, 0, 1, 312.00
1606748112, 2447, 1, 3, 0, 0, 0.43%, 0, 0, 1, 0.00
1606748117, 2449, 2, 3, 0, 0, 0.43%, 0, 0, 1, 357.79
1606748122, 2452, 0, 3, 0, 0, 0.43%, 0, 0, 1, 372.95
1606748127, 2454, 2, 3, 0, 0, 0.43%, 0, 0, 1, 393.10
1606748132, 2457, 1, 3, 0, 0, 0.43%, 0, 0, 1, 398.45
1606748137, 2460, 0, 3, 0, 0, 0.43%, 0, 0, 1, 403.30
1606748142, 2462, 2, 3, 0, 0, 0.43%, 0, 0, 1, 401.78
1606748147, 2465, 0, 3, 0, 0, 0.43%, 0, 0, 1, 394.03
1606748152, 2467, 2, 3, 0, 0, 0.43%, 0, 0, 1, 400.99
1606748157, 2470, 1, 3, 0, 0, 0.43%, 0, 0, 1, 398.44
1606748162, 2473, 0, 3, 0, 0, 0.43%, 0, 0, 1, 393.15
1606748168, 2475, 2, 3, 0, 0, 0.43%, 0, 0, 1, 396.80
1606748173, 2478, 1, 3, 0, 0, 0.43%, 0, 0, 1, 392.26
1606748178, 2480, 2, 3, 0, 0, 0.43%, 0, 0, 1, 391.99
1606748183, 2483, 1, 3, 0, 0, 0.43%, 0, 0, 1, 389.81
1606748188, 2486, 0, 3, 0, 0, 0.43%, 0, 0, 1, 402.01
1606748193, 2488, 2, 3, 0, 0, 0.43%, 0, 0, 1, 402.42
1606748198, 2491, 1, 3, 0, 0, 0.43%, 0, 0, 1, 402.78
1606748203, 2494, 0, 3, 0, 0, 0.43%, 0, 0, 1, 402.39
1606748208, 2496, 2, 3, 0, 0, 0.43%, 0, 0, 1, 403.03
1606748213, 2499, 1, 3, 0, 0, 0.43%, 0, 0, 1, 399.38
1606748218, 2502, 0, 3, 0, 0, 0.43%, 0, 0, 1, 396.19
1606748224, 2504, 2, 3, 0, 0, 0.43%, 0, 0, 1, 402.29
1606748229, 2507, 1, 3, 0, 0, 0.43%, 0, 0, 1, 392.10
1606748234, 2509, 2, 3, 0, 0, 0.43%, 0, 0, 1, 385.54
1606748239, 2512, 1, 3, 0, 0, 0.43%, 0, 0, 1, 394.44
1606748244, 2515, 0, 3, 0, 0, 0.43%, 0, 0, 1, 393.79
1606748249, 2517, 2, 3, 0, 0, 0.43%, 0, 0, 1, 390.60
1606748254, 2520, 1, 3, 0, 0, 0.43%, 0, 0, 1, 384.70
1606748259, 2522, 1, 3, 0, 0, 0.43%, 0, 0, 1, 342.51
1606748264, 2525, 0, 3, 0, 0, 0.43%, 0, 0, 1, 371.16
1606748269, 2527, 1, 3, 0, 0, 0.43%, 0, 0, 1, 384.20
1606748275, 2530, 0, 3, 0, 0, 0.43%, 0, 0, 1, 373.42
1606748280, 2532, 1, 3, 0, 0, 0.43%, 0, 0, 1, 379.33
1606748285, 2535, 0, 3, 0, 0, 0.43%, 0, 0, 1, 387.79
1606748290, 2537, 2, 3, 0, 0, 0.43%, 0, 0, 1, 391.04
1606748295, 2540, 1, 3, 0, 0, 0.43%, 0, 0, 1, 391.85
1606748300, 2542, 2, 3, 0, 0, 0.43%, 0, 0, 1, 392.73
1606748305, 2545, 1, 3, 0, 0, 0.43%, 0, 0, 1, 392.02
1606748310, 2548, 0, 3, 0, 0, 0.43%, 0, 0, 1, 388.37
1606748315, 2550, 1, 3, 0, 0, 0.43%, 0, 0, 1, 385.43
1606748320, 2552, 2, 3, 0, 0, 0.43%, 0, 0, 1, 365.09
1606748325, 2555, 1, 3, 0, 0, 0.43%, 0, 0, 1, 381.04
1606748330, 2557, 2, 3, 0, 0, 0.43%, 0, 0, 1, 369.34
1606748335, 2560, 1, 3, 0, 0, 0.43%, 0, 0, 1, 377.29
1606748340, 2562, 2, 3, 0, 0, 0.43%, 0, 0, 1, 367.93
1606748345, 2565, 0, 3, 0, 0, 0.43%, 0, 0, 1, 374.95
1606748350, 2567, 2, 3, 0, 0, 0.43%, 0, 0, 1, 384.85
1606748355, 2570, 1, 3, 0, 0, 0.43%, 0, 0, 1, 379.42
1606748360, 2572, 2, 3, 0, 0, 0.43%, 0, 0, 1, 366.08
1606748366, 2575, 0, 3, 0, 0, 0.43%, 0, 0, 1, 358.29
1606748371, 2577, 1, 3, 0, 0, 0.43%, 0, 0, 1, 363.77
1606748376, 2580, 0, 3, 0, 0, 0.43%, 0, 0, 1, 377.19
1606748381, 2582, 1, 3, 0, 0, 0.43%, 0, 0, 1, 375.14
1606748386, 2584, 2, 3, 0, 0, 0.43%, 0, 0, 1, 375.18
1606748391, 2587, 1, 3, 0, 0, 0.43%, 0, 0, 1, 364.68
1606748396, 2589, 2, 3, 0, 0, 0.43%, 0, 0, 1, 367.81
1606748401, 2592, 0, 3, 0, 0, 0.43%, 0, 0, 1, 381.98
1606748406, 2594, 2, 3, 0, 0, 0.43%, 0, 0, 1, 385.61
1606748411, 2597, 0, 3, 0, 0, 0.43%, 0, 0, 1, 378.83
1606748416, 2599, 2, 3, 0, 0, 0.43%, 0, 0, 1, 362.03
1606748421, 2602, 0, 3, 0, 0, 0.43%, 0, 0, 1, 377.86
1606748426, 2604, 2, 3, 0, 0, 0.43%, 0, 0, 1, 387.43
1606748431, 2607, 1, 3, 0, 0, 0.43%, 0, 0, 1, 382.47
1606748436, 2609, 2, 3, 0, 0, 0.43%, 0, 0, 1, 374.24
1606748442, 2612, 1, 3, 0, 0, 0.43%, 0, 0, 1, 384.01
1606748447, 2614, 2, 3, 0, 0, 0.43%, 0, 0, 1, 389.21
1606748452, 2617, 1, 3, 0, 0, 0.43%, 0, 0, 1, 390.53
1606748457, 2620, 0, 3, 0, 0, 0.43%, 0, 0, 1, 391.52
1606748462, 2622, 2, 3, 0, 0, 0.43%, 0, 0, 1, 391.89
1606748467, 2625, 0, 3, 0, 0, 0.43%, 0, 0, 1, 382.78
1606748472, 2627, 1, 3, 0, 0, 0.43%, 0, 0, 1, 364.82
1606748477, 2630, 0, 3, 0, 0, 0.43%, 0, 0, 1, 377.33
1606748482, 2632, 1, 3, 0, 0, 0.43%, 0, 0, 1, 383.74
1606748487, 2635, 0, 3, 0, 0, 0.43%, 0, 0, 1, 383.00
1606748492, 2637, 1, 3, 0, 0, 0.43%, 0, 0, 1, 382.84
1606748497, 2640, 0, 3, 0, 0, 0.43%, 0, 0, 1, 382.81
1606748502, 2642, 1, 3, 0, 0, 0.43%, 0, 0, 1, 382.83
1606748507, 2645, 0, 3, 0, 0, 0.43%, 0, 0, 1, 373.29
1606748512, 2647, 1, 3, 0, 0, 0.43%, 0, 0, 1, 381.08
1606748517, 2650, 0, 3, 0, 0, 0.43%, 0, 0, 1, 385.79
1606748522, 2652, 1, 3, 0, 0, 0.43%, 0, 0, 1, 385.61
1606748527, 2655, 0, 3, 0, 0, 0.43%, 0, 0, 1, 385.49
1606748533, 2657, 2, 3, 0, 0, 0.43%, 0, 0, 1, 386.80
1606748538, 2660, 0, 3, 0, 0, 0.43%, 0, 0, 1, 384.91
1606748543, 2662, 2, 3, 0, 0, 0.43%, 0, 0, 1, 383.83
1606748548, 2665, 0, 3, 0, 0, 0.43%, 0, 0, 1, 375.20
1606748553, 2667, 2, 3, 0, 0, 0.43%, 0, 0, 1, 377.81
1606748558, 2670, 0, 3, 0, 0, 0.43%, 0, 0, 1, 379.94
1606748563, 2672, 2, 3, 0, 0, 0.43%, 0, 0, 1, 375.92
1606748568, 2675, 0, 3, 0, 0, 0.43%, 0, 0, 1, 377.31
1606748573, 2677, 2, 3, 0, 0, 0.43%, 0, 0, 1, 379.53
1606748578, 2680, 1, 3, 0, 0, 0.43%, 0, 0, 1, 387.95
1606748583, 2682, 2, 3, 0, 0, 0.43%, 0, 0, 1, 385.82
1606748588, 2685, 1, 3, 0, 0, 0.43%, 0, 0, 1, 383.70
1606748594, 2687, 2, 3, 0, 0, 0.43%, 0, 0, 1, 377.78
1606748599, 2690, 1, 3, 0, 0, 0.43%, 0, 0, 1, 385.35
1606748604, 2693, 0, 3, 0, 0, 0.43%, 0, 0, 1, 388.05
1606748609, 2695, 1, 3, 0, 0, 0.43%, 0, 0, 1, 388.73
1606748614, 2697, 2, 3, 0, 0, 0.43%, 0, 0, 1, 316.47
1606748619, 2699, 1, 3, 0, 0, 0.43%, 0, 0, 1, 292.82
1606748624, 2701, 1, 3, 0, 0, 0.43%, 0, 0, 1, 289.83
1606748629, 2703, 1, 3, 0, 0, 0.43%, 0, 0, 1, 290.56
1606748634, 2705, 1, 3, 0, 0, 0.43%, 0, 0, 1, 286.97
1606748640, 2708, 0, 3, 0, 0, 0.43%, 0, 0, 1, 363.94
1606748645, 2710, 1, 3, 0, 0, 0.43%, 0, 0, 1, 378.68
1606748650, 2713, 0, 3, 0, 0, 0.43%, 0, 0, 1, 383.63
1606748655, 2715, 1, 3, 0, 0, 0.43%, 0, 0, 1, 385.91
1606748660, 2718, 0, 3, 0, 0, 0.43%, 0, 0, 1, 385.29
1606748665, 2720, 2, 3, 0, 0, 0.43%, 0, 0, 1, 385.37
1606748670, 2723, 1, 3, 0, 0, 0.43%, 0, 0, 1, 381.93
1606748675, 2725, 2, 3, 0, 0, 0.43%, 0, 0, 1, 385.77
1606748681, 2728, 1, 3, 0, 0, 0.43%, 0, 0, 1, 388.89
1606748686, 2731, 0, 3, 0, 0, 0.43%, 0, 0, 1, 384.17
1606748691, 2733, 1, 3, 0, 0, 0.43%, 0, 0, 1, 376.68
1606748696, 2736, 0, 3, 0, 0, 0.43%, 0, 0, 1, 383.85
1606748701, 2738, 2, 3, 0, 0, 0.43%, 0, 0, 1, 376.43
1606748706, 2741, 0, 3, 0, 0, 0.43%, 0, 0, 1, 378.69
1606748711, 2743, 1, 3, 0, 0, 0.43%, 0, 0, 1, 364.32
1606748716, 2745, 2, 3, 0, 0, 0.43%, 0, 0, 1, 354.77
1606748721, 2748, 1, 3, 0, 0, 0.43%, 0, 0, 1, 374.89
1606748726, 2750, 2, 3, 0, 0, 0.43%, 0, 0, 1, 373.07
1606748731, 2753, 0, 3, 0, 0, 0.43%, 0, 0, 1, 363.92
1606748737, 2755, 2, 3, 0, 0, 0.43%, 0, 0, 1, 370.21
1606748742, 2758, 0, 3, 0, 0, 0.43%, 0, 0, 1, 381.07
1606748747, 2760, 2, 3, 0, 0, 0.43%, 0, 0, 1, 377.13
1606748752, 2763, 0, 3, 0, 0, 0.43%, 0, 0, 1, 374.04
1606748757, 2765, 2, 3, 0, 0, 0.43%, 0, 0, 1, 373.99
1606748762, 2768, 1, 3, 0, 0, 0.43%, 0, 0, 1, 370.48
1606748767, 2770, 2, 3, 0, 0, 0.43%, 0, 0, 1, 364.61
1606748772, 2773, 0, 3, 0, 0, 0.43%, 0, 0, 1, 353.45
1606748777, 2775, 1, 3, 0, 0, 0.43%, 0, 0, 1, 370.00
1606748782, 2777, 2, 3, 0, 0, 0.43%, 0, 0, 1, 358.98
1606748787, 2780, 0, 3, 0, 0, 0.43%, 0, 0, 1, 369.63
1606748792, 2782, 2, 3, 0, 0, 0.43%, 0, 0, 1, 366.32
1606748797, 2785, 0, 3, 0, 0, 0.43%, 0, 0, 1, 369.15
1606748803, 2787, 1, 3, 0, 0, 0.43%, 0, 0, 1, 346.24
1606748808, 2789, 2, 3, 0, 0, 0.43%, 0, 0, 1, 368.57
1606748813, 2792, 0, 3, 0, 0, 0.43%, 0, 0, 1, 352.20
1606748818, 2794, 1, 3, 0, 0, 0.43%, 0, 0, 1, 366.88
1606748823, 2796, 2, 3, 0, 0, 0.43%, 0, 0, 1, 362.71
1606748828, 2799, 1, 3, 0, 0, 0.43%, 0, 0, 1, 362.89
1606748833, 2801, 2, 3, 0, 0, 0.43%, 0, 0, 1, 361.14
1606748838, 2804, 0, 3, 0, 0, 0.43%, 0, 0, 1, 360.75
1606748843, 2806, 1, 3, 0, 0, 0.43%, 0, 0, 1, 351.03
1606748848, 2808, 1, 3, 0, 0, 0.43%, 0, 0, 1, 352.98
1606748853, 2811, 0, 3, 0, 0, 0.43%, 0, 0, 1, 360.75
1606748858, 2813, 1, 3, 0, 0, 0.43%, 0, 0, 1, 359.73
1606748863, 2815, 2, 3, 0, 0, 0.43%, 0, 0, 1, 364.38
1606748868, 2818, 0, 3, 0, 0, 0.43%, 0, 0, 1, 361.64
1606748873, 2820, 1, 3, 0, 0, 0.43%, 0, 0, 1, 364.67
1606748878, 2822, 2, 3, 0, 0, 0.43%, 0, 0, 1, 361.58
1606748883, 2825, 1, 3, 0, 0, 0.43%, 0, 0, 1, 364.30
1606748888, 2827, 2, 3, 0, 0, 0.43%, 0, 0, 1, 357.17
1606748893, 2830, 0, 3, 0, 0, 0.43%, 0, 0, 1, 349.79
1606748898, 2832, 1, 3, 0, 0, 0.43%, 0, 0, 1, 360.33
1606748904, 2834, 2, 3, 0, 0, 0.43%, 0, 0, 1, 350.63
1606748909, 2837, 0, 3, 0, 0, 0.43%, 0, 0, 1, 362.75
1606748914, 2839, 1, 3, 0, 0, 0.43%, 0, 0, 1, 357.23
1606748919, 2841, 1, 3, 0, 0, 0.43%, 0, 0, 1, 345.07
1606748924, 2844, 0, 3, 0, 0, 0.43%, 0, 0, 1, 359.92
1606748929, 2845, 2, 3, 0, 0, 0.43%, 0, 0, 1, 285.51
1606748934, 2848, 0, 3, 0, 0, 0.43%, 0, 0, 1, 339.43
1606748939, 2850, 1, 3, 0, 0, 0.43%, 0, 0, 1, 360.63
1606748944, 2852, 2, 3, 0, 0, 0.43%, 0, 0, 1, 359.88
1606748949, 2855, 1, 3, 0, 0, 0.43%, 0, 0, 1, 371.06
1606748955, 2857, 2, 3, 0, 0, 0.43%, 0, 0, 1, 355.21
1606748960, 2860, 0, 3, 0, 0, 0.43%, 0, 0, 1, 350.64
1606748965, 2862, 2, 3, 0, 0, 0.43%, 0, 0, 1, 361.61
1606748970, 2865, 0, 3, 0, 0, 0.43%, 0, 0, 1, 365.15
1606748975, 2867, 1, 3, 0, 0, 0.43%, 0, 0, 1, 364.57
1606748980, 2869, 2, 3, 0, 0, 0.43%, 0, 0, 1, 365.08
1606748985, 2872, 0, 3, 0, 0, 0.43%, 0, 0, 1, 354.06
1606748990, 2874, 1, 3, 0, 0, 0.43%, 0, 0, 1, 356.36
1606748995, 2876, 2, 3, 0, 0, 0.43%, 0, 0, 1, 337.20
1606749000, 2879, 0, 3, 0, 0, 0.43%, 0, 0, 1, 335.55
1606749006, 2881, 0, 3, 0, 0, 0.43%, 0, 0, 1, 346.02
1606749011, 2883, 1, 3, 0, 0, 0.43%, 0, 0, 1, 346.54
1606749016, 2885, 2, 3, 0, 0, 0.43%, 0, 0, 1, 338.28
1606749021, 2888, 0, 3, 0, 0, 0.43%, 0, 0, 1, 344.84
1606749026, 2890, 1, 3, 0, 0, 0.43%, 0, 0, 1, 349.58
1606749031, 2892, 2, 3, 0, 0, 0.43%, 0, 0, 1, 340.54
1606749036, 2895, 0, 3, 0, 0, 0.43%, 0, 0, 1, 348.40
1606749041, 2897, 1, 3, 0, 0, 0.43%, 0, 0, 1, 355.73
1606749046, 2899, 2, 3, 0, 0, 0.43%, 0, 0, 1, 349.25
1606749052, 2902, 0, 3, 0, 0, 0.43%, 0, 0, 1, 344.58
1606749057, 2904, 1, 3, 0, 0, 0.43%, 0, 0, 1, 354.58
1606749062, 2906, 2, 3, 0, 0, 0.43%, 0, 0, 1, 355.24
1606749067, 2909, 0, 3, 0, 0, 0.43%, 0, 0, 1, 358.71
1606749072, 2911, 1, 3, 0, 0, 0.43%, 0, 0, 1, 358.56
1606749077, 2913, 2, 3, 0, 0, 0.43%, 0, 0, 1, 356.46
1606749082, 2916, 0, 3, 0, 0, 0.43%, 0, 0, 1, 358.28
1606749087, 2918, 1, 3, 0, 0, 0.43%, 0, 0, 1, 345.14
1606749092, 2920, 2, 3, 0, 0, 0.43%, 0, 0, 1, 354.49
1606749097, 2923, 0, 3, 0, 0, 0.43%, 0, 0, 1, 357.37
1606749102, 2925, 1, 3, 0, 0, 0.43%, 0, 0, 1, 360.02
1606749107, 2927, 2, 3, 0, 0, 0.43%, 0, 0, 1, 356.24
1606749112, 2930, 0, 3, 0, 0, 0.43%, 0, 0, 1, 353.33
1606749117, 2932, 1, 3, 0, 0, 0.43%, 0, 0, 1, 360.39
1606749122, 2934, 2, 3, 0, 0, 0.43%, 0, 0, 1, 361.12
1606749127, 2937, 0, 3, 0, 0, 0.43%, 0, 0, 1, 353.05
1606749132, 2939, 1, 3, 0, 0, 0.43%, 0, 0, 1, 357.49
1606749137, 2941, 2, 3, 0, 0, 0.43%, 0, 0, 1, 353.05
1606749142, 2944, 0, 3, 0, 0, 0.43%, 0, 0, 1, 347.14
1606749148, 2946, 1, 3, 0, 0, 0.43%, 0, 0, 1, 355.44
1606749153, 2948, 2, 3, 0, 0, 0.43%, 0, 0, 1, 352.59
1606749158, 2951, 0, 3, 0, 0, 0.43%, 0, 0, 1, 359.01
1606749163, 2953, 2, 3, 0, 0, 0.43%, 0, 0, 1, 362.35
1606749168, 2955, 2, 3, 0, 0, 0.43%, 0, 0, 1, 354.33
1606749173, 2958, 1, 3, 0, 0, 0.43%, 0, 0, 1, 357.43
1606749178, 2960, 2, 3, 0, 0, 0.43%, 0, 0, 1, 360.04
1606749183, 2963, 0, 3, 0, 0, 0.43%, 0, 0, 1, 359.46
1606749188, 2965, 1, 3, 0, 0, 0.43%, 0, 0, 1, 363.43
1606749193, 2967, 2, 3, 0, 0, 0.43%, 0, 0, 1, 363.37
1606749198, 2970, 0, 3, 0, 0, 0.43%, 0, 0, 1, 363.77
1606749203, 2972, 1, 3, 0, 0, 0.43%, 0, 0, 1, 360.41
1606749208, 2974, 2, 3, 0, 0, 0.43%, 0, 0, 1, 357.70
1606749213, 2977, 0, 3, 0, 0, 0.43%, 0, 0, 1, 357.06
1606749218, 2979, 1, 3, 0, 0, 0.43%, 0, 0, 1, 358.61
1606749223, 2981, 2, 3, 0, 0, 0.43%, 0, 0, 1, 361.69
1606749228, 2984, 1, 3, 0, 0, 0.43%, 0, 0, 1, 352.54
1606749233, 2986, 2, 3, 0, 0, 0.43%, 0, 0, 1, 354.04
1606749238, 2988, 2, 3, 0, 0, 0.43%, 0, 0, 1, 351.32
1606749244, 2991, 1, 3, 0, 0, 0.43%, 0, 0, 1, 350.66
1606749249, 2993, 2, 3, 0, 0, 0.43%, 0, 0, 1, 344.76
1606749254, 2996, 0, 3, 0, 0, 0.43%, 0, 0, 1, 351.89
1606749259, 2998, 1, 3, 0, 0, 0.43%, 0, 0, 1, 352.95
1606749264, 3000, 2, 3, 0, 0, 0.43%, 0, 0, 1, 361.33
1606749269, 3003, 0, 3, 0, 0, 0.43%, 0, 0, 1, 360.40
1606749274, 3005, 1, 3, 0, 0, 0.43%, 0, 0, 1, 356.77
1606749279, 3007, 2, 3, 0, 0, 0.43%, 0, 0, 1, 360.00
1606749284, 3010, 0, 3, 0, 0, 0.43%, 0, 0, 1, 361.42
1606749289, 3012, 1, 3, 0, 0, 0.43%, 0, 0, 1, 355.95
1606749294, 3014, 2, 3, 0, 0, 0.43%, 0, 0, 1, 356.33
1606749299, 3017, 0, 3, 0, 0, 0.43%, 0, 0, 1, 353.23
1606749305, 3019, 1, 3, 0, 0, 0.43%, 0, 0, 1, 348.87
1606749310, 3021, 2, 3, 0, 0, 0.43%, 0, 0, 1, 353.33
1606749315, 3024, 0, 3, 0, 0, 0.43%, 0, 0, 1, 358.71
1606749320, 3026, 1, 3, 0, 0, 0.43%, 0, 0, 1, 356.31
1606749325, 3028, 2, 3, 0, 0, 0.43%, 0, 0, 1, 354.02
1606749330, 3031, 0, 3, 0, 0, 0.43%, 0, 0, 1, 360.40
1606749335, 3033, 2, 3, 0, 0, 0.43%, 0, 0, 1, 357.15
