# unix_time, cycles_done, cur_path, paths_total, pending_total, pending_favs, map_size, unique_crashes, unique_hangs, max_depth, execs_per_sec
1606739510, 0, 0, 3, 3, 1, 0.43%, 0, 0, 1, 470.59
1606739515, 3, 2, 3, 0, 0, 0.43%, 0, 0, 1, 498.02
1606739521, 7, 0, 3, 0, 0, 0.43%, 0, 0, 1, 505.28
1606739526, 10, 1, 3, 0, 0, 0.43%, 0, 0, 1, 508.75
1606739531, 13, 2, 3, 0, 0, 0.43%, 0, 0, 1, 514.74
1606739536, 17, 0, 3, 0, 0, 0.43%, 0, 0, 1, 518.84
1606739541, 20, 1, 3, 0, 0, 0.43%, 0, 0, 1, 518.51
1606739546, 24, 0, 3, 0, 0, 0.43%, 0, 0, 1, 519.56
1606739551, 27, 1, 3, 0, 0, 0.43%, 0, 0, 1, 516.30
1606739556, 30, 2, 3, 0, 0, 0.43%, 0, 0, 1, 510.76
1606739561, 34, 0, 3, 0, 0, 0.43%, 0, 0, 1, 507.34
1606739566, 37, 1, 3, 0, 0, 0.43%, 0, 0, 1, 503.31
1606739571, 40, 1, 3, 0, 0, 0.43%, 0, 0, 1, 470.08
1606739576, 43, 1, 3, 0, 0, 0.43%, 0, 0, 1, 461.58
1606739581, 46, 1, 3, 0, 0, 0.43%, 0, 0, 1, 476.44
1606739586, 49, 2, 3, 0, 0, 0.43%, 0, 0, 1, 478.36
1606739591, 52, 2, 3, 0, 0, 0.43%, 0, 0, 1, 491.48
1606739596, 56, 0, 3, 0, 0, 0.43%, 0, 0, 1, 477.70
1606739601, 59, 1, 3, 0, 0, 0.43%, 0, 0, 1, 491.78
1606739606, 62, 2, 3, 0, 0, 0.43%, 0, 0, 1, 505.44
1606739611, 66, 0, 3, 0, 0, 0.43%, 0, 0, 1, 505.17
1606739616, 69, 1, 3, 0, 0, 0.43%, 0, 0, 1, 508.02
1606739621, 72, 2, 3, 0, 0, 0.43%, 0, 0, 1, 511.29
1606739626, 75, 2, 3, 0, 0, 0.43%, 0, 0, 1, 477.57
1606739631, 79, 0, 3, 0, 0, 0.43%, 0, 0, 1, 482.31
1606739636, 81, 1, 3, 0, 0, 0.43%, 0, 0, 1, 386.04
1606739641, 84, 1, 3, 0, 0, 0.43%, 0, 0, 1, 449.12
1606739646, 87, 2, 3, 0, 0, 0.43%, 0, 0, 1, 477.99
1606739651, 90, 2, 3, 0, 0, 0.43%, 0, 0, 1, 492.87
1606739656, 94, 0, 3, 0, 0, 0.43%, 0, 0, 1, 505.19
1606739662, 97, 1, 3, 0, 0, 0.43%, 0, 0, 1, 484.73
1606739667, 100, 1, 3, 0, 0, 0.43%, 0, 0, 1, 478.97
1606739672, 103, 1, 3, 0, 0, 0.43%, 0, 0, 1, 475.56
1606739677, 107, 0, 3, 0, 0, 0.43%, 0, 0, 1, 492.97
1606739682, 109, 1, 3, 0, 0, 0.43%, 0, 0, 1, 376.01
1606739687, 111, 2, 3, 0, 0, 0.43%, 0, 0, 1, 365.46
1606739692, 114, 2, 3, 0, 0, 0.43%, 0, 0, 1, 448.37
1606739697, 117, 2, 3, 0, 0, 0.43%, 0, 0, 1, 461.25
1606739702, 120, 2, 3, 0, 0, 0.43%, 0, 0, 1, 459.63
1606739707, 123, 2, 3, 0, 0, 0.43%, 0, 0, 1, 446.94
1606739712, 127, 0, 3, 0, 0, 0.43%, 0, 0, 1, 488.10
1606739717, 130, 1, 3, 0, 0, 0.43%, 0, 0, 1, 502.44
1606739722, 133, 1, 3, 0, 0, 0.43%, 0, 0, 1, 480.70
1606739727, 136, 2, 3, 0, 0, 0.43%, 0, 0, 1, 478.82
1606739732, 139, 2, 3, 0, 0, 0.43%, 0, 0, 1, 493.09
1606739737, 143, 0, 3, 0, 0, 0.43%, 0, 0, 1, 488.16
1606739742, 146, 1, 3, 0, 0, 0.43%, 0, 0, 1, 490.31
1606739748, 149, 2, 3, 0, 0, 0.43%, 0, 0, 1, 477.22
1606739753, 152, 2, 3, 0, 0, 0.43%, 0, 0, 1, 467.71
1606739758, 155, 1, 3, 0, 0, 0.43%, 0, 0, 1, 410.02
1606739763, 158, 1, 3, 0, 0, 0.43%, 0, 0, 1, 432.47
1606739768, 161, 1, 3, 0, 0, 0.43%, 0, 0, 1, 466.48
1606739773, 164, 2, 3, 0, 0, 0.43%, 0, 0, 1, 491.30
1606739778, 168, 0, 3, 0, 0, 0.43%, 0, 0, 1, 494.19
1606739783, 171, 0, 3, 0, 0, 0.43%, 0, 0, 1, 495.98
1606739788, 174, 1, 3, 0, 0, 0.43%, 0, 0, 1, 493.46
1606739793, 177, 2, 3, 0, 0, 0.43%, 0, 0, 1, 490.36
1606739798, 181, 0, 3, 0, 0, 0.43%, 0, 0, 1, 497.20
1606739803, 184, 1, 3, 0, 0, 0.43%, 0, 0, 1, 503.01
1606739808, 187, 1, 3, 0, 0, 0.43%, 0, 0, 1, 502.30
1606739813, 190, 2, 3, 0, 0, 0.43%, 0, 0, 1, 494.77
1606739819, 194, 0, 3, 0, 0, 0.43%, 0, 0, 1, 501.52
1606739824, 197, 1, 3, 0, 0, 0.43%, 0, 0, 1, 503.35
1606739829, 200, 2, 3, 0, 0, 0.43%, 0, 0, 1, 498.17
1606739834, 204, 0, 3, 0, 0, 0.43%, 0, 0, 1, 504.77
1606739839, 207, 1, 3, 0, 0, 0.43%, 0, 0, 1, 508.07
1606739844, 210, 2, 3, 0, 0, 0.43%, 0, 0, 1, 506.32
1606739849, 214, 0, 3, 0, 0, 0.43%, 0, 0, 1, 504.01
1606739854, 217, 1, 3, 0, 0, 0.43%, 0, 0, 1, 499.97
1606739859, 220, 2, 3, 0, 0, 0.43%, 0, 0, 1, 499.91
1606739864, 224, 0, 3, 0, 0, 0.43%, 0, 0, 1, 489.50
1606739869, 227, 0, 3, 0, 0, 0.43%, 0, 0, 1, 471.35
1606739875, 230, 1, 3, 0, 0, 0.43%, 0, 0, 1, 492.62
1606739880, 233, 2, 3, 0, 0, 0.43%, 0, 0, 1, 499.59
1606739885, 237, 0, 3, 0, 0, 0.43%, 0, 0, 1, 502.07
1606739890, 240, 1, 3, 0, 0, 0.43%, 0, 0, 1, 499.30
1606739895, 243, 1, 3, 0, 0, 0.43%, 0, 0, 1, 485.16
1606739900, 246, 2, 3, 0, 0, 0.43%, 0, 0, 1, 489.48
1606739905, 250, 0, 3, 0, 0, 0.43%, 0, 0, 1, 490.33
1606739910, 253, 1, 3, 0, 0, 0.43%, 0, 0, 1, 497.76
1606739915, 256, 1, 3, 0, 0, 0.43%, 0, 0, 1, 477.42
1606739920, 259, 1, 3, 0, 0, 0.43%, 0, 0, 1, 473.01
1606739925, 262, 2, 3, 0, 0, 0.43%, 0, 0, 1, 480.48
1606739930, 265, 2, 3, 0, 0, 0.43%, 0, 0, 1, 476.34
1606739935, 268, 2, 3, 0, 0, 0.43%, 0, 0, 1, 445.99
1606739940, 271, 2, 3, 0, 0, 0.43%, 0, 0, 1, 451.85
1606739945, 274, 0, 3, 0, 0, 0.43%, 0, 0, 1, 406.82
1606739950, 277, 1, 3, 0, 0, 0.43%, 0, 0, 1, 454.54
1606739956, 280, 1, 3, 0, 0, 0.43%, 0, 0, 1, 480.06
1606739961, 284, 0, 3, 0, 0, 0.43%, 0, 0, 1, 496.70
1606739966, 287, 0, 3, 0, 0, 0.43%, 0, 0, 1, 498.17
1606739971, 290, 1, 3, 0, 0, 0.43%, 0, 0, 1, 484.86
1606739976, 293, 2, 3, 0, 0, 0.43%, 0, 0, 1, 490.62
1606739981, 296, 2, 3, 0, 0, 0.43%, 0, 0, 1, 484.40
1606739987, 300, 0, 3, 0, 0, 0.43%, 0, 0, 1, 485.87
1606739992, 303, 1, 3, 0, 0, 0.43%, 0, 0, 1, 483.29
1606739997, 306, 1, 3, 0, 0, 0.43%, 0, 0, 1, 480.00
1606740002, 309, 2, 3, 0, 0, 0.43%, 0, 0, 1, 480.96
1606740007, 312, 1, 3, 0, 0, 0.43%, 0, 0, 1, 416.05
1606740012, 315, 0, 3, 0, 0, 0.43%, 0, 0, 1, 431.29
1606740017, 318, 0, 3, 0, 0, 0.43%, 0, 0, 1, 452.32
1606740022, 321, 1, 3, 0, 0, 0.43%, 0, 0, 1, 489.78
1606740027, 324, 1, 3, 0, 0, 0.43%, 0, 0, 1, 484.61
1606740032, 327, 2, 3, 0, 0, 0.43%, 0, 0, 1, 479.92
1606740037, 330, 2, 3, 0, 0, 0.43%, 0, 0, 1, 469.61
1606740042, 334, 0, 3, 0, 0, 0.43%, 0, 0, 1, 494.00
1606740047, 337, 0, 3, 0, 0, 0.43%, 0, 0, 1, 469.50
1606740052, 340, 1, 3, 0, 0, 0.43%, 0, 0, 1, 487.60
1606740057, 343, 2, 3, 0, 0, 0.43%, 0, 0, 1, 495.04
1606740062, 346, 2, 3, 0, 0, 0.43%, 0, 0, 1, 483.00
1606740067, 350, 0, 3, 0, 0, 0.43%, 0, 0, 1, 498.31
1606740072, 353, 1, 3, 0, 0, 0.43%, 0, 0, 1, 496.40
1606740078, 356, 2, 3, 0, 0, 0.43%, 0, 0, 1, 493.16
1606740083, 360, 0, 3, 0, 0, 0.43%, 0, 0, 1, 490.86
1606740088, 363, 1, 3, 0, 0, 0.43%, 0, 0, 1, 490.11
1606740093, 366, 2, 3, 0, 0, 0.43%, 0, 0, 1, 486.05
1606740098, 369, 2, 3, 0, 0, 0.43%, 0, 0, 1, 498.81
1606740103, 373, 0, 3, 0, 0, 0.43%, 0, 0, 1, 495.87
1606740108, 376, 1, 3, 0, 0, 0.43%, 0, 0, 1, 498.91
1606740113, 379, 2, 3, 0, 0, 0.43%, 0, 0, 1, 484.75
1606740118, 383, 0, 3, 0, 0, 0.43%, 0, 0, 1, 497.75
1606740123, 386, 1, 3, 0, 0, 0.43%, 0, 0, 1, 502.42
1606740128, 389, 1, 3, 0, 0, 0.43%, 0, 0, 1, 485.61
1606740133, 392, 2, 3, 0, 0, 0.43%, 0, 0, 1, 484.65
1606740138, 395, 2, 3, 0, 0, 0.43%, 0, 0, 1, 453.15
1606740143, 398, 2, 3, 0, 0, 0.43%, 0, 0, 1, 457.32
1606740148, 401, 1, 3, 0, 0, 0.43%, 0, 0, 1, 447.44
1606740153, 404, 1, 3, 0, 0, 0.43%, 0, 0, 1, 434.01
1606740158, 407, 0, 3, 0, 0, 0.43%, 0, 0, 1, 402.64
1606740163, 410, 1, 3, 0, 0, 0.43%, 0, 0, 1, 472.36
1606740169, 413, 1, 3, 0, 0, 0.43%, 0, 0, 1, 468.61
1606740174, 416, 2, 3, 0, 0, 0.43%, 0, 0, 1, 473.64
1606740179, 419, 0, 3, 0, 0, 0.43%, 0, 0, 1, 397.38
1606740184, 421, 1, 3, 0, 0, 0.43%, 0, 0, 1, 371.76
1606740189, 424, 2, 3, 0, 0, 0.43%, 0, 0, 1, 466.05
1606740194, 428, 0, 3, 0, 0, 0.43%, 0, 0, 1, 478.90
1606740199, 431, 1, 3, 0, 0, 0.43%, 0, 0, 1, 485.84
1606740204, 434, 1, 3, 0, 0, 0.43%, 0, 0, 1, 488.75
1606740209, 437, 2, 3, 0, 0, 0.43%, 0, 0, 1, 485.30
1606740215, 441, 0, 3, 0, 0, 0.43%, 0, 0, 1, 478.36
1606740220, 444, 0, 3, 0, 0, 0.43%, 0, 0, 1, 473.99
1606740225, 447, 1, 3, 0, 0, 0.43%, 0, 0, 1, 493.22
1606740230, 450, 2, 3, 0, 0, 0.43%, 0, 0, 1, 500.40
1606740235, 454, 0, 3, 0, 0, 0.43%, 0, 0, 1, 495.39
1606740240, 457, 1, 3, 0, 0, 0.43%, 0, 0, 1, 495.48
1606740245, 460, 2, 3, 0, 0, 0.43%, 0, 0, 1, 492.46
1606740250, 463, 2, 3, 0, 0, 0.43%, 0, 0, 1, 482.87
1606740256, 467, 0, 3, 0, 0, 0.43%, 0, 0, 1, 465.39
1606740261, 470, 0, 3, 0, 0, 0.43%, 0, 0, 1, 483.37
1606740266, 473, 1, 3, 0, 0, 0.43%, 0, 0, 1, 478.69
1606740271, 476, 0, 3, 0, 0, 0.43%, 0, 0, 1, 440.58
1606740276, 478, 2, 3, 0, 0, 0.43%, 0, 0, 1, 419.00
1606740281, 481, 1, 3, 0, 0, 0.43%, 0, 0, 1, 438.50
1606740286, 484, 2, 3, 0, 0, 0.43%, 0, 0, 1, 475.81
1606740291, 488, 0, 3, 0, 0, 0.43%, 0, 0, 1, 493.46
1606740296, 491, 0, 3, 0, 0, 0.43%, 0, 0, 1, 487.10
1606740301, 494, 1, 3, 0, 0, 0.43%, 0, 0, 1, 472.84
1606740306, 497, 0, 3, 0, 0, 0.43%, 0, 0, 1, 426.81
1606740311, 499, 2, 3, 0, 0, 0.43%, 0, 0, 1, 401.09
1606740316, 502, 1, 3, 0, 0, 0.43%, 0, 0, 1, 401.85
1606740321, 505, 1, 3, 0, 0, 0.43%, 0, 0, 1, 448.72
1606740326, 508, 1, 3, 0, 0, 0.43%, 0, 0, 1, 475.14
1606740331, 511, 2, 3, 0, 0, 0.43%, 0, 0, 1, 497.74
1606740336, 514, 2, 3, 0, 0, 0.43%, 0, 0, 1, 470.40
1606740342, 518, 0, 3, 0, 0, 0.43%, 0, 0, 1, 476.79
1606740347, 521, 1, 3, 0, 0, 0.43%, 0, 0, 1, 498.30
1606740352, 524, 1, 3, 0, 0, 0.43%, 0, 0, 1, 483.78
1606740357, 527, 2, 3, 0, 0, 0.43%, 0, 0, 1, 482.43
1606740362, 531, 0, 3, 0, 0, 0.43%, 0, 0, 1, 496.78
1606740367, 534, 1, 3, 0, 0, 0.43%, 0, 0, 1, 479.46
1606740372, 537, 2, 3, 0, 0, 0.43%, 0, 0, 1, 485.57
1606740377, 540, 2, 3, 0, 0, 0.43%, 0, 0, 1, 476.21
1606740382, 543, 2, 3, 0, 0, 0.43%, 0, 0, 1, 485.64
1606740388, 546, 2, 3, 0, 0, 0.43%, 0, 0, 1, 453.16
1606740393, 549, 2, 3, 0, 0, 0.43%, 0, 0, 1, 442.82
1606740398, 552, 2, 3, 0, 0, 0.43%, 0, 0, 1, 459.03
1606740403, 555, 1, 3, 0, 0, 0.43%, 0, 0, 1, 418.15
1606740408, 558, 0, 3, 0, 0, 0.43%, 0, 0, 1, 396.51
1606740413, 560, 2, 3, 0, 0, 0.43%, 0, 0, 1, 392.35
1606740418, 563, 1, 3, 0, 0, 0.43%, 0, 0, 1, 417.57
1606740423, 566, 0, 3, 0, 0, 0.43%, 0, 0, 1, 414.59
1606740428, 569, 1, 3, 0, 0, 0.43%, 0, 0, 1, 465.38
1606740433, 572, 1, 3, 0, 0, 0.43%, 0, 0, 1, 473.65
1606740438, 575, 2, 3, 0, 0, 0.43%, 0, 0, 1, 491.70
1606740443, 579, 0, 3, 0, 0, 0.43%, 0, 0, 1, 497.77
1606740448, 582, 1, 3, 0, 0, 0.43%, 0, 0, 1, 497.98
1606740454, 585, 1, 3, 0, 0, 0.43%, 0, 0, 1, 475.11
1606740459, 588, 2, 3, 0, 0, 0.43%, 0, 0, 1, 490.32
1606740464, 591, 2, 3, 0, 0, 0.43%, 0, 0, 1, 467.88
1606740469, 595, 0, 3, 0, 0, 0.43%, 0, 0, 1, 483.90
1606740474, 598, 1, 3, 0, 0, 0.43%, 0, 0, 1, 494.92
1606740479, 601, 1, 3, 0, 0, 0.43%, 0, 0, 1, 466.89
1606740484, 604, 2, 3, 0, 0, 0.43%, 0, 0, 1, 488.40
1606740489, 607, 2, 3, 0, 0, 0.43%, 0, 0, 1, 483.93
1606740494, 611, 0, 3, 0, 0, 0.43%, 0, 0, 1, 492.32
1606740499, 614, 1, 3, 0, 0, 0.43%, 0, 0, 1, 492.38
1606740504, 617, 1, 3, 0, 0, 0.43%, 0, 0, 1, 467.41
1606740509, 620, 2, 3, 0, 0, 0.43%, 0, 0, 1, 471.53
1606740514, 623, 2, 3, 0, 0, 0.43%, 0, 0, 1, 472.33
1606740519, 626, 2, 3, 0, 0, 0.43%, 0, 0, 1, 473.37
1606740524, 629, 2, 3, 0, 0, 0.43%, 0, 0, 1, 473.28
1606740529, 632, 2, 3, 0, 0, 0.43%, 0, 0, 1, 442.31
1606740535, 635, 2, 3, 0, 0, 0.43%, 0, 0, 1, 451.73
1606740540, 638, 2, 3, 0, 0, 0.43%, 0, 0, 1, 470.87
1606740545, 641, 2, 3, 0, 0, 0.43%, 0, 0, 1, 443.61
1606740550, 644, 2, 3, 0, 0, 0.43%, 0, 0, 1, 451.08
1606740555, 647, 1, 3, 0, 0, 0.43%, 0, 0, 1, 424.75
1606740560, 650, 1, 3, 0, 0, 0.43%, 0, 0, 1, 431.36
1606740565, 653, 0, 3, 0, 0, 0.43%, 0, 0, 1, 425.81
1606740570, 656, 0, 3, 0, 0, 0.43%, 0, 0, 1, 418.83
1606740575, 658, 2, 3, 0, 0, 0.43%, 0, 0, 1, 416.27
1606740580, 661, 2, 3, 0, 0, 0.43%, 0, 0, 1, 440.83
1606740586, 664, 2, 3, 0, 0, 0.43%, 0, 0, 1, 462.59
1606740591, 668, 0, 3, 0, 0, 0.43%, 0, 0, 1, 471.05
1606740596, 671, 1, 3, 0, 0, 0.43%, 0, 0, 1, 488.35
1606740601, 674, 1, 3, 0, 0, 0.43%, 0, 0, 1, 494.42
1606740606, 677, 2, 3, 0, 0, 0.43%, 0, 0, 1, 493.84
1606740611, 680, 2, 3, 0, 0, 0.43%, 0, 0, 1, 477.18
1606740616, 684, 0, 3, 0, 0, 0.43%, 0, 0, 1, 478.58
1606740621, 687, 0, 3, 0, 0, 0.43%, 0, 0, 1, 484.11
1606740626, 690, 1, 3, 0, 0, 0.43%, 0, 0, 1, 478.38
1606740631, 693, 1, 3, 0, 0, 0.43%, 0, 0, 1, 480.87
1606740636, 696, 1, 3, 0, 0, 0.43%, 0, 0, 1, 473.34
1606740641, 699, 2, 3, 0, 0, 0.43%, 0, 0, 1, 478.06
1606740646, 703, 0, 3, 0, 0, 0.43%, 0, 0, 1, 488.20
1606740651, 706, 0, 3, 0, 0, 0.43%, 0, 0, 1, 480.23
1606740656, 709, 0, 3, 0, 0, 0.43%, 0, 0, 1, 478.55
1606740661, 712, 1, 3, 0, 0, 0.43%, 0, 0, 1, 485.66
1606740666, 715, 2, 3, 0, 0, 0.43%, 0, 0, 1, 482.53
1606740671, 718, 2, 3, 0, 0, 0.43%, 0, 0, 1, 479.52
1606740677, 722, 0, 3, 0, 0, 0.43%, 0, 0, 1, 478.29
1606740682, 725, 0, 3, 0, 0, 0.43%, 0, 0, 1, 477.32
1606740687, 728, 1, 3, 0, 0, 0.43%, 0, 0, 1, 492.06
1606740692, 731, 1, 3, 0, 0, 0.43%, 0, 0, 1, 484.98
1606740697, 734, 2, 3, 0, 0, 0.43%, 0, 0, 1, 478.90
1606740702, 737, 2, 3, 0, 0, 0.43%, 0, 0, 1, 480.36
1606740707, 741, 0, 3, 0, 0, 0.43%, 0, 0, 1, 483.37
1606740712, 744, 1, 3, 0, 0, 0.43%, 0, 0, 1, 489.51
1606740717, 747, 1, 3, 0, 0, 0.43%, 0, 0, 1, 486.84
1606740722, 750, 1, 3, 0, 0, 0.43%, 0, 0, 1, 452.30
1606740727, 753, 2, 3, 0, 0, 0.43%, 0, 0, 1, 485.58
1606740732, 757, 0, 3, 0, 0, 0.43%, 0, 0, 1, 493.47
1606740737, 760, 1, 3, 0, 0, 0.43%, 0, 0, 1, 492.27
1606740742, 763, 1, 3, 0, 0, 0.43%, 0, 0, 1, 493.99
1606740748, 766, 2, 3, 0, 0, 0.43%, 0, 0, 1, 485.43
1606740753, 770, 0, 3, 0, 0, 0.43%, 0, 0, 1, 491.10
1606740758, 773, 0, 3, 0, 0, 0.43%, 0, 0, 1, 493.75
1606740763, 776, 1, 3, 0, 0, 0.43%, 0, 0, 1, 489.13
1606740768, 779, 2, 3, 0, 0, 0.43%, 0, 0, 1, 486.47
1606740773, 782, 2, 3, 0, 0, 0.43%, 0, 0, 1, 483.20
1606740778, 786, 0, 3, 0, 0, 0.43%, 0, 0, 1, 480.73
1606740783, 789, 0, 3, 0, 0, 0.43%, 0, 0, 1, 487.26
1606740788, 792, 1, 3, 0, 0, 0.43%, 0, 0, 1, 484.84
1606740793, 795, 2, 3, 0, 0, 0.43%, 0, 0, 1, 480.06
1606740798, 798, 2, 3, 0, 0, 0.43%, 0, 0, 1, 477.88
1606740803, 801, 2, 3, 0, 0, 0.43%, 0, 0, 1, 462.10
1606740808, 804, 2, 3, 0, 0, 0.43%, 0, 0, 1, 428.51
1606740813, 807, 2, 3, 0, 0, 0.43%, 0, 0, 1, 437.14
1606740818, 810, 2, 3, 0, 0, 0.43%, 0, 0, 1, 462.30
1606740823, 813, 2, 3, 0, 0, 0.43%, 0, 0, 1, 484.21
1606740828, 817, 0, 3, 0, 0, 0.43%, 0, 0, 1, 481.84
1606740833, 820, 0, 3, 0, 0, 0.43%, 0, 0, 1, 477.98
1606740838, 823, 1, 3, 0, 0, 0.43%, 0, 0, 1, 485.25
1606740843, 826, 1, 3, 0, 0, 0.43%, 0, 0, 1, 482.88
1606740849, 829, 2, 3, 0, 0, 0.43%, 0, 0, 1, 457.65
1606740854, 832, 1, 3, 0, 0, 0.43%, 0, 0, 1, 441.20
1606740859, 835, 1, 3, 0, 0, 0.43%, 0, 0, 1, 437.19
1606740864, 838, 1, 3, 0, 0, 0.43%, 0, 0, 1, 435.57
1606740869, 841, 0, 3, 0, 0, 0.43%, 0, 0, 1, 416.19
1606740874, 843, 2, 3, 0, 0, 0.43%, 0, 0, 1, 426.30
1606740879, 846, 2, 3, 0, 0, 0.43%, 0, 0, 1, 423.52
1606740884, 849, 1, 3, 0, 0, 0.43%, 0, 0, 1, 420.82
1606740889, 852, 0, 3, 0, 0, 0.43%, 0, 0, 1, 436.44
1606740894, 855, 0, 3, 0, 0, 0.43%, 0, 0, 1, 419.29
1606740899, 857, 2, 3, 0, 0, 0.43%, 0, 0, 1, 419.62
1606740904, 860, 2, 3, 0, 0, 0.43%, 0, 0, 1, 446.60
1606740909, 863, 2, 3, 0, 0, 0.43%, 0, 0, 1, 456.97
1606740914, 866, 2, 3, 0, 0, 0.43%, 0, 0, 1, 453.30
1606740919, 869, 2, 3, 0, 0, 0.43%, 0, 0, 1, 465.11
1606740924, 872, 2, 3, 0, 0, 0.43%, 0, 0, 1, 476.42
1606740930, 876, 0, 3, 0, 0, 0.43%, 0, 0, 1, 482.12
1606740935, 879, 1, 3, 0, 0, 0.43%, 0, 0, 1, 488.87
1606740940, 882, 2, 3, 0, 0, 0.43%, 0, 0, 1, 490.82
1606740945, 885, 2, 3, 0, 0, 0.43%, 0, 0, 1, 492.12
1606740950, 889, 0, 3, 0, 0, 0.43%, 0, 0, 1, 482.53
1606740955, 892, 1, 3, 0, 0, 0.43%, 0, 0, 1, 485.77
1606740960, 895, 2, 3, 0, 0, 0.43%, 0, 0, 1, 489.43
1606740965, 898, 2, 3, 0, 0, 0.43%, 0, 0, 1, 457.69
1606740970, 901, 1, 3, 0, 0, 0.43%, 0, 0, 1, 461.79
1606740976, 904, 2, 3, 0, 0, 0.43%, 0, 0, 1, 478.23
1606740981, 908, 0, 3, 0, 0, 0.43%, 0, 0, 1, 479.08
1606740986, 911, 0, 3, 0, 0, 0.43%, 0, 0, 1, 479.29
1606740991, 914, 0, 3, 0, 0, 0.43%, 0, 0, 1, 443.44
1606740996, 917, 0, 3, 0, 0, 0.43%, 0, 0, 1, 429.38
1606741001, 919, 2, 3, 0, 0, 0.43%, 0, 0, 1, 426.08
1606741006, 922, 1, 3, 0, 0, 0.43%, 0, 0, 1, 406.62
1606741011, 925, 0, 3, 0, 0, 0.43%, 0, 0, 1, 407.24
1606741016, 927, 2, 3, 0, 0, 0.43%, 0, 0, 1, 420.84
1606741021, 930, 1, 3, 0, 0, 0.43%, 0, 0, 1, 416.47
1606741027, 933, 1, 3, 0, 0, 0.43%, 0, 0, 1, 407.07
1606741032, 936, 0, 3, 0, 0, 0.43%, 0, 0, 1, 413.08
1606741037, 938, 2, 3, 0, 0, 0.43%, 0, 0, 1, 407.95
1606741042, 941, 2, 3, 0, 0, 0.43%, 0, 0, 1, 422.37
1606741047, 944, 0, 3, 0, 0, 0.43%, 0, 0, 1, 399.32
1606741052, 947, 0, 3, 0, 0, 0.43%, 0, 0, 1, 398.63
1606741057, 949, 2, 3, 0, 0, 0.43%, 0, 0, 1, 426.50
1606741062, 952, 1, 3, 0, 0, 0.43%, 0, 0, 1, 412.73
1606741067, 955, 0, 3, 0, 0, 0.43%, 0, 0, 1, 411.27
1606741073, 958, 0, 3, 0, 0, 0.43%, 0, 0, 1, 427.53
1606741078, 961, 1, 3, 0, 0, 0.43%, 0, 0, 1, 474.67
1606741083, 964, 1, 3, 0, 0, 0.43%, 0, 0, 1, 489.55
1606741088, 967, 2, 3, 0, 0, 0.43%, 0, 0, 1, 484.28
1606741093, 971, 0, 3, 0, 0, 0.43%, 0, 0, 1, 484.87
1606741098, 974, 1, 3, 0, 0, 0.43%, 0, 0, 1, 489.10
1606741103, 977, 2, 3, 0, 0, 0.43%, 0, 0, 1, 489.12
1606741109, 981, 0, 3, 0, 0, 0.43%, 0, 0, 1, 489.02
1606741114, 984, 0, 3, 0, 0, 0.43%, 0, 0, 1, 488.67
1606741119, 987, 1, 3, 0, 0, 0.43%, 0, 0, 1, 489.42
1606741124, 990, 1, 3, 0, 0, 0.43%, 0, 0, 1, 465.41
1606741129, 993, 2, 3, 0, 0, 0.43%, 0, 0, 1, 480.81
1606741134, 996, 2, 3, 0, 0, 0.43%, 0, 0, 1, 481.51
1606741139, 1000, 0, 3, 0, 0, 0.43%, 0, 0, 1, 467.28
1606741144, 1003, 0, 3, 0, 0, 0.43%, 0, 0, 1, 480.38
1606741149, 1006, 1, 3, 0, 0, 0.43%, 0, 0, 1, 490.30
1606741154, 1009, 1, 3, 0, 0, 0.43%, 0, 0, 1, 472.66
1606741159, 1012, 2, 3, 0, 0, 0.43%, 0, 0, 1, 484.20
1606741164, 1015, 2, 3, 0, 0, 0.43%, 0, 0, 1, 472.07
1606741169, 1018, 2, 3, 0, 0, 0.43%, 0, 0, 1, 489.09
1606741174, 1022, 0, 3, 0, 0, 0.43%, 0, 0, 1, 496.94
1606741179, 1025, 1, 3, 0, 0, 0.43%, 0, 0, 1, 496.55
1606741185, 1028, 2, 3, 0, 0, 0.43%, 0, 0, 1, 495.58
1606741190, 1031, 2, 3, 0, 0, 0.43%, 0, 0, 1, 460.04
1606741195, 1034, 2, 3, 0, 0, 0.43%, 0, 0, 1, 451.35
1606741200, 1038, 0, 3, 0, 0, 0.43%, 0, 0, 1, 481.36
1606741205, 1041, 1, 3, 0, 0, 0.43%, 0, 0, 1, 493.75
1606741210, 1044, 1, 3, 0, 0, 0.43%, 0, 0, 1, 490.69
1606741215, 1047, 1, 3, 0, 0, 0.43%, 0, 0, 1, 476.40
1606741220, 1050, 2, 3, 0, 0, 0.43%, 0, 0, 1, 464.23
1606741225, 1053, 2, 3, 0, 0, 0.43%, 0, 0, 1, 465.94
1606741230, 1056, 2, 3, 0, 0, 0.43%, 0, 0, 1, 471.03
1606741235, 1060, 0, 3, 0, 0, 0.43%, 0, 0, 1, 478.98
1606741240, 1063, 0, 3, 0, 0, 0.43%, 0, 0, 1, 478.38
1606741245, 1066, 1, 3, 0, 0, 0.43%, 0, 0, 1, 482.22
1606741250, 1069, 1, 3, 0, 0, 0.43%, 0, 0, 1, 481.35
1606741255, 1072, 1, 3, 0, 0, 0.43%, 0, 0, 1, 469.44
1606741260, 1075, 1, 3, 0, 0, 0.43%, 0, 0, 1, 445.70
1606741266, 1078, 0, 3, 0, 0, 0.43%, 0, 0, 1, 417.12
1606741271, 1080, 1, 3, 0, 0, 0.43%, 0, 0, 1, 365.63
1606741276, 1083, 0, 3, 0, 0, 0.43%, 0, 0, 1, 385.36
1606741281, 1086, 0, 3, 0, 0, 0.43%, 0, 0, 1, 431.35
1606741286, 1088, 2, 3, 0, 0, 0.43%, 0, 0, 1, 430.69
1606741291, 1091, 2, 3, 0, 0, 0.43%, 0, 0, 1, 429.62
1606741296, 1094, 1, 3, 0, 0, 0.43%, 0, 0, 1, 415.02
1606741301, 1097, 0, 3, 0, 0, 0.43%, 0, 0, 1, 395.03
1606741306, 1099, 1, 3, 0, 0, 0.43%, 0, 0, 1, 395.01
1606741312, 1102, 1, 3, 0, 0, 0.43%, 0, 0, 1, 396.67
1606741317, 1104, 2, 3, 0, 0, 0.43%, 0, 0, 1, 395.94
1606741322, 1107, 1, 3, 0, 0, 0.43%, 0, 0, 1, 377.98
1606741327, 1109, 2, 3, 0, 0, 0.43%, 0, 0, 1, 366.46
1606741332, 1112, 1, 3, 0, 0, 0.43%, 0, 0, 1, 376.31
1606741337, 1114, 2, 3, 0, 0, 0.43%, 0, 0, 1, 370.19
1606741342, 1117, 0, 3, 0, 0, 0.43%, 0, 0, 1, 369.77
1606741347, 1119, 2, 3, 0, 0, 0.43%, 0, 0, 1, 378.09
1606741352, 1122, 0, 3, 0, 0, 0.43%, 0, 0, 1, 372.40
1606741357, 1124, 2, 3, 0, 0, 0.43%, 0, 0, 1, 393.44
1606741362, 1127, 1, 3, 0, 0, 0.43%, 0, 0, 1, 396.80
1606741367, 1130, 0, 3, 0, 0, 0.43%, 0, 0, 1, 402.42
1606741372, 1132, 2, 3, 0, 0, 0.43%, 0, 0, 1, 420.82
1606741377, 1135, 2, 3, 0, 0, 0.43%, 0, 0, 1, 427.32
1606741383, 1138, 1, 3, 0, 0, 0.43%, 0, 0, 1, 414.88
1606741388, 1141, 1, 3, 0, 0, 0.43%, 0, 0, 1, 429.71
1606741393, 1144, 0, 3, 0, 0, 0.43%, 0, 0, 1, 431.09
1606741398, 1146, 2, 3, 0, 0, 0.43%, 0, 0, 1, 423.73
1606741403, 1149, 2, 3, 0, 0, 0.43%, 0, 0, 1, 431.31
1606741408, 1152, 2, 3, 0, 0, 0.43%, 0, 0, 1, 428.27
1606741413, 1155, 1, 3, 0, 0, 0.43%, 0, 0, 1, 427.80
1606741418, 1158, 0, 3, 0, 0, 0.43%, 0, 0, 1, 417.94
1606741423, 1161, 0, 3, 0, 0, 0.43%, 0, 0, 1, 431.45
1606741428, 1163, 2, 3, 0, 0, 0.43%, 0, 0, 1, 433.20
1606741433, 1166, 2, 3, 0, 0, 0.43%, 0, 0, 1, 424.98
1606741438, 1169, 1, 3, 0, 0, 0.43%, 0, 0, 1, 430.05
1606741444, 1172, 1, 3, 0, 0, 0.43%, 0, 0, 1, 428.99
1606741449, 1175, 1, 3, 0, 0, 0.43%, 0, 0, 1, 435.88
1606741454, 1177, 2, 3, 0, 0, 0.43%, 0, 0, 1, 387.46
1606741459, 1180, 2, 3, 0, 0, 0.43%, 0, 0, 1, 406.81
1606741464, 1183, 1, 3, 0, 0, 0.43%, 0, 0, 1, 410.45
1606741469, 1186, 0, 3, 0, 0, 0.43%, 0, 0, 1, 424.96
1606741474, 1188, 2, 3, 0, 0, 0.43%, 0, 0, 1, 422.35
1606741479, 1191, 2, 3, 0, 0, 0.43%, 0, 0, 1, 426.40
1606741484, 1194, 1, 3, 0, 0, 0.43%, 0, 0, 1, 412.10
1606741489, 1197, 0, 3, 0, 0, 0.43%, 0, 0, 1, 402.25
1606741495, 1200, 0, 3, 0, 0, 0.43%, 0, 0, 1, 402.79
1606741500, 1202, 2, 3, 0, 0, 0.43%, 0, 0, 1, 404.67
1606741505, 1205, 1, 3, 0, 0, 0.43%, 0, 0, 1, 410.07
1606741510, 1208, 0, 3, 0, 0, 0.43%, 0, 0, 1, 416.05
1606741515, 1210, 2, 3, 0, 0, 0.43%, 0, 0, 1, 402.95
1606741520, 1213, 1, 3, 0, 0, 0.43%, 0, 0, 1, 416.31
1606741525, 1216, 1, 3, 0, 0, 0.43%, 0, 0, 1, 427.35
1606741530, 1219, 0, 3, 0, 0, 0.43%, 0, 0, 1, 437.64
1606741535, 1221, 2, 3, 0, 0, 0.43%, 0, 0, 1, 394.70
1606741540, 1224, 0, 3, 0, 0, 0.43%, 0, 0, 1, 386.29
1606741545, 1226, 2, 3, 0, 0, 0.43%, 0, 0, 1, 371.56
1606741550, 1229, 1, 3, 0, 0, 0.43%, 0, 0, 1, 412.37
1606741555, 1232, 0, 3, 0, 0, 0.43%, 0, 0, 1, 412.96
1606741560, 1234, 2, 3, 0, 0, 0.43%, 0, 0, 1, 425.81
1606741565, 1237, 1, 3, 0, 0, 0.43%, 0, 0, 1, 402.31
1606741570, 1240, 0, 3, 0, 0, 0.43%, 0, 0, 1, 389.35
1606741575, 1242, 0, 3, 0, 0, 0.43%, 0, 0, 1, 323.26
1606741581, 1244, 0, 3, 0, 0, 0.43%, 0, 0, 1, 306.94
1606741586, 1246, 0, 3, 0, 0, 0.43%, 0, 0, 1, 299.15
1606741591, 1248, 1, 3, 0, 0, 0.43%, 0, 0, 1, 340.40
1606741596, 1250, 2, 3, 0, 0, 0.43%, 0, 0, 1, 384.74
1606741601, 1253, 1, 3, 0, 0, 0.43%, 0, 0, 1, 387.52
1606741606, 1256, 0, 3, 0, 0, 0.43%, 0, 0, 1, 400.66
1606741611, 1258, 2, 3, 0, 0, 0.43%, 0, 0, 1, 400.57
1606741616, 1261, 1, 3, 0, 0, 0.43%, 0, 0, 1, 387.58
1606741621, 1264, 0, 3, 0, 0, 0.43%, 0, 0, 1, 372.88
1606741626, 1266, 2, 3, 0, 0, 0.43%, 0, 0, 1, 418.69
1606741631, 1269, 1, 3, 0, 0, 0.43%, 0, 0, 1, 415.84
1606741637, 1272, 0, 3, 0, 0, 0.43%, 0, 0, 1, 394.08
1606741642, 1274, 2, 3, 0, 0, 0.43%, 0, 0, 1, 402.26
1606741647, 1277, 0, 3, 0, 0, 0.43%, 0, 0, 1, 381.33
1606741652, 1279, 2, 3, 0, 0, 0.43%, 0, 0, 1, 383.57
1606741657, 1281, 2, 3, 0, 0, 0.43%, 0, 0, 1, 314.45
1606741662, 1284, 0, 3, 0, 0, 0.43%, 0, 0, 1, 360.55
1606741667, 1286, 2, 3, 0, 0, 0.43%, 0, 0, 1, 412.93
1606741672, 1289, 2, 3, 0, 0, 0.43%, 0, 0, 1, 415.53
1606741677, 1292, 1, 3, 0, 0, 0.43%, 0, 0, 1, 417.51
1606741682, 1295, 0, 3, 0, 0, 0.43%, 0, 0, 1, 413.34
1606741687, 1297, 2, 3, 0, 0, 0.43%, 0, 0, 1, 405.02
1606741692, 1300, 2, 3, 0, 0, 0.43%, 0, 0, 1, 428.30
1606741698, 1303, 2, 3, 0, 0, 0.43%, 0, 0, 1, 439.43
1606741703, 1306, 1, 3, 0, 0, 0.43%, 0, 0, 1, 438.11
1606741708, 1309, 1, 3, 0, 0, 0.43%, 0, 0, 1, 438.03
1606741713, 1312, 1, 3, 0, 0, 0.43%, 0, 0, 1, 444.84
1606741718, 1315, 1, 3, 0, 0, 0.43%, 0, 0, 1, 435.36
1606741723, 1318, 0, 3, 0, 0, 0.43%, 0, 0, 1, 431.04
1606741728, 1321, 0, 3, 0, 0, 0.43%, 0, 0, 1, 433.31
1606741733, 1323, 2, 3, 0, 0, 0.43%, 0, 0, 1, 436.44
1606741738, 1326, 2, 3, 0, 0, 0.43%, 0, 0, 1, 433.57
1606741743, 1329, 1, 3, 0, 0, 0.43%, 0, 0, 1, 418.03
1606741749, 1332, 1, 3, 0, 0, 0.43%, 0, 0, 1, 408.88
1606741754, 1334, 1, 3, 0, 0, 0.43%, 0, 0, 1, 369.66
1606741759, 1337, 1, 3, 0, 0, 0.43%, 0, 0, 1, 395.50
1606741764, 1339, 2, 3, 0, 0, 0.43%, 0, 0, 1, 382.28
1606741769, 1342, 0, 3, 0, 0, 0.43%, 0, 0, 1, 365.43
1606741774, 1344, 2, 3, 0, 0, 0.43%, 0, 0, 1, 382.49
1606741779, 1347, 1, 3, 0, 0, 0.43%, 0, 0, 1, 397.70
1606741784, 1350, 0, 3, 0, 0, 0.43%, 0, 0, 1, 414.17
1606741789, 1352, 2, 3, 0, 0, 0.43%, 0, 0, 1, 411.18
1606741794, 1355, 1, 3, 0, 0, 0.43%, 0, 0, 1, 403.48
1606741799, 1357, 2, 3, 0, 0, 0.43%, 0, 0, 1, 393.33
1606741805, 1360, 1, 3, 0, 0, 0.43%, 0, 0, 1, 401.64
1606741810, 1363, 0, 3, 0, 0, 0.43%, 0, 0, 1, 391.71
1606741815, 1365, 2, 3, 0, 0, 0.43%, 0, 0, 1, 407.59
1606741820, 1368, 1, 3, 0, 0, 0.43%, 0, 0, 1, 409.37
1606741825, 1371, 1, 3, 0, 0, 0.43%, 0, 0, 1, 433.44
1606741830, 1374, 0, 3, 0, 0, 0.43%, 0, 0, 1, 459.92
1606741835, 1377, 1, 3, 0, 0, 0.43%, 0, 0, 1, 487.16
1606741840, 1380, 1, 3, 0, 0, 0.43%, 0, 0, 1, 463.03
1606741845, 1383, 1, 3, 0, 0, 0.43%, 0, 0, 1, 474.50
1606741850, 1386, 1, 3, 0, 0, 0.43%, 0, 0, 1, 463.49
1606741855, 1389, 2, 3, 0, 0, 0.43%, 0, 0, 1, 487.78
1606741860, 1393, 0, 3, 0, 0, 0.43%, 0, 0, 1, 477.22
1606741865, 1395, 2, 3, 0, 0, 0.43%, 0, 0, 1, 404.18
1606741870, 1398, 2, 3, 0, 0, 0.43%, 0, 0, 1, 442.94
1606741875, 1401, 2, 3, 0, 0, 0.43%, 0, 0, 1, 466.88
1606741880, 1405, 0, 3, 0, 0, 0.43%, 0, 0, 1, 477.55
1606741886, 1408, 0, 3, 0, 0, 0.43%, 0, 0, 1, 448.20
1606741891, 1410, 0, 3, 0, 0, 0.43%, 0, 0, 1, 339.79
1606741896, 1412, 0, 3, 0, 0, 0.43%, 0, 0, 1, 318.60
1606741901, 1414, 1, 3, 0, 0, 0.43%, 0, 0, 1, 357.09
1606741906, 1416, 2, 3, 0, 0, 0.43%, 0, 0, 1, 333.56
1606741911, 1418, 2, 3, 0, 0, 0.43%, 0, 0, 1, 336.04
1606741916, 1421, 0, 3, 0, 0, 0.43%, 0, 0, 1, 333.10
1606741921, 1423, 2, 3, 0, 0, 0.43%, 0, 0, 1, 386.03
1606741926, 1426, 1, 3, 0, 0, 0.43%, 0, 0, 1, 423.59
1606741931, 1429, 2, 3, 0, 0, 0.43%, 0, 0, 1, 467.84
1606741936, 1432, 2, 3, 0, 0, 0.43%, 0, 0, 1, 489.54
1606741941, 1436, 0, 3, 0, 0, 0.43%, 0, 0, 1, 487.57
1606741946, 1439, 1, 3, 0, 0, 0.43%, 0, 0, 1, 498.38
1606741951, 1442, 2, 3, 0, 0, 0.43%, 0, 0, 1, 509.37
1606741956, 1446, 0, 3, 0, 0, 0.43%, 0, 0, 1, 508.25
1606741961, 1449, 1, 3, 0, 0, 0.43%, 0, 0, 1, 507.95
1606741967, 1452, 2, 3, 0, 0, 0.43%, 0, 0, 1, 510.78
1606741972, 1456, 0, 3, 0, 0, 0.43%, 0, 0, 1, 508.37
1606741977, 1459, 1, 3, 0, 0, 0.43%, 0, 0, 1, 496.77
1606741982, 1462, 2, 3, 0, 0, 0.43%, 0, 0, 1, 505.40
1606741987, 1466, 0, 3, 0, 0, 0.43%, 0, 0, 1, 502.67
1606741992, 1469, 1, 3, 0, 0, 0.43%, 0, 0, 1, 504.38
1606741997, 1472, 2, 3, 0, 0, 0.43%, 0, 0, 1, 509.82
1606742002, 1476, 0, 3, 0, 0, 0.43%, 0, 0, 1, 513.16
1606742007, 1479, 1, 3, 0, 0, 0.43%, 0, 0, 1, 514.37
1606742012, 1482, 2, 3, 0, 0, 0.43%, 0, 0, 1, 505.24
1606742017, 1486, 0, 3, 0, 0, 0.43%, 0, 0, 1, 493.00
1606742022, 1489, 1, 3, 0, 0, 0.43%, 0, 0, 1, 493.80
1606742027, 1492, 1, 3, 0, 0, 0.43%, 0, 0, 1, 492.96
1606742032, 1495, 2, 3, 0, 0, 0.43%, 0, 0, 1, 507.32
1606742037, 1499, 0, 3, 0, 0, 0.43%, 0, 0, 1, 493.35
1606742042, 1502, 0, 3, 0, 0, 0.43%, 0, 0, 1, 494.08
1606742047, 1505, 2, 3, 0, 0, 0.43%, 0, 0, 1, 503.50
1606742052, 1509, 0, 3, 0, 0, 0.43%, 0, 0, 1, 511.18
1606742058, 1512, 0, 3, 0, 0, 0.43%, 0, 0, 1, 501.22
1606742063, 1515, 1, 3, 0, 0, 0.43%, 0, 0, 1, 487.30
1606742068, 1518, 1, 3, 0, 0, 0.43%, 0, 0, 1, 478.59
1606742073, 1521, 2, 3, 0, 0, 0.43%, 0, 0, 1, 496.33
1606742078, 1525, 0, 3, 0, 0, 0.43%, 0, 0, 1, 500.42
1606742083, 1528, 1, 3, 0, 0, 0.43%, 0, 0, 1, 507.21
1606742088, 1532, 0, 3, 0, 0, 0.43%, 0, 0, 1, 511.15
1606742093, 1535, 0, 3, 0, 0, 0.43%, 0, 0, 1, 502.03
1606742098, 1537, 2, 3, 0, 0, 0.43%, 0, 0, 1, 401.70
1606742103, 1541, 0, 3, 0, 0, 0.43%, 0, 0, 1, 488.61
1606742108, 1544, 1, 3, 0, 0, 0.43%, 0, 0, 1, 498.39
1606742113, 1548, 0, 3, 0, 0, 0.43%, 0, 0, 1, 512.66
1606742118, 1551, 0, 3, 0, 0, 0.43%, 0, 0, 1, 502.81
1606742123, 1554, 1, 3, 0, 0, 0.43%, 0, 0, 1, 511.94
1606742129, 1557, 2, 3, 0, 0, 0.43%, 0, 0, 1, 515.85
1606742134, 1561, 1, 3, 0, 0, 0.43%, 0, 0, 1, 515.52
1606742139, 1564, 1, 3, 0, 0, 0.43%, 0, 0, 1, 493.82
1606742144, 1567, 2, 3, 0, 0, 0.43%, 0, 0, 1, 500.66
1606742149, 1571, 0, 3, 0, 0, 0.43%, 0, 0, 1, 509.14
1606742154, 1574, 1, 3, 0, 0, 0.43%, 0, 0, 1, 504.07
1606742159, 1577, 2, 3, 0, 0, 0.43%, 0, 0, 1, 488.38
1606742164, 1581, 0, 3, 0, 0, 0.43%, 0, 0, 1, 506.97
1606742169, 1584, 1, 3, 0, 0, 0.43%, 0, 0, 1, 518.70
1606742174, 1588, 0, 3, 0, 0, 0.43%, 0, 0, 1, 519.48
1606742179, 1591, 1, 3, 0, 0, 0.43%, 0, 0, 1, 518.85
1606742184, 1594, 2, 3, 0, 0, 0.43%, 0, 0, 1, 499.30
1606742189, 1598, 0, 3, 0, 0, 0.43%, 0, 0, 1, 515.59
1606742195, 1601, 2, 3, 0, 0, 0.43%, 0, 0, 1, 518.45
1606742200, 1605, 0, 3, 0, 0, 0.43%, 0, 0, 1, 518.15
1606742205, 1608, 1, 3, 0, 0, 0.43%, 0, 0, 1, 519.62
1606742210, 1611, 2, 3, 0, 0, 0.43%, 0, 0, 1, 510.40
1606742215, 1615, 0, 3, 0, 0, 0.43%, 0, 0, 1, 499.73
1606742220, 1618, 1, 3, 0, 0, 0.43%, 0, 0, 1, 510.01
1606742225, 1621, 2, 3, 0, 0, 0.43%, 0, 0, 1, 513.27
1606742230, 1625, 1, 3, 0, 0, 0.43%, 0, 0, 1, 513.94
1606742235, 1628, 2, 3, 0, 0, 0.43%, 0, 0, 1, 516.12
1606742240, 1631, 2, 3, 0, 0, 0.43%, 0, 0, 1, 504.57
1606742245, 1635, 0, 3, 0, 0, 0.43%, 0, 0, 1, 477.35
1606742250, 1638, 1, 3, 0, 0, 0.43%, 0, 0, 1, 468.57
1606742256, 1641, 2, 3, 0, 0, 0.43%, 0, 0, 1, 503.63
1606742261, 1645, 0, 3, 0, 0, 0.43%, 0, 0, 1, 523.92
1606742266, 1648, 1, 3, 0, 0, 0.43%, 0, 0, 1, 504.41
1606742271, 1652, 0, 3, 0, 0, 0.43%, 0, 0, 1, 518.12
1606742276, 1655, 1, 3, 0, 0, 0.43%, 0, 0, 1, 530.15
1606742281, 1658, 2, 3, 0, 0, 0.43%, 0, 0, 1, 496.26
1606742286, 1662, 1, 3, 0, 0, 0.43%, 0, 0, 1, 536.38
1606742291, 1665, 2, 3, 0, 0, 0.43%, 0, 0, 1, 542.79
1606742296, 1669, 1, 3, 0, 0, 0.43%, 0, 0, 1, 545.29
1606742301, 1673, 0, 3, 0, 0, 0.43%, 0, 0, 1, 544.79
1606742306, 1676, 1, 3, 0, 0, 0.43%, 0, 0, 1, 535.99
1606742311, 1680, 0, 3, 0, 0, 0.43%, 0, 0, 1, 540.22
1606742316, 1683, 2, 3, 0, 0, 0.43%, 0, 0, 1, 546.78
1606742321, 1687, 1, 3, 0, 0, 0.43%, 0, 0, 1, 549.97
1606742326, 1691, 0, 3, 0, 0, 0.43%, 0, 0, 1, 552.00
1606742332, 1694, 2, 3, 0, 0, 0.43%, 0, 0, 1, 551.51
1606742337, 1698, 1, 3, 0, 0, 0.43%, 0, 0, 1, 549.35
1606742342, 1702, 0, 3, 0, 0, 0.43%, 0, 0, 1, 512.26
1606742347, 1705, 0, 3, 0, 0, 0.43%, 0, 0, 1, 479.27
1606742352, 1708, 1, 3, 0, 0, 0.43%, 0, 0, 1, 508.08
1606742357, 1712, 0, 3, 0, 0, 0.43%, 0, 0, 1, 538.82
1606742362, 1715, 2, 3, 0, 0, 0.43%, 0, 0, 1, 543.49
1606742367, 1719, 1, 3, 0, 0, 0.43%, 0, 0, 1, 538.05
1606742372, 1722, 2, 3, 0, 0, 0.43%, 0, 0, 1, 544.61
1606742377, 1726, 1, 3, 0, 0, 0.43%, 0, 0, 1, 545.07
1606742383, 1730, 0, 3, 0, 0, 0.43%, 0, 0, 1, 545.72
1606742388, 1733, 2, 3, 0, 0, 0.43%, 0, 0, 1, 547.93
1606742393, 1737, 0, 3, 0, 0, 0.43%, 0, 0, 1, 542.73
1606742398, 1740, 2, 3, 0, 0, 0.43%, 0, 0, 1, 538.14
1606742403, 1744, 0, 3, 0, 0, 0.43%, 0, 0, 1, 515.65
1606742408, 1747, 2, 3, 0, 0, 0.43%, 0, 0, 1, 536.21
1606742413, 1751, 0, 3, 0, 0, 0.43%, 0, 0, 1, 543.98
1606742418, 1754, 2, 3, 0, 0, 0.43%, 0, 0, 1, 543.86
1606742423, 1758, 1, 3, 0, 0, 0.43%, 0, 0, 1, 545.28
1606742428, 1762, 0, 3, 0, 0, 0.43%, 0, 0, 1, 539.59
1606742433, 1765, 1, 3, 0, 0, 0.43%, 0, 0, 1, 534.41
1606742438, 1768, 2, 3, 0, 0, 0.43%, 0, 0, 1, 500.27
1606742443, 1772, 0, 3, 0, 0, 0.43%, 0, 0, 1, 505.49
1606742448, 1775, 0, 3, 0, 0, 0.43%, 0, 0, 1, 480.04
1606742454, 1778, 2, 3, 0, 0, 0.43%, 0, 0, 1, 527.34
1606742459, 1782, 1, 3, 0, 0, 0.43%, 0, 0, 1, 540.42
1606742464, 1786, 0, 3, 0, 0, 0.43%, 0, 0, 1, 545.49
1606742469, 1789, 1, 3, 0, 0, 0.43%, 0, 0, 1, 545.15
1606742474, 1793, 0, 3, 0, 0, 0.43%, 0, 0, 1, 549.35
1606742479, 1796, 2, 3, 0, 0, 0.43%, 0, 0, 1, 551.41
1606742484, 1800, 1, 3, 0, 0, 0.43%, 0, 0, 1, 551.22
1606742489, 1804, 0, 3, 0, 0, 0.43%, 0, 0, 1, 549.39
1606742494, 1807, 2, 3, 0, 0, 0.43%, 0, 0, 1, 551.88
1606742499, 1811, 0, 3, 0, 0, 0.43%, 0, 0, 1, 550.72
1606742504, 1814, 2, 3, 0, 0, 0.43%, 0, 0, 1, 546.10
1606742509, 1818, 1, 3, 0, 0, 0.43%, 0, 0, 1, 548.83
1606742514, 1822, 0, 3, 0, 0, 0.43%, 0, 0, 1, 547.68
1606742519, 1825, 2, 3, 0, 0, 0.43%, 0, 0, 1, 548.07
1606742524, 1829, 1, 3, 0, 0, 0.43%, 0, 0, 1, 552.66
1606742529, 1832, 2, 3, 0, 0, 0.43%, 0, 0, 1, 545.61
1606742534, 1836, 1, 3, 0, 0, 0.43%, 0, 0, 1, 545.96
1606742539, 1840, 0, 3, 0, 0, 0.43%, 0, 0, 1, 544.93
1606742544, 1843, 1, 3, 0, 0, 0.43%, 0, 0, 1, 544.17
1606742549, 1847, 0, 3, 0, 0, 0.43%, 0, 0, 1, 545.14
1606742554, 1850, 2, 3, 0, 0, 0.43%, 0, 0, 1, 545.01
1606742559, 1854, 0, 3, 0, 0, 0.43%, 0, 0, 1, 542.26
1606742564, 1857, 2, 3, 0, 0, 0.43%, 0, 0, 1, 547.30
1606742569, 1861, 1, 3, 0, 0, 0.43%, 0, 0, 1, 550.27
1606742575, 1865, 0, 3, 0, 0, 0.43%, 0, 0, 1, 551.47
1606742580, 1868, 2, 3, 0, 0, 0.43%, 0, 0, 1, 539.26
1606742585, 1872, 1, 3, 0, 0, 0.43%, 0, 0, 1, 542.93
1606742590, 1875, 2, 3, 0, 0, 0.43%, 0, 0, 1, 525.42
1606742595, 1879, 0, 3, 0, 0, 0.43%, 0, 0, 1, 545.07
1606742600, 1882, 2, 3, 0, 0, 0.43%, 0, 0, 1, 550.46
1606742605, 1886, 1, 3, 0, 0, 0.43%, 0, 0, 1, 548.93
1606742610, 1890, 0, 3, 0, 0, 0.43%, 0, 0, 1, 542.59
1606742615, 1893, 2, 3, 0, 0, 0.43%, 0, 0, 1, 537.86
1606742620, 1897, 0, 3, 0, 0, 0.43%, 0, 0, 1, 544.63
1606742625, 1900, 2, 3, 0, 0, 0.43%, 0, 0, 1, 548.87
1606742630, 1904, 1, 3, 0, 0, 0.43%, 0, 0, 1, 550.05
1606742636, 1908, 0, 3, 0, 0, 0.43%, 0, 0, 1, 550.77
1606742641, 1911, 2, 3, 0, 0, 0.43%, 0, 0, 1, 551.76
1606742646, 1915, 1, 3, 0, 0, 0.43%, 0, 0, 1, 551.60
1606742651, 1919, 0, 3, 0, 0, 0.43%, 0, 0, 1, 551.38
1606742656, 1922, 2, 3, 0, 0, 0.43%, 0, 0, 1, 552.06
1606742661, 1926, 1, 3, 0, 0, 0.43%, 0, 0, 1, 548.59
1606742666, 1930, 0, 3, 0, 0, 0.43%, 0, 0, 1, 551.28
1606742671, 1933, 2, 3, 0, 0, 0.43%, 0, 0, 1, 539.67
1606742676, 1936, 2, 3, 0, 0, 0.43%, 0, 0, 1, 507.69
1606742681, 1940, 1, 3, 0, 0, 0.43%, 0, 0, 1, 542.29
1606742686, 1944, 0, 3, 0, 0, 0.43%, 0, 0, 1, 550.26
1606742692, 1947, 2, 3, 0, 0, 0.43%, 0, 0, 1, 548.72
1606742697, 1951, 1, 3, 0, 0, 0.43%, 0, 0, 1, 550.02
1606742702, 1955, 0, 3, 0, 0, 0.43%, 0, 0, 1, 551.09
1606742707, 1958, 2, 3, 0, 0, 0.43%, 0, 0, 1, 552.26
1606742712, 1962, 1, 3, 0, 0, 0.43%, 0, 0, 1, 552.23
1606742717, 1966, 0, 3, 0, 0, 0.43%, 0, 0, 1, 535.79
1606742722, 1969, 2, 3, 0, 0, 0.43%, 0, 0, 1, 542.86
1606742727, 1973, 0, 3, 0, 0, 0.43%, 0, 0, 1, 547.57
1606742732, 1976, 2, 3, 0, 0, 0.43%, 0, 0, 1, 548.18
1606742737, 1980, 1, 3, 0, 0, 0.43%, 0, 0, 1, 545.86
1606742742, 1984, 0, 3, 0, 0, 0.43%, 0, 0, 1, 549.00
1606742747, 1987, 2, 3, 0, 0, 0.43%, 0, 0, 1, 549.61
1606742752, 1991, 1, 3, 0, 0, 0.43%, 0, 0, 1, 550.80
1606742757, 1994, 2, 3, 0, 0, 0.43%, 0, 0, 1, 551.51
1606742762, 1998, 1, 3, 0, 0, 0.43%, 0, 0, 1, 549.46
1606742768, 2002, 0, 3, 0, 0, 0.43%, 0, 0, 1, 551.88
1606742773, 2005, 2, 3, 0, 0, 0.43%, 0, 0, 1, 552.23
1606742778, 2009, 1, 3, 0, 0, 0.43%, 0, 0, 1, 553.24
1606742783, 2013, 0, 3, 0, 0, 0.43%, 0, 0, 1, 551.77
1606742788, 2016, 2, 3, 0, 0, 0.43%, 0, 0, 1, 552.84
1606742793, 2020, 1, 3, 0, 0, 0.43%, 0, 0, 1, 547.52
1606742798, 2023, 2, 3, 0, 0, 0.43%, 0, 0, 1, 546.41
1606742803, 2027, 1, 3, 0, 0, 0.43%, 0, 0, 1, 551.97
1606742808, 2031, 0, 3, 0, 0, 0.43%, 0, 0, 1, 550.68
1606742813, 2035, 0, 3, 0, 0, 0.43%, 0, 0, 1, 551.89
1606742818, 2038, 1, 3, 0, 0, 0.43%, 0, 0, 1, 552.28
1606742823, 2042, 0, 3, 0, 0, 0.43%, 0, 0, 1, 553.09
1606742828, 2045, 2, 3, 0, 0, 0.43%, 0, 0, 1, 552.23
1606742834, 2049, 1, 3, 0, 0, 0.43%, 0, 0, 1, 548.76
1606742839, 2053, 0, 3, 0, 0, 0.43%, 0, 0, 1, 544.70
1606742844, 2056, 2, 3, 0, 0, 0.43%, 0, 0, 1, 547.41
1606742849, 2060, 0, 3, 0, 0, 0.43%, 0, 0, 1, 549.36
1606742854, 2064, 0, 3, 0, 0, 0.43%, 0, 0, 1, 551.01
1606742859, 2067, 2, 3, 0, 0, 0.43%, 0, 0, 1, 548.16
1606742864, 2071, 1, 3, 0, 0, 0.43%, 0, 0, 1, 548.25
1606742869, 2074, 2, 3, 0, 0, 0.43%, 0, 0, 1, 549.07
1606742874, 2078, 1, 3, 0, 0, 0.43%, 0, 0, 1, 550.97
1606742879, 2082, 0, 3, 0, 0, 0.43%, 0, 0, 1, 551.55
1606742885, 2085, 2, 3, 0, 0, 0.43%, 0, 0, 1, 547.79
1606742890, 2089, 2, 3, 0, 0, 0.43%, 0, 0, 1, 548.29
1606742895, 2093, 1, 3, 0, 0, 0.43%, 0, 0, 1, 551.65
1606742900, 2097, 0, 3, 0, 0, 0.43%, 0, 0, 1, 551.86
1606742905, 2100, 2, 3, 0, 0, 0.43%, 0, 0, 1, 551.80
1606742910, 2104, 1, 3, 0, 0, 0.43%, 0, 0, 1, 550.25
1606742915, 2107, 2, 3, 0, 0, 0.43%, 0, 0, 1, 545.30
1606742920, 2111, 1, 3, 0, 0, 0.43%, 0, 0, 1, 537.92
1606742925, 2115, 0, 3, 0, 0, 0.43%, 0, 0, 1, 545.94
1606742930, 2118, 2, 3, 0, 0, 0.43%, 0, 0, 1, 551.38
1606742936, 2122, 1, 3, 0, 0, 0.43%, 0, 0, 1, 552.22
1606742941, 2126, 0, 3, 0, 0, 0.43%, 0, 0, 1, 551.46
1606742946, 2129, 2, 3, 0, 0, 0.43%, 0, 0, 1, 548.62
1606742951, 2133, 1, 3, 0, 0, 0.43%, 0, 0, 1, 550.66
1606742956, 2137, 0, 3, 0, 0, 0.43%, 0, 0, 1, 547.40
1606742961, 2140, 2, 3, 0, 0, 0.43%, 0, 0, 1, 548.91
1606742967, 2144, 1, 3, 0, 0, 0.43%, 0, 0, 1, 548.93
1606742972, 2148, 0, 3, 0, 0, 0.43%, 0, 0, 1, 547.26
1606742977, 2151, 2, 3, 0, 0, 0.43%, 0, 0, 1, 544.22
1606742982, 2155, 0, 3, 0, 0, 0.43%, 0, 0, 1, 539.74
1606742987, 2158, 2, 3, 0, 0, 0.43%, 0, 0, 1, 544.09
1606742992, 2162, 1, 3, 0, 0, 0.43%, 0, 0, 1, 546.43
1606742997, 2166, 0, 3, 0, 0, 0.43%, 0, 0, 1, 545.96
1606743002, 2169, 2, 3, 0, 0, 0.43%, 0, 0, 1, 548.37
1606743007, 2173, 1, 3, 0, 0, 0.43%, 0, 0, 1, 547.40
1606743012, 2177, 0, 3, 0, 0, 0.43%, 0, 0, 1, 550.19
1606743017, 2180, 1, 3, 0, 0, 0.43%, 0, 0, 1, 551.13
1606743022, 2184, 0, 3, 0, 0, 0.43%, 0, 0, 1, 548.98
1606743027, 2187, 2, 3, 0, 0, 0.43%, 0, 0, 1, 550.42
1606743032, 2191, 1, 3, 0, 0, 0.43%, 0, 0, 1, 547.96
1606743037, 2195, 0, 3, 0, 0, 0.43%, 0, 0, 1, 545.93
1606743042, 2198, 1, 3, 0, 0, 0.43%, 0, 0, 1, 537.50
1606743047, 2202, 0, 3, 0, 0, 0.43%, 0, 0, 1, 540.63
1606743053, 2205, 2, 3, 0, 0, 0.43%, 0, 0, 1, 547.91
1606743058, 2209, 1, 3, 0, 0, 0.43%, 0, 0, 1, 545.75
1606743063, 2213, 0, 3, 0, 0, 0.43%, 0, 0, 1, 543.84
1606743068, 2216, 1, 3, 0, 0, 0.43%, 0, 0, 1, 542.48
1606743073, 2220, 0, 3, 0, 0, 0.43%, 0, 0, 1, 545.63
1606743078, 2223, 2, 3, 0, 0, 0.43%, 0, 0, 1, 547.41
1606743083, 2227, 1, 3, 0, 0, 0.43%, 0, 0, 1, 550.28
1606743088, 2230, 2, 3, 0, 0, 0.43%, 0, 0, 1, 547.71
1606743093, 2234, 1, 3, 0, 0, 0.43%, 0, 0, 1, 546.18
1606743098, 2238, 0, 3, 0, 0, 0.43%, 0, 0, 1, 545.77
1606743103, 2241, 2, 3, 0, 0, 0.43%, 0, 0, 1, 547.29
1606743108, 2245, 0, 3, 0, 0, 0.43%, 0, 0, 1, 546.63
1606743113, 2248, 2, 3, 0, 0, 0.43%, 0, 0, 1, 546.69
1606743118, 2252, 1, 3, 0, 0, 0.43%, 0, 0, 1, 548.18
1606743123, 2256, 0, 3, 0, 0, 0.43%, 0, 0, 1, 518.68
1606743129, 2259, 1, 3, 0, 0, 0.43%, 0, 0, 1, 533.16
1606743134, 2263, 0, 3, 0, 0, 0.43%, 0, 0, 1, 540.76
1606743139, 2266, 2, 3, 0, 0, 0.43%, 0, 0, 1, 541.16
1606743144, 2270, 1, 3, 0, 0, 0.43%, 0, 0, 1, 542.94
1606743149, 2274, 0, 3, 0, 0, 0.43%, 0, 0, 1, 542.55
1606743155, 2277, 2, 3, 0, 0, 0.43%, 0, 0, 1, 540.27
1606743160, 2281, 1, 3, 0, 0, 0.43%, 0, 0, 1, 541.77
1606743165, 2285, 0, 3, 0, 0, 0.43%, 0, 0, 1, 541.57
1606743170, 2288, 2, 3, 0, 0, 0.43%, 0, 0, 1, 537.78
1606743175, 2292, 1, 3, 0, 0, 0.43%, 0, 0, 1, 537.86
1606743180, 2296, 0, 3, 0, 0, 0.43%, 0, 0, 1, 537.13
1606743186, 2299, 1, 3, 0, 0, 0.43%, 0, 0, 1, 535.53
1606743191, 2303, 0, 3, 0, 0, 0.43%, 0, 0, 1, 536.41
1606743196, 2306, 2, 3, 0, 0, 0.43%, 0, 0, 1, 539.23
1606743201, 2310, 1, 3, 0, 0, 0.43%, 0, 0, 1, 541.33
1606743206, 2314, 0, 3, 0, 0, 0.43%, 0, 0, 1, 542.51
1606743211, 2317, 2, 3, 0, 0, 0.43%, 0, 0, 1, 535.65
1606743217, 2321, 1, 3, 0, 0, 0.43%, 0, 0, 1, 537.40
1606743222, 2325, 0, 3, 0, 0, 0.43%, 0, 0, 1, 542.36
1606743227, 2328, 2, 3, 0, 0, 0.43%, 0, 0, 1, 540.96
1606743232, 2332, 1, 3, 0, 0, 0.43%, 0, 0, 1, 539.51
1606743237, 2335, 2, 3, 0, 0, 0.43%, 0, 0, 1, 536.19
1606743242, 2339, 1, 3, 0, 0, 0.43%, 0, 0, 1, 541.43
1606743248, 2343, 0, 3, 0, 0, 0.43%, 0, 0, 1, 543.23
1606743253, 2346, 2, 3, 0, 0, 0.43%, 0, 0, 1, 541.07
1606743258, 2350, 1, 3, 0, 0, 0.43%, 0, 0, 1, 541.44
1606743263, 2354, 0, 3, 0, 0, 0.43%, 0, 0, 1, 542.10
1606743268, 2357, 2, 3, 0, 0, 0.43%, 0, 0, 1, 542.78
1606743273, 2361, 1, 3, 0, 0, 0.43%, 0, 0, 1, 542.07
1606743278, 2364, 2, 3, 0, 0, 0.43%, 0, 0, 1, 539.65
1606743283, 2368, 1, 3, 0, 0, 0.43%, 0, 0, 1, 531.22
1606743289, 2372, 0, 3, 0, 0, 0.43%, 0, 0, 1, 535.60
1606743294, 2375, 2, 3, 0, 0, 0.43%, 0, 0, 1, 536.38
1606743299, 2379, 1, 3, 0, 0, 0.43%, 0, 0, 1, 534.77
1606743304, 2382, 2, 3, 0, 0, 0.43%, 0, 0, 1, 536.65
1606743309, 2386, 1, 3, 0, 0, 0.43%, 0, 0, 1, 537.47
1606743315, 2390, 0, 3, 0, 0, 0.43%, 0, 0, 1, 537.90
1606743320, 2393, 2, 3, 0, 0, 0.43%, 0, 0, 1, 539.93
1606743325, 2397, 1, 3, 0, 0, 0.43%, 0, 0, 1, 542.26
1606743330, 2401, 0, 3, 0, 0, 0.43%, 0, 0, 1, 541.66
1606743335, 2404, 1, 3, 0, 0, 0.43%, 0, 0, 1, 537.38
1606743340, 2408, 0, 3, 0, 0, 0.43%, 0, 0, 1, 540.70
1606743345, 2411, 2, 3, 0, 0, 0.43%, 0, 0, 1, 542.25
1606743351, 2415, 1, 3, 0, 0, 0.43%, 0, 0, 1, 542.88
1606743356, 2419, 0, 3, 0, 0, 0.43%, 0, 0, 1, 538.60
1606743361, 2422, 2, 3, 0, 0, 0.43%, 0, 0, 1, 540.83
1606743366, 2426, 1, 3, 0, 0, 0.43%, 0, 0, 1, 541.88
1606743371, 2430, 0, 3, 0, 0, 0.43%, 0, 0, 1, 542.20
1606743376, 2433, 2, 3, 0, 0, 0.43%, 0, 0, 1, 541.88
1606743382, 2437, 1, 3, 0, 0, 0.43%, 0, 0, 1, 542.61
1606743387, 2441, 0, 3, 0, 0, 0.43%, 0, 0, 1, 541.31
1606743392, 2444, 2, 3, 0, 0, 0.43%, 0, 0, 1, 541.78
1606743397, 2448, 1, 3, 0, 0, 0.43%, 0, 0, 1, 541.45
1606743402, 2452, 0, 3, 0, 0, 0.43%, 0, 0, 1, 544.16
1606743407, 2455, 1, 3, 0, 0, 0.43%, 0, 0, 1, 538.13
1606743413, 2459, 0, 3, 0, 0, 0.43%, 0, 0, 1, 542.04
1606743418, 2462, 2, 3, 0, 0, 0.43%, 0, 0, 1, 542.18
1606743423, 2466, 1, 3, 0, 0, 0.43%, 0, 0, 1, 541.26
1606743428, 2470, 0, 3, 0, 0, 0.43%, 0, 0, 1, 541.02
1606743433, 2473, 2, 3, 0, 0, 0.43%, 0, 0, 1, 543.26
1606743438, 2477, 1, 3, 0, 0, 0.43%, 0, 0, 1, 538.07
1606743443, 2480, 2, 3, 0, 0, 0.43%, 0, 0, 1, 538.29
1606743449, 2484, 1, 3, 0, 0, 0.43%, 0, 0, 1, 539.61
1606743454, 2488, 0, 3, 0, 0, 0.43%, 0, 0, 1, 538.92
1606743459, 2491, 2, 3, 0, 0, 0.43%, 0, 0, 1, 539.31
1606743464, 2495, 1, 3, 0, 0, 0.43%, 0, 0, 1, 540.31
1606743469, 2499, 0, 3, 0, 0, 0.43%, 0, 0, 1, 540.55
1606743474, 2502, 2, 3, 0, 0, 0.43%, 0, 0, 1, 540.91
1606743480, 2506, 1, 3, 0, 0, 0.43%, 0, 0, 1, 540.77
1606743485, 2510, 0, 3, 0, 0, 0.43%, 0, 0, 1, 540.18
1606743490, 2513, 2, 3, 0, 0, 0.43%, 0, 0, 1, 539.44
1606743495, 2517, 1, 3, 0, 0, 0.43%, 0, 0, 1, 541.71
1606743500, 2521, 0, 3, 0, 0, 0.43%, 0, 0, 1, 540.08
1606743506, 2524, 2, 3, 0, 0, 0.43%, 0, 0, 1, 539.23
1606743511, 2528, 0, 3, 0, 0, 0.43%, 0, 0, 1, 537.68
1606743516, 2531, 2, 3, 0, 0, 0.43%, 0, 0, 1, 535.71
1606743521, 2535, 0, 3, 0, 0, 0.43%, 0, 0, 1, 531.18
1606743526, 2538, 2, 3, 0, 0, 0.43%, 0, 0, 1, 535.77
1606743531, 2542, 0, 3, 0, 0, 0.43%, 0, 0, 1, 524.68
1606743536, 2545, 2, 3, 0, 0, 0.43%, 0, 0, 1, 536.13
1606743541, 2549, 1, 3, 0, 0, 0.43%, 0, 0, 1, 538.58
1606743546, 2553, 0, 3, 0, 0, 0.43%, 0, 0, 1, 539.39
1606743552, 2556, 2, 3, 0, 0, 0.43%, 0, 0, 1, 539.18
1606743557, 2560, 0, 3, 0, 0, 0.43%, 0, 0, 1, 539.06
1606743562, 2563, 2, 3, 0, 0, 0.43%, 0, 0, 1, 538.89
1606743567, 2567, 1, 3, 0, 0, 0.43%, 0, 0, 1, 539.80
1606743572, 2571, 0, 3, 0, 0, 0.43%, 0, 0, 1, 538.56
1606743577, 2574, 2, 3, 0, 0, 0.43%, 0, 0, 1, 537.43
1606743582, 2578, 0, 3, 0, 0, 0.43%, 0, 0, 1, 540.55
1606743587, 2581, 2, 3, 0, 0, 0.43%, 0, 0, 1, 537.30
1606743593, 2585, 1, 3, 0, 0, 0.43%, 0, 0, 1, 540.70
1606743598, 2589, 0, 3, 0, 0, 0.43%, 0, 0, 1, 543.69
1606743603, 2592, 2, 3, 0, 0, 0.43%, 0, 0, 1, 542.63
1606743608, 2596, 1, 3, 0, 0, 0.43%, 0, 0, 1, 543.17
1606743613, 2600, 0, 3, 0, 0, 0.43%, 0, 0, 1, 534.61
1606743618, 2603, 2, 3, 0, 0, 0.43%, 0, 0, 1, 539.95
1606743624, 2607, 1, 3, 0, 0, 0.43%, 0, 0, 1, 542.15
1606743629, 2611, 0, 3, 0, 0, 0.43%, 0, 0, 1, 542.87
1606743634, 2614, 2, 3, 0, 0, 0.43%, 0, 0, 1, 542.90
1606743639, 2618, 0, 3, 0, 0, 0.43%, 0, 0, 1, 540.68
1606743644, 2621, 2, 3, 0, 0, 0.43%, 0, 0, 1, 542.70
1606743650, 2625, 1, 3, 0, 0, 0.43%, 0, 0, 1, 543.36
1606743655, 2629, 0, 3, 0, 0, 0.43%, 0, 0, 1, 533.64
1606743660, 2632, 2, 3, 0, 0, 0.43%, 0, 0, 1, 539.90
1606743665, 2636, 1, 3, 0, 0, 0.43%, 0, 0, 1, 544.08
1606743670, 2640, 0, 3, 0, 0, 0.43%, 0, 0, 1, 543.72
1606743675, 2643, 2, 3, 0, 0, 0.43%, 0, 0, 1, 546.12
1606743680, 2647, 1, 3, 0, 0, 0.43%, 0, 0, 1, 546.02
1606743686, 2651, 0, 3, 0, 0, 0.43%, 0, 0, 1, 544.47
1606743691, 2654, 2, 3, 0, 0, 0.43%, 0, 0, 1, 542.64
1606743696, 2658, 1, 3, 0, 0, 0.43%, 0, 0, 1, 538.27
1606743701, 2662, 0, 3, 0, 0, 0.43%, 0, 0, 1, 540.12
1606743706, 2665, 2, 3, 0, 0, 0.43%, 0, 0, 1, 543.62
1606743711, 2669, 1, 3, 0, 0, 0.43%, 0, 0, 1, 543.80
1606743717, 2673, 0, 3, 0, 0, 0.43%, 0, 0, 1, 543.00
1606743722, 2676, 2, 3, 0, 0, 0.43%, 0, 0, 1, 545.18
1606743727, 2680, 0, 3, 0, 0, 0.43%, 0, 0, 1, 521.84
1606743732, 2683, 2, 3, 0, 0, 0.43%, 0, 0, 1, 540.98
1606743737, 2687, 1, 3, 0, 0, 0.43%, 0, 0, 1, 539.73
1606743742, 2691, 0, 3, 0, 0, 0.43%, 0, 0, 1, 543.69
1606743748, 2694, 2, 3, 0, 0, 0.43%, 0, 0, 1, 544.10
1606743753, 2698, 1, 3, 0, 0, 0.43%, 0, 0, 1, 545.28
1606743758, 2702, 0, 3, 0, 0, 0.43%, 0, 0, 1, 544.43
1606743763, 2705, 1, 3, 0, 0, 0.43%, 0, 0, 1, 541.45
1606743768, 2709, 0, 3, 0, 0, 0.43%, 0, 0, 1, 542.47
1606743773, 2712, 2, 3, 0, 0, 0.43%, 0, 0, 1, 543.45
1606743779, 2716, 1, 3, 0, 0, 0.43%, 0, 0, 1, 539.61
1606743784, 2720, 0, 3, 0, 0, 0.43%, 0, 0, 1, 540.70
1606743789, 2723, 2, 3, 0, 0, 0.43%, 0, 0, 1, 543.76
1606743794, 2727, 1, 3, 0, 0, 0.43%, 0, 0, 1, 540.91
1606743799, 2731, 0, 3, 0, 0, 0.43%, 0, 0, 1, 544.00
1606743804, 2734, 2, 3, 0, 0, 0.43%, 0, 0, 1, 542.72
1606743809, 2738, 1, 3, 0, 0, 0.43%, 0, 0, 1, 540.66
1606743815, 2742, 0, 3, 0, 0, 0.43%, 0, 0, 1, 541.01
1606743820, 2745, 2, 3, 0, 0, 0.43%, 0, 0, 1, 540.69
1606743825, 2749, 1, 3, 0, 0, 0.43%, 0, 0, 1, 542.79
1606743830, 2753, 0, 3, 0, 0, 0.43%, 0, 0, 1, 545.23
1606743835, 2756, 2, 3, 0, 0, 0.43%, 0, 0, 1, 544.76
1606743840, 2760, 1, 3, 0, 0, 0.43%, 0, 0, 1, 544.23
1606743846, 2764, 0, 3, 0, 0, 0.43%, 0, 0, 1, 545.15
1606743851, 2767, 1, 3, 0, 0, 0.43%, 0, 0, 1, 545.40
1606743856, 2771, 0, 3, 0, 0, 0.43%, 0, 0, 1, 545.53
1606743861, 2774, 2, 3, 0, 0, 0.43%, 0, 0, 1, 546.69
1606743866, 2778, 1, 3, 0, 0, 0.43%, 0, 0, 1, 545.22
1606743871, 2782, 0, 3, 0, 0, 0.43%, 0, 0, 1, 542.03
1606743877, 2785, 2, 3, 0, 0, 0.43%, 0, 0, 1, 542.70
1606743882, 2789, 1, 3, 0, 0, 0.43%, 0, 0, 1, 543.68
1606743887, 2793, 0, 3, 0, 0, 0.43%, 0, 0, 1, 544.60
1606743892, 2796, 2, 3, 0, 0, 0.43%, 0, 0, 1, 545.78
1606743897, 2800, 1, 3, 0, 0, 0.43%, 0, 0, 1, 538.27
1606743902, 2804, 0, 3, 0, 0, 0.43%, 0, 0, 1, 538.96
1606743908, 2807, 2, 3, 0, 0, 0.43%, 0, 0, 1, 542.93
1606743913, 2811, 1, 3, 0, 0, 0.43%, 0, 0, 1, 543.23
1606743918, 2815, 0, 3, 0, 0, 0.43%, 0, 0, 1, 539.37
1606743923, 2818, 2, 3, 0, 0, 0.43%, 0, 0, 1, 543.34
1606743928, 2822, 1, 3, 0, 0, 0.43%, 0, 0, 1, 545.23
1606743933, 2826, 0, 3, 0, 0, 0.43%, 0, 0, 1, 532.23
1606743938, 2829, 1, 3, 0, 0, 0.43%, 0, 0, 1, 542.00
1606743943, 2833, 0, 3, 0, 0, 0.43%, 0, 0, 1, 546.95
1606743949, 2836, 2, 3, 0, 0, 0.43%, 0, 0, 1, 546.26
1606743954, 2840, 1, 3, 0, 0, 0.43%, 0, 0, 1, 545.49
1606743959, 2844, 0, 3, 0, 0, 0.43%, 0, 0, 1, 545.18
1606743964, 2847, 2, 3, 0, 0, 0.43%, 0, 0, 1, 545.93
1606743969, 2851, 1, 3, 0, 0, 0.43%, 0, 0, 1, 542.38
1606743974, 2855, 0, 3, 0, 0, 0.43%, 0, 0, 1, 541.27
1606743980, 2858, 2, 3, 0, 0, 0.43%, 0, 0, 1, 543.29
1606743985, 2862, 0, 3, 0, 0, 0.43%, 0, 0, 1, 540.27
1606743990, 2865, 2, 3, 0, 0, 0.43%, 0, 0, 1, 540.83
1606743995, 2869, 1, 3, 0, 0, 0.43%, 0, 0, 1, 540.98
1606744000, 2873, 0, 3, 0, 0, 0.43%, 0, 0, 1, 541.65
1606744005, 2876, 2, 3, 0, 0, 0.43%, 0, 0, 1, 543.67
1606744010, 2880, 1, 3, 0, 0, 0.43%, 0, 0, 1, 542.57
1606744016, 2884, 0, 3, 0, 0, 0.43%, 0, 0, 1, 542.37
1606744021, 2887, 1, 3, 0, 0, 0.43%, 0, 0, 1, 537.77
1606744026, 2891, 0, 3, 0, 0, 0.43%, 0, 0, 1, 541.46
1606744031, 2894, 2, 3, 0, 0, 0.43%, 0, 0, 1, 542.09
1606744036, 2898, 1, 3, 0, 0, 0.43%, 0, 0, 1, 543.70
1606744041, 2902, 0, 3, 0, 0, 0.43%, 0, 0, 1, 544.95
1606744046, 2905, 2, 3, 0, 0, 0.43%, 0, 0, 1, 544.67
1606744051, 2909, 1, 3, 0, 0, 0.43%, 0, 0, 1, 545.19
1606744057, 2913, 0, 3, 0, 0, 0.43%, 0, 0, 1, 542.46
1606744062, 2916, 2, 3, 0, 0, 0.43%, 0, 0, 1, 543.85
1606744067, 2920, 1, 3, 0, 0, 0.43%, 0, 0, 1, 540.36
1606744072, 2924, 0, 3, 0, 0, 0.43%, 0, 0, 1, 541.68
1606744077, 2927, 1, 3, 0, 0, 0.43%, 0, 0, 1, 541.51
1606744082, 2931, 0, 3, 0, 0, 0.43%, 0, 0, 1, 544.72
1606744087, 2934, 2, 3, 0, 0, 0.43%, 0, 0, 1, 544.63
1606744093, 2938, 1, 3, 0, 0, 0.43%, 0, 0, 1, 545.92
1606744098, 2942, 0, 3, 0, 0, 0.43%, 0, 0, 1, 542.81
1606744103, 2945, 2, 3, 0, 0, 0.43%, 0, 0, 1, 542.50
1606744108, 2949, 1, 3, 0, 0, 0.43%, 0, 0, 1, 544.93
1606744113, 2953, 0, 3, 0, 0, 0.43%, 0, 0, 1, 542.91
1606744118, 2956, 2, 3, 0, 0, 0.43%, 0, 0, 1, 544.65
1606744124, 2960, 1, 3, 0, 0, 0.43%, 0, 0, 1, 545.95
1606744129, 2964, 0, 3, 0, 0, 0.43%, 0, 0, 1, 545.67
1606744134, 2967, 2, 3, 0, 0, 0.43%, 0, 0, 1, 541.86
1606744139, 2971, 1, 3, 0, 0, 0.43%, 0, 0, 1, 539.31
1606744144, 2975, 0, 3, 0, 0, 0.43%, 0, 0, 1, 539.43
1606744149, 2978, 1, 3, 0, 0, 0.43%, 0, 0, 1, 542.53
1606744154, 2982, 0, 3, 0, 0, 0.43%, 0, 0, 1, 543.67
1606744160, 2985, 2, 3, 0, 0, 0.43%, 0, 0, 1, 545.18
1606744165, 2989, 1, 3, 0, 0, 0.43%, 0, 0, 1, 544.31
1606744170, 2993, 0, 3, 0, 0, 0.43%, 0, 0, 1, 544.41
1606744175, 2996, 2, 3, 0, 0, 0.43%, 0, 0, 1, 543.87
1606744180, 3000, 1, 3, 0, 0, 0.43%, 0, 0, 1, 544.97
1606744185, 3004, 0, 3, 0, 0, 0.43%, 0, 0, 1, 543.62
1606744191, 3007, 2, 3, 0, 0, 0.43%, 0, 0, 1, 542.47
1606744196, 3011, 1, 3, 0, 0, 0.43%, 0, 0, 1, 543.96
1606744201, 3015, 0, 3, 0, 0, 0.43%, 0, 0, 1, 545.31
1606744206, 3018, 2, 3, 0, 0, 0.43%, 0, 0, 1, 547.16
1606744211, 3022, 1, 3, 0, 0, 0.43%, 0, 0, 1, 538.75
1606744216, 3026, 0, 3, 0, 0, 0.43%, 0, 0, 1, 539.51
1606744222, 3029, 2, 3, 0, 0, 0.43%, 0, 0, 1, 544.57
1606744227, 3033, 1, 3, 0, 0, 0.43%, 0, 0, 1, 541.41
1606744232, 3037, 0, 3, 0, 0, 0.43%, 0, 0, 1, 541.19
1606744237, 3040, 2, 3, 0, 0, 0.43%, 0, 0, 1, 541.09
1606744242, 3044, 1, 3, 0, 0, 0.43%, 0, 0, 1, 542.46
1606744247, 3048, 0, 3, 0, 0, 0.43%, 0, 0, 1, 545.65
1606744252, 3051, 2, 3, 0, 0, 0.43%, 0, 0, 1, 546.49
1606744258, 3055, 1, 3, 0, 0, 0.43%, 0, 0, 1, 542.95
1606744263, 3059, 0, 3, 0, 0, 0.43%, 0, 0, 1, 544.16
1606744268, 3062, 2, 3, 0, 0, 0.43%, 0, 0, 1, 542.72
1606744273, 3066, 1, 3, 0, 0, 0.43%, 0, 0, 1, 543.04
1606744278, 3069, 2, 3, 0, 0, 0.43%, 0, 0, 1, 542.82
1606744283, 3073, 1, 3, 0, 0, 0.43%, 0, 0, 1, 543.02
1606744288, 3077, 0, 3, 0, 0, 0.43%, 0, 0, 1, 543.52
1606744293, 3080, 1, 3, 0, 0, 0.43%, 0, 0, 1, 540.93
1606744299, 3084, 0, 3, 0, 0, 0.43%, 0, 0, 1, 541.70
1606744304, 3087, 2, 3, 0, 0, 0.43%, 0, 0, 1, 541.37
1606744309, 3091, 1, 3, 0, 0, 0.43%, 0, 0, 1, 540.52
1606744314, 3095, 0, 3, 0, 0, 0.43%, 0, 0, 1, 542.00
1606744319, 3098, 2, 3, 0, 0, 0.43%, 0, 0, 1, 541.81
1606744324, 3102, 1, 3, 0, 0, 0.43%, 0, 0, 1, 540.55
1606744330, 3105, 2, 3, 0, 0, 0.43%, 0, 0, 1, 520.55
1606744335, 3109, 1, 3, 0, 0, 0.43%, 0, 0, 1, 540.22
1606744340, 3113, 0, 3, 0, 0, 0.43%, 0, 0, 1, 543.42
1606744345, 3116, 2, 3, 0, 0, 0.43%, 0, 0, 1, 543.94
1606744350, 3120, 1, 3, 0, 0, 0.43%, 0, 0, 1, 544.67
1606744355, 3124, 0, 3, 0, 0, 0.43%, 0, 0, 1, 544.67
1606744361, 3127, 2, 3, 0, 0, 0.43%, 0, 0, 1, 545.24
1606744366, 3131, 1, 3, 0, 0, 0.43%, 0, 0, 1, 544.35
1606744371, 3135, 0, 3, 0, 0, 0.43%, 0, 0, 1, 544.22
1606744376, 3138, 2, 3, 0, 0, 0.43%, 0, 0, 1, 542.58
1606744381, 3142, 1, 3, 0, 0, 0.43%, 0, 0, 1, 542.38
1606744386, 3146, 0, 3, 0, 0, 0.43%, 0, 0, 1, 535.25
1606744391, 3149, 2, 3, 0, 0, 0.43%, 0, 0, 1, 540.05
1606744397, 3153, 1, 3, 0, 0, 0.43%, 0, 0, 1, 542.28
1606744402, 3157, 0, 3, 0, 0, 0.43%, 0, 0, 1, 544.46
1606744407, 3160, 1, 3, 0, 0, 0.43%, 0, 0, 1, 533.10
1606744412, 3164, 0, 3, 0, 0, 0.43%, 0, 0, 1, 534.72
1606744417, 3167, 2, 3, 0, 0, 0.43%, 0, 0, 1, 536.71
1606744422, 3171, 1, 3, 0, 0, 0.43%, 0, 0, 1, 528.79
1606744428, 3175, 0, 3, 0, 0, 0.43%, 0, 0, 1, 536.44
1606744433, 3178, 1, 3, 0, 0, 0.43%, 0, 0, 1, 538.57
1606744438, 3182, 0, 3, 0, 0, 0.43%, 0, 0, 1, 537.97
1606744443, 3185, 2, 3, 0, 0, 0.43%, 0, 0, 1, 533.75
1606744448, 3189, 0, 3, 0, 0, 0.43%, 0, 0, 1, 532.35
1606744453, 3192, 2, 3, 0, 0, 0.43%, 0, 0, 1, 532.35
1606744459, 3196, 1, 3, 0, 0, 0.43%, 0, 0, 1, 534.83
1606744464, 3200, 0, 3, 0, 0, 0.43%, 0, 0, 1, 534.62
1606744469, 3203, 1, 3, 0, 0, 0.43%, 0, 0, 1, 536.20
1606744474, 3207, 0, 3, 0, 0, 0.43%, 0, 0, 1, 538.29
1606744479, 3210, 2, 3, 0, 0, 0.43%, 0, 0, 1, 537.43
1606744484, 3214, 1, 3, 0, 0, 0.43%, 0, 0, 1, 537.54
1606744489, 3218, 0, 3, 0, 0, 0.43%, 0, 0, 1, 535.26
1606744494, 3221, 1, 3, 0, 0, 0.43%, 0, 0, 1, 533.10
1606744500, 3225, 0, 3, 0, 0, 0.43%, 0, 0, 1, 534.90
1606744505, 3228, 1, 3, 0, 0, 0.43%, 0, 0, 1, 535.79
1606744510, 3232, 0, 3, 0, 0, 0.43%, 0, 0, 1, 529.74
1606744515, 3235, 1, 3, 0, 0, 0.43%, 0, 0, 1, 538.57
1606744520, 3239, 0, 3, 0, 0, 0.43%, 0, 0, 1, 538.55
1606744525, 3242, 2, 3, 0, 0, 0.43%, 0, 0, 1, 535.41
1606744530, 3246, 0, 3, 0, 0, 0.43%, 0, 0, 1, 534.09
1606744535, 3249, 2, 3, 0, 0, 0.43%, 0, 0, 1, 527.24
1606744540, 3253, 0, 3, 0, 0, 0.43%, 0, 0, 1, 530.36
1606744545, 3256, 2, 3, 0, 0, 0.43%, 0, 0, 1, 532.85
1606744550, 3260, 1, 3, 0, 0, 0.43%, 0, 0, 1, 536.60
1606744555, 3263, 2, 3, 0, 0, 0.43%, 0, 0, 1, 538.12
1606744561, 3267, 1, 3, 0, 0, 0.43%, 0, 0, 1, 531.71
1606744566, 3271, 0, 3, 0, 0, 0.43%, 0, 0, 1, 534.47
1606744571, 3273, 1, 3, 0, 0, 0.43%, 0, 0, 1, 428.30
1606748117, 3276, 1, 3, 0, 0, 0.43%, 0, 0, 1, 406.71
1606748122, 3279, 0, 3, 0, 0, 0.43%, 0, 0, 1, 432.66
1606748127, 3282, 2, 3, 0, 0, 0.43%, 0, 0, 1, 508.00
1606748132, 3286, 0, 3, 0, 0, 0.43%, 0, 0, 1, 523.92
1606748137, 3289, 2, 3, 0, 0, 0.43%, 0, 0, 1, 533.18
1606748142, 3293, 0, 3, 0, 0, 0.43%, 0, 0, 1, 535.07
1606748147, 3296, 2, 3, 0, 0, 0.43%, 0, 0, 1, 524.92
1606748152, 3300, 1, 3, 0, 0, 0.43%, 0, 0, 1, 536.84
1606748158, 3303, 2, 3, 0, 0, 0.43%, 0, 0, 1, 528.94
1606748163, 3307, 0, 3, 0, 0, 0.43%, 0, 0, 1, 505.19
1606748168, 3310, 1, 3, 0, 0, 0.43%, 0, 0, 1, 519.78
1606748173, 3313, 2, 3, 0, 0, 0.43%, 0, 0, 1, 510.14
1606748178, 3317, 1, 3, 0, 0, 0.43%, 0, 0, 1, 510.24
1606748183, 3320, 2, 3, 0, 0, 0.43%, 0, 0, 1, 513.71
1606748188, 3324, 0, 3, 0, 0, 0.43%, 0, 0, 1, 529.83
1606748193, 3327, 2, 3, 0, 0, 0.43%, 0, 0, 1, 528.61
1606748198, 3331, 1, 3, 0, 0, 0.43%, 0, 0, 1, 533.55
1606748203, 3334, 2, 3, 0, 0, 0.43%, 0, 0, 1, 533.19
1606748208, 3338, 1, 3, 0, 0, 0.43%, 0, 0, 1, 535.18
1606748213, 3341, 2, 3, 0, 0, 0.43%, 0, 0, 1, 528.42
1606748219, 3345, 0, 3, 0, 0, 0.43%, 0, 0, 1, 523.29
1606748224, 3348, 2, 3, 0, 0, 0.43%, 0, 0, 1, 526.11
1606748229, 3352, 0, 3, 0, 0, 0.43%, 0, 0, 1, 513.50
1606748234, 3355, 1, 3, 0, 0, 0.43%, 0, 0, 1, 505.57
1606748239, 3358, 2, 3, 0, 0, 0.43%, 0, 0, 1, 518.53
1606748244, 3362, 0, 3, 0, 0, 0.43%, 0, 0, 1, 513.23
1606748249, 3365, 1, 3, 0, 0, 0.43%, 0, 0, 1, 494.14
1606748254, 3368, 2, 3, 0, 0, 0.43%, 0, 0, 1, 499.34
1606748259, 3371, 0, 3, 0, 0, 0.43%, 0, 0, 1, 378.13
1606748264, 3374, 0, 3, 0, 0, 0.43%, 0, 0, 1, 454.49
1606748269, 3377, 1, 3, 0, 0, 0.43%, 0, 0, 1, 484.13
1606748274, 3380, 1, 3, 0, 0, 0.43%, 0, 0, 1, 458.32
1606748279, 3383, 1, 3, 0, 0, 0.43%, 0, 0, 1, 473.70
1606748284, 3386, 2, 3, 0, 0, 0.43%, 0, 0, 1, 497.43
1606748289, 3390, 0, 3, 0, 0, 0.43%, 0, 0, 1, 505.50
1606748294, 3393, 1, 3, 0, 0, 0.43%, 0, 0, 1, 512.05
1606748299, 3396, 2, 3, 0, 0, 0.43%, 0, 0, 1, 513.61
1606748304, 3400, 0, 3, 0, 0, 0.43%, 0, 0, 1, 514.53
1606748309, 3403, 1, 3, 0, 0, 0.43%, 0, 0, 1, 506.35
1606748315, 3406, 2, 3, 0, 0, 0.43%, 0, 0, 1, 495.32
1606748320, 3409, 2, 3, 0, 0, 0.43%, 0, 0, 1, 452.02
1606748325, 3413, 0, 3, 0, 0, 0.43%, 0, 0, 1, 490.21
1606748330, 3416, 0, 3, 0, 0, 0.43%, 0, 0, 1, 486.38
1606748335, 3419, 1, 3, 0, 0, 0.43%, 0, 0, 1, 474.83
1606748340, 3422, 1, 3, 0, 0, 0.43%, 0, 0, 1, 476.82
1606748345, 3425, 1, 3, 0, 0, 0.43%, 0, 0, 1, 477.00
1606748350, 3428, 2, 3, 0, 0, 0.43%, 0, 0, 1, 504.28
1606748355, 3432, 0, 3, 0, 0, 0.43%, 0, 0, 1, 490.14
1606748360, 3435, 0, 3, 0, 0, 0.43%, 0, 0, 1, 462.42
1606748365, 3438, 0, 3, 0, 0, 0.43%, 0, 0, 1, 434.80
1606748370, 3440, 2, 3, 0, 0, 0.43%, 0, 0, 1, 444.14
1606748375, 3444, 0, 3, 0, 0, 0.43%, 0, 0, 1, 479.89
1606748380, 3447, 1, 3, 0, 0, 0.43%, 0, 0, 1, 472.21
1606748385, 3450, 1, 3, 0, 0, 0.43%, 0, 0, 1, 476.55
1606748391, 3453, 1, 3, 0, 0, 0.43%, 0, 0, 1, 450.67
1606748396, 3456, 1, 3, 0, 0, 0.43%, 0, 0, 1, 440.37
1606748401, 3459, 2, 3, 0, 0, 0.43%, 0, 0, 1, 488.83
1606748406, 3463, 0, 3, 0, 0, 0.43%, 0, 0, 1, 501.42
1606748411, 3466, 0, 3, 0, 0, 0.43%, 0, 0, 1, 490.87
1606748416, 3469, 0, 3, 0, 0, 0.43%, 0, 0, 1, 442.76
1606748421, 3472, 0, 3, 0, 0, 0.43%, 0, 0, 1, 481.41
1606748426, 3475, 1, 3, 0, 0, 0.43%, 0, 0, 1, 505.17
1606748431, 3478, 2, 3, 0, 0, 0.43%, 0, 0, 1, 493.23
1606748436, 3482, 0, 3, 0, 0, 0.43%, 0, 0, 1, 477.26
1606748441, 3485, 0, 3, 0, 0, 0.43%, 0, 0, 1, 497.90
1606748446, 3488, 1, 3, 0, 0, 0.43%, 0, 0, 1, 511.84
1606748451, 3492, 0, 3, 0, 0, 0.43%, 0, 0, 1, 516.59
1606748456, 3495, 1, 3, 0, 0, 0.43%, 0, 0, 1, 518.73
1606748461, 3498, 2, 3, 0, 0, 0.43%, 0, 0, 1, 519.58
1606748466, 3502, 0, 3, 0, 0, 0.43%, 0, 0, 1, 489.26
1606748472, 3505, 0, 3, 0, 0, 0.43%, 0, 0, 1, 455.47
1606748477, 3508, 0, 3, 0, 0, 0.43%, 0, 0, 1, 482.10
1606748482, 3511, 1, 3, 0, 0, 0.43%, 0, 0, 1, 495.58
1606748487, 3514, 2, 3, 0, 0, 0.43%, 0, 0, 1, 494.53
1606748492, 3518, 0, 3, 0, 0, 0.43%, 0, 0, 1, 490.59
1606748497, 3521, 1, 3, 0, 0, 0.43%, 0, 0, 1, 494.37
1606748502, 3524, 2, 3, 0, 0, 0.43%, 0, 0, 1, 498.09
1606748507, 3527, 2, 3, 0, 0, 0.43%, 0, 0, 1, 473.54
1606748513, 3531, 0, 3, 0, 0, 0.43%, 0, 0, 1, 495.09
1606748518, 3534, 2, 3, 0, 0, 0.43%, 0, 0, 1, 505.94
1606748523, 3538, 0, 3, 0, 0, 0.43%, 0, 0, 1, 507.61
1606748528, 3541, 1, 3, 0, 0, 0.43%, 0, 0, 1, 506.76
1606748533, 3544, 2, 3, 0, 0, 0.43%, 0, 0, 1, 505.68
1606748538, 3548, 0, 3, 0, 0, 0.43%, 0, 0, 1, 502.49
1606748543, 3551, 1, 3, 0, 0, 0.43%, 0, 0, 1, 499.08
1606748548, 3554, 1, 3, 0, 0, 0.43%, 0, 0, 1, 477.79
1606748553, 3557, 1, 3, 0, 0, 0.43%, 0, 0, 1, 489.12
1606748558, 3560, 2, 3, 0, 0, 0.43%, 0, 0, 1, 496.82
1606748563, 3564, 0, 3, 0, 0, 0.43%, 0, 0, 1, 490.80
1606748568, 3567, 0, 3, 0, 0, 0.43%, 0, 0, 1, 489.39
1606748573, 3570, 1, 3, 0, 0, 0.43%, 0, 0, 1, 491.38
1606748578, 3573, 2, 3, 0, 0, 0.43%, 0, 0, 1, 506.98
1606748583, 3577, 0, 3, 0, 0, 0.43%, 0, 0, 1, 502.62
1606748588, 3580, 1, 3, 0, 0, 0.43%, 0, 0, 1, 498.38
1606748593, 3583, 1, 3, 0, 0, 0.43%, 0, 0, 1, 492.61
1606748598, 3586, 2, 3, 0, 0, 0.43%, 0, 0, 1, 505.07
1606748604, 3590, 1, 3, 0, 0, 0.43%, 0, 0, 1, 508.43
1606748609, 3593, 1, 3, 0, 0, 0.43%, 0, 0, 1, 502.75
1606748614, 3596, 0, 3, 0, 0, 0.43%, 0, 0, 1, 389.96
1606748619, 3598, 0, 3, 0, 0, 0.43%, 0, 0, 1, 345.84
1606748624, 3600, 1, 3, 0, 0, 0.43%, 0, 0, 1, 345.84
1606748629, 3602, 2, 3, 0, 0, 0.43%, 0, 0, 1, 339.59
1606748634, 3605, 0, 3, 0, 0, 0.43%, 0, 0, 1, 338.66
1606748639, 3608, 0, 3, 0, 0, 0.43%, 0, 0, 1, 464.13
1606748644, 3611, 1, 3, 0, 0, 0.43%, 0, 0, 1, 496.08
1606748649, 3614, 2, 3, 0, 0, 0.43%, 0, 0, 1, 501.56
1606748654, 3618, 0, 3, 0, 0, 0.43%, 0, 0, 1, 504.29
1606748659, 3621, 1, 3, 0, 0, 0.43%, 0, 0, 1, 502.79
1606748664, 3624, 2, 3, 0, 0, 0.43%, 0, 0, 1, 504.06
1606748669, 3628, 0, 3, 0, 0, 0.43%, 0, 0, 1, 497.04
1606748675, 3631, 1, 3, 0, 0, 0.43%, 0, 0, 1, 499.48
1606748680, 3634, 2, 3, 0, 0, 0.43%, 0, 0, 1, 506.79
1606748685, 3638, 0, 3, 0, 0, 0.43%, 0, 0, 1, 499.71
1606748690, 3641, 0, 3, 0, 0, 0.43%, 0, 0, 1, 488.18
1606748695, 3644, 1, 3, 0, 0, 0.43%, 0, 0, 1, 498.32
1606748700, 3647, 2, 3, 0, 0, 0.43%, 0, 0, 1, 504.21
1606748705, 3651, 0, 3, 0, 0, 0.43%, 0, 0, 1, 499.74
1606748710, 3654, 1, 3, 0, 0, 0.43%, 0, 0, 1, 484.90
1606748715, 3657, 0, 3, 0, 0, 0.43%, 0, 0, 1, 424.64
1606748720, 3660, 0, 3, 0, 0, 0.43%, 0, 0, 1, 480.96
1606748725, 3663, 0, 3, 0, 0, 0.43%, 0, 0, 1, 437.88
1606748730, 3666, 0, 3, 0, 0, 0.43%, 0, 0, 1, 434.16
1606748735, 3669, 0, 3, 0, 0, 0.43%, 0, 0, 1, 444.86
1606748740, 3671, 2, 3, 0, 0, 0.43%, 0, 0, 1, 428.07
1606748745, 3674, 1, 3, 0, 0, 0.43%, 0, 0, 1, 392.14
1606748750, 3677, 0, 3, 0, 0, 0.43%, 0, 0, 1, 406.16
1606748756, 3680, 0, 3, 0, 0, 0.43%, 0, 0, 1, 425.36
1606748761, 3683, 0, 3, 0, 0, 0.43%, 0, 0, 1, 432.22
1606748766, 3685, 2, 3, 0, 0, 0.43%, 0, 0, 1, 424.07
1606748771, 3688, 2, 3, 0, 0, 0.43%, 0, 0, 1, 431.18
1606748776, 3691, 1, 3, 0, 0, 0.43%, 0, 0, 1, 431.91
1606748781, 3694, 1, 3, 0, 0, 0.43%, 0, 0, 1, 448.80
1606748786, 3697, 1, 3, 0, 0, 0.43%, 0, 0, 1, 455.68
1606748792, 3700, 1, 3, 0, 0, 0.43%, 0, 0, 1, 436.05
1606748797, 3703, 0, 3, 0, 0, 0.43%, 0, 0, 1, 398.91
1606748802, 3706, 0, 3, 0, 0, 0.43%, 0, 0, 1, 418.04
1606748807, 3708, 2, 3, 0, 0, 0.43%, 0, 0, 1, 433.57
1606748812, 3711, 1, 3, 0, 0, 0.43%, 0, 0, 1, 400.06
1606748817, 3714, 1, 3, 0, 0, 0.43%, 0, 0, 1, 460.12
1606748822, 3717, 1, 3, 0, 0, 0.43%, 0, 0, 1, 444.51
1606748827, 3720, 0, 3, 0, 0, 0.43%, 0, 0, 1, 412.82
1606748832, 3722, 2, 3, 0, 0, 0.43%, 0, 0, 1, 401.51
1606748837, 3725, 1, 3, 0, 0, 0.43%, 0, 0, 1, 428.14
1606748842, 3728, 1, 3, 0, 0, 0.43%, 0, 0, 1, 419.24
1606748847, 3731, 0, 3, 0, 0, 0.43%, 0, 0, 1, 429.46
1606748852, 3734, 0, 3, 0, 0, 0.43%, 0, 0, 1, 438.61
1606748857, 3736, 2, 3, 0, 0, 0.43%, 0, 0, 1, 433.24
1606748862, 3739, 2, 3, 0, 0, 0.43%, 0, 0, 1, 429.03
1606748868, 3742, 1, 3, 0, 0, 0.43%, 0, 0, 1, 427.38
1606748873, 3745, 1, 3, 0, 0, 0.43%, 0, 0, 1, 447.03
1606748878, 3748, 1, 3, 0, 0, 0.43%, 0, 0, 1, 441.41
1606748883, 3751, 1, 3, 0, 0, 0.43%, 0, 0, 1, 444.79
1606748888, 3754, 0, 3, 0, 0, 0.43%, 0, 0, 1, 403.23
1606748893, 3756, 2, 3, 0, 0, 0.43%, 0, 0, 1, 406.56
1606748898, 3759, 0, 3, 0, 0, 0.43%, 0, 0, 1, 376.89
1606748903, 3761, 1, 3, 0, 0, 0.43%, 0, 0, 1, 357.69
1606748908, 3763, 2, 3, 0, 0, 0.43%, 0, 0, 1, 363.59
1606748913, 3766, 0, 3, 0, 0, 0.43%, 0, 0, 1, 367.67
1606748918, 3768, 2, 3, 0, 0, 0.43%, 0, 0, 1, 371.04
1606748923, 3771, 0, 3, 0, 0, 0.43%, 0, 0, 1, 384.28
1606748929, 3773, 1, 3, 0, 0, 0.43%, 0, 0, 1, 315.48
1606748934, 3775, 2, 3, 0, 0, 0.43%, 0, 0, 1, 368.19
1606748939, 3778, 1, 3, 0, 0, 0.43%, 0, 0, 1, 391.73
1606748944, 3781, 0, 3, 0, 0, 0.43%, 0, 0, 1, 395.55
1606748949, 3783, 2, 3, 0, 0, 0.43%, 0, 0, 1, 389.48
1606748954, 3786, 0, 3, 0, 0, 0.43%, 0, 0, 1, 367.85
1606748959, 3788, 1, 3, 0, 0, 0.43%, 0, 0, 1, 358.91
1606748964, 3790, 2, 3, 0, 0, 0.43%, 0, 0, 1, 363.50
1606748969, 3793, 1, 3, 0, 0, 0.43%, 0, 0, 1, 366.57
1606748974, 3795, 2, 3, 0, 0, 0.43%, 0, 0, 1, 369.33
1606748980, 3798, 0, 3, 0, 0, 0.43%, 0, 0, 1, 378.48
1606748985, 3800, 2, 3, 0, 0, 0.43%, 0, 0, 1, 374.40
1606748990, 3803, 0, 3, 0, 0, 0.43%, 0, 0, 1, 390.12
1606748995, 3805, 2, 3, 0, 0, 0.43%, 0, 0, 1, 389.00
1606749000, 3808, 1, 3, 0, 0, 0.43%, 0, 0, 1, 391.92
1606749005, 3811, 0, 3, 0, 0, 0.43%, 0, 0, 1, 380.67
1606749010, 3813, 1, 3, 0, 0, 0.43%, 0, 0, 1, 381.86
1606749015, 3816, 0, 3, 0, 0, 0.43%, 0, 0, 1, 376.31
1606749020, 3818, 1, 3, 0, 0, 0.43%, 0, 0, 1, 375.53
1606749025, 3820, 2, 3, 0, 0, 0.43%, 0, 0, 1, 372.67
1606749030, 3823, 1, 3, 0, 0, 0.43%, 0, 0, 1, 387.27
1606749036, 3826, 0, 3, 0, 0, 0.43%, 0, 0, 1, 384.60
1606749041, 3828, 1, 3, 0, 0, 0.43%, 0, 0, 1, 380.21
1606749046, 3831, 0, 3, 0, 0, 0.43%, 0, 0, 1, 391.93
1606749051, 3833, 2, 3, 0, 0, 0.43%, 0, 0, 1, 380.64
1606749056, 3836, 1, 3, 0, 0, 0.43%, 0, 0, 1, 406.96
1606749061, 3839, 0, 3, 0, 0, 0.43%, 0, 0, 1, 414.90
1606749066, 3842, 0, 3, 0, 0, 0.43%, 0, 0, 1, 431.23
1606749071, 3844, 2, 3, 0, 0, 0.43%, 0, 0, 1, 411.59
1606749076, 3847, 1, 3, 0, 0, 0.43%, 0, 0, 1, 419.46
1606749081, 3850, 1, 3, 0, 0, 0.43%, 0, 0, 1, 429.06
1606749086, 3853, 0, 3, 0, 0, 0.43%, 0, 0, 1, 406.76
1606749091, 3855, 2, 3, 0, 0, 0.43%, 0, 0, 1, 420.43
1606749096, 3858, 2, 3, 0, 0, 0.43%, 0, 0, 1, 425.71
1606749101, 3861, 1, 3, 0, 0, 0.43%, 0, 0, 1, 434.84
1606749107, 3864, 1, 3, 0, 0, 0.43%, 0, 0, 1, 422.38
1606749112, 3867, 0, 3, 0, 0, 0.43%, 0, 0, 1, 407.75
1606749117, 3869, 2, 3, 0, 0, 0.43%, 0, 0, 1, 425.03
1606749122, 3872, 1, 3, 0, 0, 0.43%, 0, 0, 1, 426.88
1606749127, 3875, 1, 3, 0, 0, 0.43%, 0, 0, 1, 419.54
1606749132, 3878, 0, 3, 0, 0, 0.43%, 0, 0, 1, 408.25
1606749137, 3880, 2, 3, 0, 0, 0.43%, 0, 0, 1, 411.17
1606749142, 3883, 1, 3, 0, 0, 0.43%, 0, 0, 1, 404.78
1606749147, 3886, 0, 3, 0, 0, 0.43%, 0, 0, 1, 411.93
1606749152, 3888, 2, 3, 0, 0, 0.43%, 0, 0, 1, 402.23
1606749157, 3891, 1, 3, 0, 0, 0.43%, 0, 0, 1, 407.21
1606749162, 3894, 1, 3, 0, 0, 0.43%, 0, 0, 1, 430.72
1606749167, 3897, 0, 3, 0, 0, 0.43%, 0, 0, 1, 432.00
1606749172, 3900, 0, 3, 0, 0, 0.43%, 0, 0, 1, 423.61
1606749177, 3902, 2, 3, 0, 0, 0.43%, 0, 0, 1, 419.59
1606749182, 3905, 1, 3, 0, 0, 0.43%, 0, 0, 1, 419.24
1606749187, 3908, 1, 3, 0, 0, 0.43%, 0, 0, 1, 429.14
1606749192, 3911, 0, 3, 0, 0, 0.43%, 0, 0, 1, 429.35
1606749198, 3914, 0, 3, 0, 0, 0.43%, 0, 0, 1, 431.64
1606749203, 3916, 2, 3, 0, 0, 0.43%, 0, 0, 1, 424.98
1606749208, 3919, 1, 3, 0, 0, 0.43%, 0, 0, 1, 420.77
1606749213, 3922, 1, 3, 0, 0, 0.43%, 0, 0, 1, 426.77
1606749218, 3925, 0, 3, 0, 0, 0.43%, 0, 0, 1, 424.97
1606749223, 3928, 0, 3, 0, 0, 0.43%, 0, 0, 1, 429.30
1606749228, 3930, 2, 3, 0, 0, 0.43%, 0, 0, 1, 416.84
1606749233, 3933, 1, 3, 0, 0, 0.43%, 0, 0, 1, 407.23
1606749238, 3936, 0, 3, 0, 0, 0.43%, 0, 0, 1, 421.17
1606749243, 3938, 2, 3, 0, 0, 0.43%, 0, 0, 1, 400.58
1606749248, 3941, 0, 3, 0, 0, 0.43%, 0, 0, 1, 397.82
1606749253, 3944, 0, 3, 0, 0, 0.43%, 0, 0, 1, 414.37
1606749258, 3946, 2, 3, 0, 0, 0.43%, 0, 0, 1, 409.75
1606749263, 3949, 1, 3, 0, 0, 0.43%, 0, 0, 1, 426.21
1606749268, 3952, 1, 3, 0, 0, 0.43%, 0, 0, 1, 421.61
1606749273, 3955, 0, 3, 0, 0, 0.43%, 0, 0, 1, 417.93
1606749278, 3957, 2, 3, 0, 0, 0.43%, 0, 0, 1, 422.94
1606749284, 3960, 1, 3, 0, 0, 0.43%, 0, 0, 1, 425.61
1606749289, 3963, 1, 3, 0, 0, 0.43%, 0, 0, 1, 420.49
1606749294, 3966, 0, 3, 0, 0, 0.43%, 0, 0, 1, 424.58
1606749299, 3969, 0, 3, 0, 0, 0.43%, 0, 0, 1, 428.96
1606749304, 3971, 2, 3, 0, 0, 0.43%, 0, 0, 1, 412.53
1606749309, 3974, 1, 3, 0, 0, 0.43%, 0, 0, 1, 420.69
1606749314, 3977, 1, 3, 0, 0, 0.43%, 0, 0, 1, 433.27
1606749319, 3980, 0, 3, 0, 0, 0.43%, 0, 0, 1, 418.84
1606749324, 3982, 2, 3, 0, 0, 0.43%, 0, 0, 1, 427.11
1606749329, 3985, 2, 3, 0, 0, 0.43%, 0, 0, 1, 435.72
1606749334, 3988, 2, 3, 0, 0, 0.43%, 0, 0, 1, 439.96
