# unix_time, cycles_done, cur_path, paths_total, pending_total, pending_favs, map_size, unique_crashes, unique_hangs, max_depth, execs_per_sec
1606739511, 0, 0, 3, 3, 1, 0.43%, 0, 0, 1, 315.79
1606739516, 3, 0, 3, 0, 0, 0.43%, 0, 0, 1, 370.53
1606739521, 5, 1, 3, 0, 0, 0.43%, 0, 0, 1, 383.92
1606739526, 8, 0, 3, 0, 0, 0.43%, 0, 0, 1, 389.31
1606739531, 10, 2, 3, 0, 0, 0.43%, 0, 0, 1, 392.40
1606739536, 13, 1, 3, 0, 0, 0.43%, 0, 0, 1, 393.85
1606739541, 15, 2, 3, 0, 0, 0.43%, 0, 0, 1, 395.02
1606739546, 18, 1, 3, 0, 0, 0.43%, 0, 0, 1, 394.67
1606739551, 21, 0, 3, 0, 0, 0.43%, 0, 0, 1, 392.38
1606739556, 23, 1, 3, 0, 0, 0.43%, 0, 0, 1, 386.75
1606739561, 26, 0, 3, 0, 0, 0.43%, 0, 0, 1, 386.86
1606739566, 28, 2, 3, 0, 0, 0.43%, 0, 0, 1, 387.60
1606739571, 31, 0, 3, 0, 0, 0.43%, 0, 0, 1, 365.27
1606739576, 33, 1, 3, 0, 0, 0.43%, 0, 0, 1, 360.09
1606739581, 35, 2, 3, 0, 0, 0.43%, 0, 0, 1, 369.93
1606739586, 38, 0, 3, 0, 0, 0.43%, 0, 0, 1, 369.69
1606739591, 40, 2, 3, 0, 0, 0.43%, 0, 0, 1, 378.34
1606739596, 43, 0, 3, 0, 0, 0.43%, 0, 0, 1, 374.27
1606739601, 45, 2, 3, 0, 0, 0.43%, 0, 0, 1, 380.73
1606739606, 48, 0, 3, 0, 0, 0.43%, 0, 0, 1, 384.73
1606739611, 50, 2, 3, 0, 0, 0.43%, 0, 0, 1, 387.92
1606739617, 53, 1, 3, 0, 0, 0.43%, 0, 0, 1, 388.67
1606739622, 55, 2, 3, 0, 0, 0.43%, 0, 0, 1, 389.09
1606739627, 58, 1, 3, 0, 0, 0.43%, 0, 0, 1, 372.92
1606739632, 61, 0, 3, 0, 0, 0.43%, 0, 0, 1, 376.54
1606739637, 63, 0, 3, 0, 0, 0.43%, 0, 0, 1, 314.98
1606739642, 65, 1, 3, 0, 0, 0.43%, 0, 0, 1, 360.12
1606739647, 68, 0, 3, 0, 0, 0.43%, 0, 0, 1, 375.23
1606739652, 70, 1, 3, 0, 0, 0.43%, 0, 0, 1, 379.73
1606739657, 73, 0, 3, 0, 0, 0.43%, 0, 0, 1, 389.05
1606739662, 75, 2, 3, 0, 0, 0.43%, 0, 0, 1, 378.33
1606739667, 78, 0, 3, 0, 0, 0.43%, 0, 0, 1, 376.71
1606739673, 80, 1, 3, 0, 0, 0.43%, 0, 0, 1, 372.37
1606739678, 83, 0, 3, 0, 0, 0.43%, 0, 0, 1, 380.23
1606739683, 85, 0, 3, 0, 0, 0.43%, 0, 0, 1, 316.85
1606739688, 87, 0, 3, 0, 0, 0.43%, 0, 0, 1, 323.53
1606739693, 89, 2, 3, 0, 0, 0.43%, 0, 0, 1, 360.27
1606739698, 92, 0, 3, 0, 0, 0.43%, 0, 0, 1, 363.93
1606739703, 94, 1, 3, 0, 0, 0.43%, 0, 0, 1, 371.58
1606739708, 97, 0, 3, 0, 0, 0.43%, 0, 0, 1, 365.93
1606739713, 99, 1, 3, 0, 0, 0.43%, 0, 0, 1, 383.17
1606739718, 102, 0, 3, 0, 0, 0.43%, 0, 0, 1, 387.32
1606739723, 104, 1, 3, 0, 0, 0.43%, 0, 0, 1, 372.17
1606739728, 107, 0, 3, 0, 0, 0.43%, 0, 0, 1, 375.34
1606739733, 109, 1, 3, 0, 0, 0.43%, 0, 0, 1, 379.82
1606739738, 111, 2, 3, 0, 0, 0.43%, 0, 0, 1, 373.22
1606739743, 114, 1, 3, 0, 0, 0.43%, 0, 0, 1, 379.07
1606739749, 116, 2, 3, 0, 0, 0.43%, 0, 0, 1, 371.29
1606739754, 119, 1, 3, 0, 0, 0.43%, 0, 0, 1, 368.05
1606739759, 121, 1, 3, 0, 0, 0.43%, 0, 0, 1, 341.77
1606739764, 123, 2, 3, 0, 0, 0.43%, 0, 0, 1, 357.86
1606739769, 126, 1, 3, 0, 0, 0.43%, 0, 0, 1, 369.72
1606739774, 128, 2, 3, 0, 0, 0.43%, 0, 0, 1, 384.00
1606739779, 131, 1, 3, 0, 0, 0.43%, 0, 0, 1, 382.73
1606739784, 133, 2, 3, 0, 0, 0.43%, 0, 0, 1, 384.55
1606739789, 136, 1, 3, 0, 0, 0.43%, 0, 0, 1, 382.39
1606739794, 138, 2, 3, 0, 0, 0.43%, 0, 0, 1, 382.13
1606739799, 141, 1, 3, 0, 0, 0.43%, 0, 0, 1, 386.54
1606739804, 144, 0, 3, 0, 0, 0.43%, 0, 0, 1, 389.39
1606739809, 146, 1, 3, 0, 0, 0.43%, 0, 0, 1, 388.30
1606739814, 149, 0, 3, 0, 0, 0.43%, 0, 0, 1, 385.21
1606739819, 151, 1, 3, 0, 0, 0.43%, 0, 0, 1, 388.51
1606739824, 154, 0, 3, 0, 0, 0.43%, 0, 0, 1, 388.31
1606739829, 156, 2, 3, 0, 0, 0.43%, 0, 0, 1, 387.13
1606739834, 159, 1, 3, 0, 0, 0.43%, 0, 0, 1, 388.53
1606739839, 161, 2, 3, 0, 0, 0.43%, 0, 0, 1, 389.41
1606739844, 164, 1, 3, 0, 0, 0.43%, 0, 0, 1, 388.94
1606739850, 167, 0, 3, 0, 0, 0.43%, 0, 0, 1, 388.40
1606739855, 169, 1, 3, 0, 0, 0.43%, 0, 0, 1, 387.98
1606739860, 172, 0, 3, 0, 0, 0.43%, 0, 0, 1, 388.83
1606739865, 174, 2, 3, 0, 0, 0.43%, 0, 0, 1, 389.23
1606739870, 177, 0, 3, 0, 0, 0.43%, 0, 0, 1, 370.73
1606739875, 179, 2, 3, 0, 0, 0.43%, 0, 0, 1, 384.07
1606739880, 182, 0, 3, 0, 0, 0.43%, 0, 0, 1, 390.07
1606739885, 184, 2, 3, 0, 0, 0.43%, 0, 0, 1, 390.70
1606739890, 187, 1, 3, 0, 0, 0.43%, 0, 0, 1, 390.56
1606739895, 189, 2, 3, 0, 0, 0.43%, 0, 0, 1, 380.90
1606739900, 192, 1, 3, 0, 0, 0.43%, 0, 0, 1, 378.31
1606739905, 195, 0, 3, 0, 0, 0.43%, 0, 0, 1, 381.38
1606739910, 197, 1, 3, 0, 0, 0.43%, 0, 0, 1, 386.96
1606739915, 200, 0, 3, 0, 0, 0.43%, 0, 0, 1, 374.11
1606739921, 202, 1, 3, 0, 0, 0.43%, 0, 0, 1, 368.24
1606739926, 204, 2, 3, 0, 0, 0.43%, 0, 0, 1, 376.17
1606739931, 207, 1, 3, 0, 0, 0.43%, 0, 0, 1, 373.36
1606739936, 209, 2, 3, 0, 0, 0.43%, 0, 0, 1, 367.43
1606739941, 212, 0, 3, 0, 0, 0.43%, 0, 0, 1, 371.06
1606739946, 214, 1, 3, 0, 0, 0.43%, 0, 0, 1, 350.70
1606739951, 217, 0, 3, 0, 0, 0.43%, 0, 0, 1, 373.43
1606739956, 219, 1, 3, 0, 0, 0.43%, 0, 0, 1, 381.58
1606739961, 222, 0, 3, 0, 0, 0.43%, 0, 0, 1, 389.61
1606739966, 224, 2, 3, 0, 0, 0.43%, 0, 0, 1, 390.81
1606739971, 227, 0, 3, 0, 0, 0.43%, 0, 0, 1, 381.77
1606739976, 229, 2, 3, 0, 0, 0.43%, 0, 0, 1, 386.56
1606739981, 232, 0, 3, 0, 0, 0.43%, 0, 0, 1, 381.45
1606739986, 234, 2, 3, 0, 0, 0.43%, 0, 0, 1, 381.45
1606739991, 237, 0, 3, 0, 0, 0.43%, 0, 0, 1, 379.89
1606739997, 239, 2, 3, 0, 0, 0.43%, 0, 0, 1, 378.00
1606740002, 242, 0, 3, 0, 0, 0.43%, 0, 0, 1, 379.11
1606740007, 244, 1, 3, 0, 0, 0.43%, 0, 0, 1, 346.99
1606740012, 246, 2, 3, 0, 0, 0.43%, 0, 0, 1, 359.18
1606740017, 249, 1, 3, 0, 0, 0.43%, 0, 0, 1, 367.11
1606740022, 251, 2, 3, 0, 0, 0.43%, 0, 0, 1, 383.22
1606740027, 254, 1, 3, 0, 0, 0.43%, 0, 0, 1, 378.67
1606740032, 256, 2, 3, 0, 0, 0.43%, 0, 0, 1, 377.48
1606740037, 259, 1, 3, 0, 0, 0.43%, 0, 0, 1, 380.14
1606740042, 261, 2, 3, 0, 0, 0.43%, 0, 0, 1, 387.94
1606740047, 264, 1, 3, 0, 0, 0.43%, 0, 0, 1, 373.79
1606740052, 267, 0, 3, 0, 0, 0.43%, 0, 0, 1, 383.87
1606740057, 269, 1, 3, 0, 0, 0.43%, 0, 0, 1, 386.80
1606740062, 272, 0, 3, 0, 0, 0.43%, 0, 0, 1, 375.40
1606740067, 274, 1, 3, 0, 0, 0.43%, 0, 0, 1, 386.50
1606740072, 277, 0, 3, 0, 0, 0.43%, 0, 0, 1, 384.96
1606740078, 279, 1, 3, 0, 0, 0.43%, 0, 0, 1, 384.31
1606740083, 282, 0, 3, 0, 0, 0.43%, 0, 0, 1, 379.83
1606740088, 284, 2, 3, 0, 0, 0.43%, 0, 0, 1, 379.68
1606740093, 287, 0, 3, 0, 0, 0.43%, 0, 0, 1, 379.98
1606740098, 289, 2, 3, 0, 0, 0.43%, 0, 0, 1, 389.30
1606740103, 292, 0, 3, 0, 0, 0.43%, 0, 0, 1, 387.84
1606740108, 294, 2, 3, 0, 0, 0.43%, 0, 0, 1, 387.63
1606740113, 297, 1, 3, 0, 0, 0.43%, 0, 0, 1, 381.79
1606740118, 299, 2, 3, 0, 0, 0.43%, 0, 0, 1, 389.59
1606740123, 302, 1, 3, 0, 0, 0.43%, 0, 0, 1, 390.41
1606740128, 305, 0, 3, 0, 0, 0.43%, 0, 0, 1, 379.97
1606740133, 307, 1, 3, 0, 0, 0.43%, 0, 0, 1, 379.55
1606740138, 309, 2, 3, 0, 0, 0.43%, 0, 0, 1, 373.84
1606740143, 312, 1, 3, 0, 0, 0.43%, 0, 0, 1, 370.42
1606740148, 314, 2, 3, 0, 0, 0.43%, 0, 0, 1, 369.97
1606740153, 317, 0, 3, 0, 0, 0.43%, 0, 0, 1, 365.11
1606740159, 319, 2, 3, 0, 0, 0.43%, 0, 0, 1, 351.67
1606740164, 322, 0, 3, 0, 0, 0.43%, 0, 0, 1, 368.36
1606740169, 324, 1, 3, 0, 0, 0.43%, 0, 0, 1, 360.35
1606740174, 326, 2, 3, 0, 0, 0.43%, 0, 0, 1, 358.81
1606740179, 329, 0, 3, 0, 0, 0.43%, 0, 0, 1, 323.47
1606740184, 331, 0, 3, 0, 0, 0.43%, 0, 0, 1, 316.72
1606740189, 333, 1, 3, 0, 0, 0.43%, 0, 0, 1, 363.01
1606740194, 335, 2, 3, 0, 0, 0.43%, 0, 0, 1, 367.73
1606740199, 338, 1, 3, 0, 0, 0.43%, 0, 0, 1, 371.42
1606740204, 340, 2, 3, 0, 0, 0.43%, 0, 0, 1, 374.18
1606740209, 343, 0, 3, 0, 0, 0.43%, 0, 0, 1, 368.56
1606740214, 345, 2, 3, 0, 0, 0.43%, 0, 0, 1, 366.21
1606740219, 348, 0, 3, 0, 0, 0.43%, 0, 0, 1, 366.93
1606740224, 350, 1, 3, 0, 0, 0.43%, 0, 0, 1, 373.74
1606740230, 353, 0, 3, 0, 0, 0.43%, 0, 0, 1, 377.51
1606740235, 355, 2, 3, 0, 0, 0.43%, 0, 0, 1, 376.54
1606740240, 358, 0, 3, 0, 0, 0.43%, 0, 0, 1, 375.01
1606740245, 360, 2, 3, 0, 0, 0.43%, 0, 0, 1, 376.78
1606740250, 363, 0, 3, 0, 0, 0.43%, 0, 0, 1, 371.55
1606740255, 365, 1, 3, 0, 0, 0.43%, 0, 0, 1, 367.42
1606740260, 368, 0, 3, 0, 0, 0.43%, 0, 0, 1, 370.35
1606740266, 370, 1, 3, 0, 0, 0.43%, 0, 0, 1, 368.81
1606740271, 372, 2, 3, 0, 0, 0.43%, 0, 0, 1, 351.83
1606740276, 375, 0, 3, 0, 0, 0.43%, 0, 0, 1, 346.19
1606740281, 377, 1, 3, 0, 0, 0.43%, 0, 0, 1, 352.25
1606740286, 379, 2, 3, 0, 0, 0.43%, 0, 0, 1, 368.46
1606740291, 382, 1, 3, 0, 0, 0.43%, 0, 0, 1, 375.47
1606740296, 384, 2, 3, 0, 0, 0.43%, 0, 0, 1, 371.55
1606740301, 387, 0, 3, 0, 0, 0.43%, 0, 0, 1, 357.41
1606740306, 389, 1, 3, 0, 0, 0.43%, 0, 0, 1, 344.59
1606740312, 391, 2, 3, 0, 0, 0.43%, 0, 0, 1, 337.74
1606740317, 394, 0, 3, 0, 0, 0.43%, 0, 0, 1, 330.89
1606740322, 396, 1, 3, 0, 0, 0.43%, 0, 0, 1, 357.02
1606740327, 399, 0, 3, 0, 0, 0.43%, 0, 0, 1, 365.79
1606740332, 401, 1, 3, 0, 0, 0.43%, 0, 0, 1, 363.05
1606740337, 403, 2, 3, 0, 0, 0.43%, 0, 0, 1, 360.14
1606740343, 406, 0, 3, 0, 0, 0.43%, 0, 0, 1, 365.72
1606740348, 408, 2, 3, 0, 0, 0.43%, 0, 0, 1, 369.18
1606740353, 411, 0, 3, 0, 0, 0.43%, 0, 0, 1, 364.20
1606740358, 413, 2, 3, 0, 0, 0.43%, 0, 0, 1, 367.75
1606740363, 416, 0, 3, 0, 0, 0.43%, 0, 0, 1, 374.53
1606740368, 418, 1, 3, 0, 0, 0.43%, 0, 0, 1, 369.23
1606740373, 421, 0, 3, 0, 0, 0.43%, 0, 0, 1, 364.95
1606740379, 423, 1, 3, 0, 0, 0.43%, 0, 0, 1, 362.88
1606740384, 426, 0, 3, 0, 0, 0.43%, 0, 0, 1, 367.36
1606740389, 428, 1, 3, 0, 0, 0.43%, 0, 0, 1, 362.65
1606740394, 430, 2, 3, 0, 0, 0.43%, 0, 0, 1, 370.16
1606740399, 433, 1, 3, 0, 0, 0.43%, 0, 0, 1, 366.53
1606740404, 435, 1, 3, 0, 0, 0.43%, 0, 0, 1, 358.32
1606740409, 438, 0, 3, 0, 0, 0.43%, 0, 0, 1, 355.83
1606740414, 440, 0, 3, 0, 0, 0.43%, 0, 0, 1, 352.11
1606740419, 442, 1, 3, 0, 0, 0.43%, 0, 0, 1, 353.56
1606740425, 445, 0, 3, 0, 0, 0.43%, 0, 0, 1, 356.07
1606740430, 447, 1, 3, 0, 0, 0.43%, 0, 0, 1, 358.90
1606740435, 449, 2, 3, 0, 0, 0.43%, 0, 0, 1, 367.24
1606740440, 452, 1, 3, 0, 0, 0.43%, 0, 0, 1, 375.45
1606740445, 454, 2, 3, 0, 0, 0.43%, 0, 0, 1, 377.13
1606740450, 457, 1, 3, 0, 0, 0.43%, 0, 0, 1, 376.70
1606740455, 459, 2, 3, 0, 0, 0.43%, 0, 0, 1, 369.86
1606740461, 462, 1, 3, 0, 0, 0.43%, 0, 0, 1, 374.06
1606740466, 464, 2, 3, 0, 0, 0.43%, 0, 0, 1, 359.51
1606740471, 467, 0, 3, 0, 0, 0.43%, 0, 0, 1, 372.89
1606740476, 469, 2, 3, 0, 0, 0.43%, 0, 0, 1, 365.98
1606740481, 472, 0, 3, 0, 0, 0.43%, 0, 0, 1, 367.06
1606740486, 474, 1, 3, 0, 0, 0.43%, 0, 0, 1, 370.24
1606740491, 477, 0, 3, 0, 0, 0.43%, 0, 0, 1, 373.35
1606740496, 479, 1, 3, 0, 0, 0.43%, 0, 0, 1, 375.37
1606740502, 482, 0, 3, 0, 0, 0.43%, 0, 0, 1, 372.60
1606740507, 484, 1, 3, 0, 0, 0.43%, 0, 0, 1, 358.40
1606740512, 486, 2, 3, 0, 0, 0.43%, 0, 0, 1, 352.41
1606740517, 489, 1, 3, 0, 0, 0.43%, 0, 0, 1, 368.70
1606740522, 491, 2, 3, 0, 0, 0.43%, 0, 0, 1, 359.09
1606740527, 494, 0, 3, 0, 0, 0.43%, 0, 0, 1, 354.52
1606740532, 496, 1, 3, 0, 0, 0.43%, 0, 0, 1, 364.39
1606740537, 499, 0, 3, 0, 0, 0.43%, 0, 0, 1, 371.01
1606740542, 501, 1, 3, 0, 0, 0.43%, 0, 0, 1, 368.07
1606740548, 503, 2, 3, 0, 0, 0.43%, 0, 0, 1, 367.40
1606740553, 506, 1, 3, 0, 0, 0.43%, 0, 0, 1, 365.54
1606740558, 508, 2, 3, 0, 0, 0.43%, 0, 0, 1, 361.66
1606740563, 511, 0, 3, 0, 0, 0.43%, 0, 0, 1, 368.68
1606740568, 513, 1, 3, 0, 0, 0.43%, 0, 0, 1, 359.41
1606740573, 516, 0, 3, 0, 0, 0.43%, 0, 0, 1, 362.13
1606740578, 518, 1, 3, 0, 0, 0.43%, 0, 0, 1, 362.39
1606740583, 520, 2, 3, 0, 0, 0.43%, 0, 0, 1, 366.13
1606740589, 523, 0, 3, 0, 0, 0.43%, 0, 0, 1, 364.72
1606740594, 525, 2, 3, 0, 0, 0.43%, 0, 0, 1, 371.53
1606740599, 528, 0, 3, 0, 0, 0.43%, 0, 0, 1, 379.23
1606740604, 530, 2, 3, 0, 0, 0.43%, 0, 0, 1, 375.11
1606740609, 533, 1, 3, 0, 0, 0.43%, 0, 0, 1, 366.00
1606740614, 535, 2, 3, 0, 0, 0.43%, 0, 0, 1, 367.59
1606740619, 538, 0, 3, 0, 0, 0.43%, 0, 0, 1, 370.23
1606740624, 540, 2, 3, 0, 0, 0.43%, 0, 0, 1, 373.99
1606740630, 543, 0, 3, 0, 0, 0.43%, 0, 0, 1, 371.41
1606740635, 545, 1, 3, 0, 0, 0.43%, 0, 0, 1, 367.36
1606740640, 547, 2, 3, 0, 0, 0.43%, 0, 0, 1, 366.15
1606740645, 550, 1, 3, 0, 0, 0.43%, 0, 0, 1, 371.20
1606740650, 552, 2, 3, 0, 0, 0.43%, 0, 0, 1, 369.76
1606740655, 555, 0, 3, 0, 0, 0.43%, 0, 0, 1, 364.81
1606740660, 557, 2, 3, 0, 0, 0.43%, 0, 0, 1, 366.65
1606740665, 560, 0, 3, 0, 0, 0.43%, 0, 0, 1, 373.66
1606740670, 562, 2, 3, 0, 0, 0.43%, 0, 0, 1, 368.56
1606740676, 565, 0, 3, 0, 0, 0.43%, 0, 0, 1, 365.74
1606740681, 567, 2, 3, 0, 0, 0.43%, 0, 0, 1, 368.37
1606740686, 570, 0, 3, 0, 0, 0.43%, 0, 0, 1, 376.46
1606740691, 572, 2, 3, 0, 0, 0.43%, 0, 0, 1, 376.15
1606740696, 575, 0, 3, 0, 0, 0.43%, 0, 0, 1, 369.73
1606740701, 577, 1, 3, 0, 0, 0.43%, 0, 0, 1, 367.93
1606740706, 580, 0, 3, 0, 0, 0.43%, 0, 0, 1, 372.55
1606740712, 582, 2, 3, 0, 0, 0.43%, 0, 0, 1, 374.10
1606740717, 585, 0, 3, 0, 0, 0.43%, 0, 0, 1, 372.12
1606740722, 587, 1, 3, 0, 0, 0.43%, 0, 0, 1, 358.40
1606740727, 590, 0, 3, 0, 0, 0.43%, 0, 0, 1, 374.58
1606740732, 592, 1, 3, 0, 0, 0.43%, 0, 0, 1, 378.36
1606740737, 595, 0, 3, 0, 0, 0.43%, 0, 0, 1, 378.16
1606740742, 597, 2, 3, 0, 0, 0.43%, 0, 0, 1, 378.19
1606740748, 600, 0, 3, 0, 0, 0.43%, 0, 0, 1, 371.89
1606740753, 602, 2, 3, 0, 0, 0.43%, 0, 0, 1, 377.08
1606740758, 605, 0, 3, 0, 0, 0.43%, 0, 0, 1, 377.76
1606740763, 607, 2, 3, 0, 0, 0.43%, 0, 0, 1, 374.29
1606740768, 610, 0, 3, 0, 0, 0.43%, 0, 0, 1, 372.12
1606740773, 612, 1, 3, 0, 0, 0.43%, 0, 0, 1, 370.44
1606740778, 615, 0, 3, 0, 0, 0.43%, 0, 0, 1, 366.18
1606740783, 617, 1, 3, 0, 0, 0.43%, 0, 0, 1, 377.20
1606740788, 620, 0, 3, 0, 0, 0.43%, 0, 0, 1, 371.84
1606740794, 622, 1, 3, 0, 0, 0.43%, 0, 0, 1, 367.15
1606740799, 625, 0, 3, 0, 0, 0.43%, 0, 0, 1, 366.46
1606740804, 627, 1, 3, 0, 0, 0.43%, 0, 0, 1, 367.43
1606740809, 630, 0, 3, 0, 0, 0.43%, 0, 0, 1, 373.67
1606740814, 632, 1, 3, 0, 0, 0.43%, 0, 0, 1, 367.73
1606740819, 634, 2, 3, 0, 0, 0.43%, 0, 0, 1, 364.56
1606740825, 637, 1, 3, 0, 0, 0.43%, 0, 0, 1, 372.88
1606740830, 639, 2, 3, 0, 0, 0.43%, 0, 0, 1, 359.63
1606740835, 642, 1, 3, 0, 0, 0.43%, 0, 0, 1, 370.21
1606740840, 644, 2, 3, 0, 0, 0.43%, 0, 0, 1, 370.17
1606740845, 647, 1, 3, 0, 0, 0.43%, 0, 0, 1, 366.08
1606740850, 649, 2, 3, 0, 0, 0.43%, 0, 0, 1, 361.24
1606740855, 652, 0, 3, 0, 0, 0.43%, 0, 0, 1, 362.43
1606740861, 654, 1, 3, 0, 0, 0.43%, 0, 0, 1, 367.16
1606740866, 656, 2, 3, 0, 0, 0.43%, 0, 0, 1, 359.04
1606740871, 659, 0, 3, 0, 0, 0.43%, 0, 0, 1, 357.93
1606740876, 661, 1, 3, 0, 0, 0.43%, 0, 0, 1, 361.33
1606740881, 663, 2, 3, 0, 0, 0.43%, 0, 0, 1, 349.81
1606740886, 666, 0, 3, 0, 0, 0.43%, 0, 0, 1, 342.76
1606740891, 668, 1, 3, 0, 0, 0.43%, 0, 0, 1, 354.29
1606740896, 670, 2, 3, 0, 0, 0.43%, 0, 0, 1, 363.31
1606740901, 673, 0, 3, 0, 0, 0.43%, 0, 0, 1, 364.40
1606740906, 675, 2, 3, 0, 0, 0.43%, 0, 0, 1, 364.85
1606740911, 678, 0, 3, 0, 0, 0.43%, 0, 0, 1, 358.46
1606740916, 680, 1, 3, 0, 0, 0.43%, 0, 0, 1, 359.93
1606740921, 682, 2, 3, 0, 0, 0.43%, 0, 0, 1, 361.25
1606740926, 685, 0, 3, 0, 0, 0.43%, 0, 0, 1, 364.76
1606740931, 687, 1, 3, 0, 0, 0.43%, 0, 0, 1, 370.99
1606740936, 690, 0, 3, 0, 0, 0.43%, 0, 0, 1, 375.65
1606740941, 692, 2, 3, 0, 0, 0.43%, 0, 0, 1, 376.68
1606740947, 695, 0, 3, 0, 0, 0.43%, 0, 0, 1, 378.72
1606740952, 697, 2, 3, 0, 0, 0.43%, 0, 0, 1, 377.82
1606740957, 700, 0, 3, 0, 0, 0.43%, 0, 0, 1, 376.65
1606740962, 702, 2, 3, 0, 0, 0.43%, 0, 0, 1, 371.93
1606740967, 705, 0, 3, 0, 0, 0.43%, 0, 0, 1, 352.74
1606740972, 707, 1, 3, 0, 0, 0.43%, 0, 0, 1, 364.51
1606740978, 710, 0, 3, 0, 0, 0.43%, 0, 0, 1, 368.75
1606740983, 712, 1, 3, 0, 0, 0.43%, 0, 0, 1, 371.76
1606740988, 714, 2, 3, 0, 0, 0.43%, 0, 0, 1, 363.01
1606740993, 717, 0, 3, 0, 0, 0.43%, 0, 0, 1, 358.16
1606740998, 719, 1, 3, 0, 0, 0.43%, 0, 0, 1, 353.32
1606741003, 722, 0, 3, 0, 0, 0.43%, 0, 0, 1, 355.68
1606741008, 724, 0, 3, 0, 0, 0.43%, 0, 0, 1, 344.44
1606741013, 726, 1, 3, 0, 0, 0.43%, 0, 0, 1, 345.57
1606741019, 729, 0, 3, 0, 0, 0.43%, 0, 0, 1, 350.00
1606741024, 731, 1, 3, 0, 0, 0.43%, 0, 0, 1, 350.61
1606741029, 733, 2, 3, 0, 0, 0.43%, 0, 0, 1, 348.28
1606741034, 736, 0, 3, 0, 0, 0.43%, 0, 0, 1, 347.81
1606741039, 738, 1, 3, 0, 0, 0.43%, 0, 0, 1, 356.63
1606741044, 740, 2, 3, 0, 0, 0.43%, 0, 0, 1, 353.68
1606741049, 743, 0, 3, 0, 0, 0.43%, 0, 0, 1, 351.77
1606741054, 745, 0, 3, 0, 0, 0.43%, 0, 0, 1, 343.18
1606741059, 747, 1, 3, 0, 0, 0.43%, 0, 0, 1, 349.61
1606741065, 749, 2, 3, 0, 0, 0.43%, 0, 0, 1, 353.74
1606741070, 752, 1, 3, 0, 0, 0.43%, 0, 0, 1, 359.76
1606741075, 754, 2, 3, 0, 0, 0.43%, 0, 0, 1, 362.16
1606741080, 757, 0, 3, 0, 0, 0.43%, 0, 0, 1, 371.85
1606741085, 759, 2, 3, 0, 0, 0.43%, 0, 0, 1, 374.95
1606741090, 762, 0, 3, 0, 0, 0.43%, 0, 0, 1, 365.84
1606741095, 764, 2, 3, 0, 0, 0.43%, 0, 0, 1, 374.29
1606741101, 767, 0, 3, 0, 0, 0.43%, 0, 0, 1, 374.17
1606741106, 769, 2, 3, 0, 0, 0.43%, 0, 0, 1, 374.08
1606741111, 772, 1, 3, 0, 0, 0.43%, 0, 0, 1, 375.00
1606741116, 774, 2, 3, 0, 0, 0.43%, 0, 0, 1, 376.05
1606741121, 777, 1, 3, 0, 0, 0.43%, 0, 0, 1, 356.24
1606741127, 779, 2, 3, 0, 0, 0.43%, 0, 0, 1, 361.38
1606741132, 782, 1, 3, 0, 0, 0.43%, 0, 0, 1, 370.98
1606741137, 784, 2, 3, 0, 0, 0.43%, 0, 0, 1, 365.37
1606741142, 787, 0, 3, 0, 0, 0.43%, 0, 0, 1, 364.11
1606741147, 789, 1, 3, 0, 0, 0.43%, 0, 0, 1, 369.33
1606741152, 792, 0, 3, 0, 0, 0.43%, 0, 0, 1, 358.40
1606741157, 794, 1, 3, 0, 0, 0.43%, 0, 0, 1, 363.24
1606741162, 796, 2, 3, 0, 0, 0.43%, 0, 0, 1, 358.44
1606741167, 799, 0, 3, 0, 0, 0.43%, 0, 0, 1, 368.19
1606741173, 801, 2, 3, 0, 0, 0.43%, 0, 0, 1, 374.06
1606741178, 804, 0, 3, 0, 0, 0.43%, 0, 0, 1, 374.25
1606741183, 806, 2, 3, 0, 0, 0.43%, 0, 0, 1, 373.65
1606741188, 809, 0, 3, 0, 0, 0.43%, 0, 0, 1, 361.65
1606741193, 811, 0, 3, 0, 0, 0.43%, 0, 0, 1, 354.51
1606741198, 813, 2, 3, 0, 0, 0.43%, 0, 0, 1, 360.73
1606741203, 816, 0, 3, 0, 0, 0.43%, 0, 0, 1, 370.80
1606741208, 818, 2, 3, 0, 0, 0.43%, 0, 0, 1, 371.96
1606741213, 821, 0, 3, 0, 0, 0.43%, 0, 0, 1, 362.57
1606741218, 823, 1, 3, 0, 0, 0.43%, 0, 0, 1, 357.60
1606741224, 825, 2, 3, 0, 0, 0.43%, 0, 0, 1, 359.74
1606741229, 828, 0, 3, 0, 0, 0.43%, 0, 0, 1, 352.82
1606741234, 830, 1, 3, 0, 0, 0.43%, 0, 0, 1, 365.48
1606741239, 832, 2, 3, 0, 0, 0.43%, 0, 0, 1, 363.01
1606741244, 835, 1, 3, 0, 0, 0.43%, 0, 0, 1, 369.64
1606741249, 837, 2, 3, 0, 0, 0.43%, 0, 0, 1, 367.13
1606741254, 840, 0, 3, 0, 0, 0.43%, 0, 0, 1, 369.01
1606741259, 842, 2, 3, 0, 0, 0.43%, 0, 0, 1, 366.06
1606741264, 845, 0, 3, 0, 0, 0.43%, 0, 0, 1, 369.04
1606741269, 847, 1, 3, 0, 0, 0.43%, 0, 0, 1, 366.54
1606741274, 849, 2, 3, 0, 0, 0.43%, 0, 0, 1, 354.16
1606741279, 852, 0, 3, 0, 0, 0.43%, 0, 0, 1, 356.59
1606741284, 854, 1, 3, 0, 0, 0.43%, 0, 0, 1, 351.74
1606741290, 857, 0, 3, 0, 0, 0.43%, 0, 0, 1, 368.21
1606741295, 859, 1, 3, 0, 0, 0.43%, 0, 0, 1, 345.57
1606741300, 861, 2, 3, 0, 0, 0.43%, 0, 0, 1, 369.38
1606741305, 864, 1, 3, 0, 0, 0.43%, 0, 0, 1, 375.94
1606741310, 866, 2, 3, 0, 0, 0.43%, 0, 0, 1, 376.51
1606741315, 869, 1, 3, 0, 0, 0.43%, 0, 0, 1, 375.69
1606741320, 871, 2, 3, 0, 0, 0.43%, 0, 0, 1, 367.01
1606741325, 874, 0, 3, 0, 0, 0.43%, 0, 0, 1, 360.82
1606741331, 876, 2, 3, 0, 0, 0.43%, 0, 0, 1, 368.82
1606741336, 879, 0, 3, 0, 0, 0.43%, 0, 0, 1, 360.89
1606741341, 881, 1, 3, 0, 0, 0.43%, 0, 0, 1, 360.99
1606741346, 883, 2, 3, 0, 0, 0.43%, 0, 0, 1, 355.42
1606741351, 886, 0, 3, 0, 0, 0.43%, 0, 0, 1, 342.01
1606741356, 888, 1, 3, 0, 0, 0.43%, 0, 0, 1, 348.65
1606741361, 890, 2, 3, 0, 0, 0.43%, 0, 0, 1, 349.53
1606741366, 893, 0, 3, 0, 0, 0.43%, 0, 0, 1, 353.45
1606741371, 895, 1, 3, 0, 0, 0.43%, 0, 0, 1, 355.30
1606741376, 897, 2, 3, 0, 0, 0.43%, 0, 0, 1, 357.17
1606741381, 900, 0, 3, 0, 0, 0.43%, 0, 0, 1, 356.92
1606741386, 902, 1, 3, 0, 0, 0.43%, 0, 0, 1, 357.59
1606741391, 904, 2, 3, 0, 0, 0.43%, 0, 0, 1, 359.69
1606741396, 907, 0, 3, 0, 0, 0.43%, 0, 0, 1, 354.18
1606741402, 909, 1, 3, 0, 0, 0.43%, 0, 0, 1, 356.57
1606741407, 911, 2, 3, 0, 0, 0.43%, 0, 0, 1, 357.66
1606741412, 914, 0, 3, 0, 0, 0.43%, 0, 0, 1, 356.04
1606741417, 916, 1, 3, 0, 0, 0.43%, 0, 0, 1, 356.47
1606741422, 918, 2, 3, 0, 0, 0.43%, 0, 0, 1, 356.84
1606741427, 921, 0, 3, 0, 0, 0.43%, 0, 0, 1, 352.64
1606741432, 923, 1, 3, 0, 0, 0.43%, 0, 0, 1, 356.27
1606741437, 925, 2, 3, 0, 0, 0.43%, 0, 0, 1, 357.84
1606741442, 928, 0, 3, 0, 0, 0.43%, 0, 0, 1, 357.47
1606741447, 930, 2, 3, 0, 0, 0.43%, 0, 0, 1, 358.10
1606741452, 933, 0, 3, 0, 0, 0.43%, 0, 0, 1, 351.19
1606741457, 935, 1, 3, 0, 0, 0.43%, 0, 0, 1, 348.59
1606741462, 937, 2, 3, 0, 0, 0.43%, 0, 0, 1, 356.11
1606741467, 940, 0, 3, 0, 0, 0.43%, 0, 0, 1, 356.84
1606741472, 942, 1, 3, 0, 0, 0.43%, 0, 0, 1, 359.46
1606741477, 944, 2, 3, 0, 0, 0.43%, 0, 0, 1, 355.68
1606741483, 947, 0, 3, 0, 0, 0.43%, 0, 0, 1, 354.96
1606741488, 949, 0, 3, 0, 0, 0.43%, 0, 0, 1, 344.77
1606741493, 951, 1, 3, 0, 0, 0.43%, 0, 0, 1, 352.71
1606741498, 953, 2, 3, 0, 0, 0.43%, 0, 0, 1, 348.34
1606741503, 956, 0, 3, 0, 0, 0.43%, 0, 0, 1, 355.56
1606741508, 958, 1, 3, 0, 0, 0.43%, 0, 0, 1, 358.35
1606741513, 960, 2, 3, 0, 0, 0.43%, 0, 0, 1, 356.12
1606741518, 963, 0, 3, 0, 0, 0.43%, 0, 0, 1, 356.10
1606741523, 965, 1, 3, 0, 0, 0.43%, 0, 0, 1, 358.48
1606741528, 967, 2, 3, 0, 0, 0.43%, 0, 0, 1, 358.68
1606741533, 970, 1, 3, 0, 0, 0.43%, 0, 0, 1, 349.92
1606741538, 972, 1, 3, 0, 0, 0.43%, 0, 0, 1, 330.48
1606741543, 974, 2, 3, 0, 0, 0.43%, 0, 0, 1, 324.55
1606741549, 976, 2, 3, 0, 0, 0.43%, 0, 0, 1, 341.08
1606741554, 979, 1, 3, 0, 0, 0.43%, 0, 0, 1, 348.89
1606741559, 981, 2, 3, 0, 0, 0.43%, 0, 0, 1, 356.99
1606741564, 984, 0, 3, 0, 0, 0.43%, 0, 0, 1, 349.74
1606741569, 986, 1, 3, 0, 0, 0.43%, 0, 0, 1, 343.72
1606741574, 988, 1, 3, 0, 0, 0.43%, 0, 0, 1, 303.37
1606741579, 990, 0, 3, 0, 0, 0.43%, 0, 0, 1, 276.80
1606741584, 991, 2, 3, 0, 0, 0.43%, 0, 0, 1, 276.31
1606741589, 993, 2, 3, 0, 0, 0.43%, 0, 0, 1, 280.18
1606741594, 995, 2, 3, 0, 0, 0.43%, 0, 0, 1, 332.22
1606741599, 998, 0, 3, 0, 0, 0.43%, 0, 0, 1, 332.74
1606741604, 1000, 0, 3, 0, 0, 0.43%, 0, 0, 1, 338.77
1606741609, 1002, 1, 3, 0, 0, 0.43%, 0, 0, 1, 347.56
1606741614, 1004, 2, 3, 0, 0, 0.43%, 0, 0, 1, 337.15
1606741619, 1006, 2, 3, 0, 0, 0.43%, 0, 0, 1, 328.18
1606741625, 1009, 0, 3, 0, 0, 0.43%, 0, 0, 1, 346.18
1606741630, 1011, 1, 3, 0, 0, 0.43%, 0, 0, 1, 345.62
1606741635, 1013, 2, 3, 0, 0, 0.43%, 0, 0, 1, 334.56
1606741640, 1016, 0, 3, 0, 0, 0.43%, 0, 0, 1, 340.83
1606741645, 1018, 0, 3, 0, 0, 0.43%, 0, 0, 1, 324.66
1606741650, 1020, 1, 3, 0, 0, 0.43%, 0, 0, 1, 341.64
1606741655, 1022, 1, 3, 0, 0, 0.43%, 0, 0, 1, 292.85
1606741660, 1024, 0, 3, 0, 0, 0.43%, 0, 0, 1, 284.69
1606741665, 1026, 1, 3, 0, 0, 0.43%, 0, 0, 1, 340.47
1606741670, 1028, 2, 3, 0, 0, 0.43%, 0, 0, 1, 344.82
1606741675, 1031, 0, 3, 0, 0, 0.43%, 0, 0, 1, 349.04
1606741680, 1033, 1, 3, 0, 0, 0.43%, 0, 0, 1, 348.03
1606741685, 1035, 1, 3, 0, 0, 0.43%, 0, 0, 1, 346.64
1606741691, 1037, 2, 3, 0, 0, 0.43%, 0, 0, 1, 349.23
1606741696, 1040, 1, 3, 0, 0, 0.43%, 0, 0, 1, 356.92
1606741701, 1042, 2, 3, 0, 0, 0.43%, 0, 0, 1, 357.87
1606741706, 1045, 0, 3, 0, 0, 0.43%, 0, 0, 1, 360.54
1606741711, 1047, 1, 3, 0, 0, 0.43%, 0, 0, 1, 362.91
1606741716, 1049, 2, 3, 0, 0, 0.43%, 0, 0, 1, 363.87
1606741721, 1052, 0, 3, 0, 0, 0.43%, 0, 0, 1, 360.88
1606741726, 1054, 1, 3, 0, 0, 0.43%, 0, 0, 1, 361.48
1606741731, 1056, 2, 3, 0, 0, 0.43%, 0, 0, 1, 356.97
1606741736, 1059, 0, 3, 0, 0, 0.43%, 0, 0, 1, 361.58
1606741741, 1061, 1, 3, 0, 0, 0.43%, 0, 0, 1, 352.91
1606741746, 1063, 2, 3, 0, 0, 0.43%, 0, 0, 1, 355.07
1606741751, 1066, 0, 3, 0, 0, 0.43%, 0, 0, 1, 331.41
1606741756, 1068, 1, 3, 0, 0, 0.43%, 0, 0, 1, 336.45
1606741761, 1070, 1, 3, 0, 0, 0.43%, 0, 0, 1, 338.69
1606741767, 1072, 2, 3, 0, 0, 0.43%, 0, 0, 1, 320.28
1606741772, 1074, 2, 3, 0, 0, 0.43%, 0, 0, 1, 321.49
1606741777, 1077, 0, 3, 0, 0, 0.43%, 0, 0, 1, 336.26
1606741782, 1079, 1, 3, 0, 0, 0.43%, 0, 0, 1, 347.13
1606741787, 1081, 2, 3, 0, 0, 0.43%, 0, 0, 1, 348.13
1606741792, 1084, 0, 3, 0, 0, 0.43%, 0, 0, 1, 345.92
1606741798, 1086, 1, 3, 0, 0, 0.43%, 0, 0, 1, 333.27
1606741803, 1088, 2, 3, 0, 0, 0.43%, 0, 0, 1, 351.08
1606741808, 1091, 0, 3, 0, 0, 0.43%, 0, 0, 1, 347.46
1606741813, 1093, 0, 3, 0, 0, 0.43%, 0, 0, 1, 336.95
1606741818, 1095, 1, 3, 0, 0, 0.43%, 0, 0, 1, 354.03
1606741823, 1098, 0, 3, 0, 0, 0.43%, 0, 0, 1, 358.04
1606741828, 1100, 1, 3, 0, 0, 0.43%, 0, 0, 1, 355.82
1606741833, 1102, 2, 3, 0, 0, 0.43%, 0, 0, 1, 368.53
1606741838, 1105, 0, 3, 0, 0, 0.43%, 0, 0, 1, 357.61
1606741843, 1107, 1, 3, 0, 0, 0.43%, 0, 0, 1, 364.74
1606741848, 1109, 2, 3, 0, 0, 0.43%, 0, 0, 1, 355.58
1606741854, 1112, 1, 3, 0, 0, 0.43%, 0, 0, 1, 365.33
1606741859, 1114, 2, 3, 0, 0, 0.43%, 0, 0, 1, 364.49
1606741864, 1117, 0, 3, 0, 0, 0.43%, 0, 0, 1, 353.52
1606741869, 1119, 0, 3, 0, 0, 0.43%, 0, 0, 1, 335.29
1606741874, 1121, 1, 3, 0, 0, 0.43%, 0, 0, 1, 355.59
1606741879, 1123, 2, 3, 0, 0, 0.43%, 0, 0, 1, 361.75
1606741884, 1126, 1, 3, 0, 0, 0.43%, 0, 0, 1, 363.56
1606741889, 1128, 0, 3, 0, 0, 0.43%, 0, 0, 1, 298.43
1606741894, 1130, 0, 3, 0, 0, 0.43%, 0, 0, 1, 274.15
1606741899, 1131, 2, 3, 0, 0, 0.43%, 0, 0, 1, 274.71
1606741904, 1133, 2, 3, 0, 0, 0.43%, 0, 0, 1, 280.04
1606741909, 1135, 2, 3, 0, 0, 0.43%, 0, 0, 1, 277.49
1606741915, 1137, 1, 3, 0, 0, 0.43%, 0, 0, 1, 277.96
1606741920, 1139, 2, 3, 0, 0, 0.43%, 0, 0, 1, 322.07
1606741925, 1141, 2, 3, 0, 0, 0.43%, 0, 0, 1, 324.88
1606741930, 1144, 0, 3, 0, 0, 0.43%, 0, 0, 1, 353.52
1606741935, 1146, 1, 3, 0, 0, 0.43%, 0, 0, 1, 363.46
1606741940, 1149, 0, 3, 0, 0, 0.43%, 0, 0, 1, 367.07
1606741945, 1151, 1, 3, 0, 0, 0.43%, 0, 0, 1, 366.05
1606741950, 1153, 2, 3, 0, 0, 0.43%, 0, 0, 1, 375.69
1606741955, 1156, 1, 3, 0, 0, 0.43%, 0, 0, 1, 377.59
1606741961, 1159, 0, 3, 0, 0, 0.43%, 0, 0, 1, 377.21
1606741966, 1161, 1, 3, 0, 0, 0.43%, 0, 0, 1, 378.16
1606741971, 1164, 0, 3, 0, 0, 0.43%, 0, 0, 1, 378.03
1606741976, 1166, 1, 3, 0, 0, 0.43%, 0, 0, 1, 371.20
1606741981, 1169, 0, 3, 0, 0, 0.43%, 0, 0, 1, 376.56
1606741986, 1171, 2, 3, 0, 0, 0.43%, 0, 0, 1, 375.61
1606741992, 1174, 0, 3, 0, 0, 0.43%, 0, 0, 1, 377.41
1606741997, 1176, 2, 3, 0, 0, 0.43%, 0, 0, 1, 379.42
1606742002, 1179, 0, 3, 0, 0, 0.43%, 0, 0, 1, 380.47
1606742007, 1181, 2, 3, 0, 0, 0.43%, 0, 0, 1, 380.58
1606742012, 1184, 1, 3, 0, 0, 0.43%, 0, 0, 1, 377.69
1606742017, 1186, 2, 3, 0, 0, 0.43%, 0, 0, 1, 371.98
1606742023, 1189, 1, 3, 0, 0, 0.43%, 0, 0, 1, 371.64
1606742028, 1191, 2, 3, 0, 0, 0.43%, 0, 0, 1, 372.48
1606742033, 1194, 1, 3, 0, 0, 0.43%, 0, 0, 1, 371.10
1606742038, 1196, 2, 3, 0, 0, 0.43%, 0, 0, 1, 375.05
1606742043, 1199, 1, 3, 0, 0, 0.43%, 0, 0, 1, 373.57
1606742048, 1201, 2, 3, 0, 0, 0.43%, 0, 0, 1, 376.98
1606742054, 1204, 1, 3, 0, 0, 0.43%, 0, 0, 1, 367.25
1606742059, 1206, 2, 3, 0, 0, 0.43%, 0, 0, 1, 372.70
1606742064, 1209, 1, 3, 0, 0, 0.43%, 0, 0, 1, 369.32
1606742069, 1211, 2, 3, 0, 0, 0.43%, 0, 0, 1, 365.47
1606742074, 1214, 0, 3, 0, 0, 0.43%, 0, 0, 1, 370.22
1606742079, 1216, 2, 3, 0, 0, 0.43%, 0, 0, 1, 377.69
1606742084, 1219, 0, 3, 0, 0, 0.43%, 0, 0, 1, 379.52
1606742089, 1221, 2, 3, 0, 0, 0.43%, 0, 0, 1, 381.07
1606742094, 1224, 0, 3, 0, 0, 0.43%, 0, 0, 1, 364.13
1606742099, 1226, 1, 3, 0, 0, 0.43%, 0, 0, 1, 343.68
1606742105, 1228, 2, 3, 0, 0, 0.43%, 0, 0, 1, 372.39
1606742110, 1231, 1, 3, 0, 0, 0.43%, 0, 0, 1, 377.33
1606742115, 1234, 0, 3, 0, 0, 0.43%, 0, 0, 1, 375.09
1606742120, 1236, 1, 3, 0, 0, 0.43%, 0, 0, 1, 376.23
1606742125, 1239, 0, 3, 0, 0, 0.43%, 0, 0, 1, 376.74
1606742130, 1241, 2, 3, 0, 0, 0.43%, 0, 0, 1, 377.90
1606742136, 1244, 0, 3, 0, 0, 0.43%, 0, 0, 1, 377.39
1606742141, 1246, 1, 3, 0, 0, 0.43%, 0, 0, 1, 374.96
1606742146, 1249, 0, 3, 0, 0, 0.43%, 0, 0, 1, 374.48
1606742151, 1251, 1, 3, 0, 0, 0.43%, 0, 0, 1, 376.86
1606742156, 1254, 0, 3, 0, 0, 0.43%, 0, 0, 1, 368.42
1606742161, 1256, 1, 3, 0, 0, 0.43%, 0, 0, 1, 371.88
1606742166, 1259, 0, 3, 0, 0, 0.43%, 0, 0, 1, 378.13
1606742171, 1261, 2, 3, 0, 0, 0.43%, 0, 0, 1, 380.15
1606742177, 1264, 0, 3, 0, 0, 0.43%, 0, 0, 1, 380.55
1606742182, 1266, 2, 3, 0, 0, 0.43%, 0, 0, 1, 380.22
1606742187, 1269, 0, 3, 0, 0, 0.43%, 0, 0, 1, 378.82
1606742192, 1271, 2, 3, 0, 0, 0.43%, 0, 0, 1, 380.25
1606742197, 1274, 1, 3, 0, 0, 0.43%, 0, 0, 1, 378.62
1606742202, 1276, 2, 3, 0, 0, 0.43%, 0, 0, 1, 379.42
1606742207, 1279, 1, 3, 0, 0, 0.43%, 0, 0, 1, 380.06
1606742213, 1281, 2, 3, 0, 0, 0.43%, 0, 0, 1, 366.34
1606742218, 1284, 1, 3, 0, 0, 0.43%, 0, 0, 1, 376.61
1606742223, 1287, 0, 3, 0, 0, 0.43%, 0, 0, 1, 379.52
1606742228, 1289, 1, 3, 0, 0, 0.43%, 0, 0, 1, 379.23
1606742233, 1292, 0, 3, 0, 0, 0.43%, 0, 0, 1, 379.86
1606742238, 1294, 1, 3, 0, 0, 0.43%, 0, 0, 1, 365.82
1606742243, 1297, 0, 3, 0, 0, 0.43%, 0, 0, 1, 370.09
1606742249, 1299, 0, 3, 0, 0, 0.43%, 0, 0, 1, 355.13
1606742254, 1301, 1, 3, 0, 0, 0.43%, 0, 0, 1, 361.40
1606742259, 1304, 0, 3, 0, 0, 0.43%, 0, 0, 1, 367.34
1606742264, 1306, 1, 3, 0, 0, 0.43%, 0, 0, 1, 366.63
1606742269, 1309, 0, 3, 0, 0, 0.43%, 0, 0, 1, 369.57
1606742274, 1311, 1, 3, 0, 0, 0.43%, 0, 0, 1, 373.76
1606742279, 1314, 0, 3, 0, 0, 0.43%, 0, 0, 1, 370.33
1606742284, 1316, 1, 3, 0, 0, 0.43%, 0, 0, 1, 376.27
1606742290, 1319, 0, 3, 0, 0, 0.43%, 0, 0, 1, 381.44
1606742295, 1321, 1, 3, 0, 0, 0.43%, 0, 0, 1, 383.04
1606742300, 1324, 0, 3, 0, 0, 0.43%, 0, 0, 1, 383.69
1606742305, 1326, 2, 3, 0, 0, 0.43%, 0, 0, 1, 383.22
1606742310, 1329, 0, 3, 0, 0, 0.43%, 0, 0, 1, 381.35
1606742315, 1331, 2, 3, 0, 0, 0.43%, 0, 0, 1, 384.07
1606742320, 1334, 1, 3, 0, 0, 0.43%, 0, 0, 1, 385.43
1606742325, 1336, 2, 3, 0, 0, 0.43%, 0, 0, 1, 385.58
1606742331, 1339, 1, 3, 0, 0, 0.43%, 0, 0, 1, 383.96
1606742336, 1342, 0, 3, 0, 0, 0.43%, 0, 0, 1, 384.21
1606742341, 1344, 2, 3, 0, 0, 0.43%, 0, 0, 1, 367.36
1606742346, 1346, 2, 3, 0, 0, 0.43%, 0, 0, 1, 351.86
1606742351, 1349, 1, 3, 0, 0, 0.43%, 0, 0, 1, 357.96
1606742356, 1352, 0, 3, 0, 0, 0.43%, 0, 0, 1, 379.23
1606742361, 1354, 1, 3, 0, 0, 0.43%, 0, 0, 1, 380.36
1606742367, 1357, 0, 3, 0, 0, 0.43%, 0, 0, 1, 376.09
1606742372, 1359, 1, 3, 0, 0, 0.43%, 0, 0, 1, 380.20
1606742377, 1362, 0, 3, 0, 0, 0.43%, 0, 0, 1, 381.06
1606742382, 1364, 2, 3, 0, 0, 0.43%, 0, 0, 1, 381.11
1606742387, 1367, 0, 3, 0, 0, 0.43%, 0, 0, 1, 381.07
1606742392, 1369, 2, 3, 0, 0, 0.43%, 0, 0, 1, 380.72
1606742397, 1372, 1, 3, 0, 0, 0.43%, 0, 0, 1, 377.89
1606742403, 1374, 2, 3, 0, 0, 0.43%, 0, 0, 1, 376.60
1606742408, 1377, 1, 3, 0, 0, 0.43%, 0, 0, 1, 379.16
1606742413, 1379, 2, 3, 0, 0, 0.43%, 0, 0, 1, 381.13
1606742418, 1382, 1, 3, 0, 0, 0.43%, 0, 0, 1, 380.61
1606742423, 1385, 0, 3, 0, 0, 0.43%, 0, 0, 1, 381.88
1606742428, 1387, 1, 3, 0, 0, 0.43%, 0, 0, 1, 375.95
1606742434, 1390, 0, 3, 0, 0, 0.43%, 0, 0, 1, 373.01
1606742439, 1392, 1, 3, 0, 0, 0.43%, 0, 0, 1, 360.94
1606742444, 1394, 2, 3, 0, 0, 0.43%, 0, 0, 1, 359.43
1606742449, 1397, 0, 3, 0, 0, 0.43%, 0, 0, 1, 351.42
1606742454, 1399, 2, 3, 0, 0, 0.43%, 0, 0, 1, 375.67
1606742459, 1402, 0, 3, 0, 0, 0.43%, 0, 0, 1, 379.91
1606742464, 1404, 2, 3, 0, 0, 0.43%, 0, 0, 1, 382.09
1606742469, 1407, 1, 3, 0, 0, 0.43%, 0, 0, 1, 382.22
1606742474, 1409, 2, 3, 0, 0, 0.43%, 0, 0, 1, 382.39
1606742480, 1412, 1, 3, 0, 0, 0.43%, 0, 0, 1, 382.16
1606742485, 1415, 0, 3, 0, 0, 0.43%, 0, 0, 1, 382.18
1606742490, 1417, 1, 3, 0, 0, 0.43%, 0, 0, 1, 381.77
1606742495, 1420, 0, 3, 0, 0, 0.43%, 0, 0, 1, 381.91
1606742500, 1422, 2, 3, 0, 0, 0.43%, 0, 0, 1, 381.53
1606742505, 1425, 0, 3, 0, 0, 0.43%, 0, 0, 1, 381.22
1606742510, 1427, 2, 3, 0, 0, 0.43%, 0, 0, 1, 382.02
1606742515, 1430, 0, 3, 0, 0, 0.43%, 0, 0, 1, 382.49
1606742521, 1432, 2, 3, 0, 0, 0.43%, 0, 0, 1, 380.93
1606742526, 1435, 1, 3, 0, 0, 0.43%, 0, 0, 1, 383.09
1606742531, 1437, 2, 3, 0, 0, 0.43%, 0, 0, 1, 381.85
1606742536, 1440, 1, 3, 0, 0, 0.43%, 0, 0, 1, 381.98
1606742541, 1443, 0, 3, 0, 0, 0.43%, 0, 0, 1, 380.01
1606742546, 1445, 1, 3, 0, 0, 0.43%, 0, 0, 1, 381.16
1606742551, 1448, 0, 3, 0, 0, 0.43%, 0, 0, 1, 379.63
1606742557, 1450, 2, 3, 0, 0, 0.43%, 0, 0, 1, 381.57
1606742562, 1453, 0, 3, 0, 0, 0.43%, 0, 0, 1, 380.32
1606742567, 1455, 2, 3, 0, 0, 0.43%, 0, 0, 1, 380.04
1606742572, 1458, 1, 3, 0, 0, 0.43%, 0, 0, 1, 381.31
1606742577, 1460, 2, 3, 0, 0, 0.43%, 0, 0, 1, 381.52
1606742582, 1463, 1, 3, 0, 0, 0.43%, 0, 0, 1, 380.68
1606742587, 1465, 2, 3, 0, 0, 0.43%, 0, 0, 1, 357.32
1606742592, 1468, 0, 3, 0, 0, 0.43%, 0, 0, 1, 377.08
1606742598, 1470, 2, 3, 0, 0, 0.43%, 0, 0, 1, 381.11
1606742603, 1473, 1, 3, 0, 0, 0.43%, 0, 0, 1, 382.77
1606742608, 1475, 2, 3, 0, 0, 0.43%, 0, 0, 1, 381.60
1606742613, 1478, 1, 3, 0, 0, 0.43%, 0, 0, 1, 377.47
1606742618, 1481, 0, 3, 0, 0, 0.43%, 0, 0, 1, 381.16
1606742623, 1483, 1, 3, 0, 0, 0.43%, 0, 0, 1, 382.82
1606742628, 1486, 0, 3, 0, 0, 0.43%, 0, 0, 1, 382.91
1606742633, 1488, 2, 3, 0, 0, 0.43%, 0, 0, 1, 382.43
1606742639, 1491, 0, 3, 0, 0, 0.43%, 0, 0, 1, 381.73
1606742644, 1493, 2, 3, 0, 0, 0.43%, 0, 0, 1, 382.42
1606742649, 1496, 1, 3, 0, 0, 0.43%, 0, 0, 1, 381.81
1606742654, 1498, 2, 3, 0, 0, 0.43%, 0, 0, 1, 382.53
1606742659, 1501, 1, 3, 0, 0, 0.43%, 0, 0, 1, 382.34
1606742664, 1504, 0, 3, 0, 0, 0.43%, 0, 0, 1, 383.55
1606742669, 1506, 1, 3, 0, 0, 0.43%, 0, 0, 1, 382.36
1606742675, 1509, 0, 3, 0, 0, 0.43%, 0, 0, 1, 374.19
1606742680, 1511, 2, 3, 0, 0, 0.43%, 0, 0, 1, 382.13
1606742685, 1514, 0, 3, 0, 0, 0.43%, 0, 0, 1, 383.76
1606742690, 1516, 2, 3, 0, 0, 0.43%, 0, 0, 1, 383.03
1606742695, 1519, 1, 3, 0, 0, 0.43%, 0, 0, 1, 383.35
1606742700, 1521, 2, 3, 0, 0, 0.43%, 0, 0, 1, 383.44
1606742705, 1524, 1, 3, 0, 0, 0.43%, 0, 0, 1, 382.99
1606742711, 1527, 0, 3, 0, 0, 0.43%, 0, 0, 1, 383.59
1606742716, 1529, 1, 3, 0, 0, 0.43%, 0, 0, 1, 383.33
1606742721, 1532, 0, 3, 0, 0, 0.43%, 0, 0, 1, 381.89
1606742726, 1534, 2, 3, 0, 0, 0.43%, 0, 0, 1, 385.10
1606742731, 1537, 0, 3, 0, 0, 0.43%, 0, 0, 1, 385.33
1606742736, 1539, 2, 3, 0, 0, 0.43%, 0, 0, 1, 385.24
1606742741, 1542, 1, 3, 0, 0, 0.43%, 0, 0, 1, 385.26
1606742746, 1544, 2, 3, 0, 0, 0.43%, 0, 0, 1, 384.90
1606742751, 1547, 1, 3, 0, 0, 0.43%, 0, 0, 1, 384.98
1606742757, 1550, 0, 3, 0, 0, 0.43%, 0, 0, 1, 384.73
1606742762, 1552, 2, 3, 0, 0, 0.43%, 0, 0, 1, 384.56
1606742767, 1555, 0, 3, 0, 0, 0.43%, 0, 0, 1, 386.06
1606742772, 1557, 2, 3, 0, 0, 0.43%, 0, 0, 1, 384.43
1606742777, 1560, 1, 3, 0, 0, 0.43%, 0, 0, 1, 384.54
1606742782, 1562, 2, 3, 0, 0, 0.43%, 0, 0, 1, 386.19
1606742787, 1565, 1, 3, 0, 0, 0.43%, 0, 0, 1, 385.88
1606742792, 1568, 0, 3, 0, 0, 0.43%, 0, 0, 1, 384.83
1606742798, 1570, 2, 3, 0, 0, 0.43%, 0, 0, 1, 385.85
1606742803, 1573, 0, 3, 0, 0, 0.43%, 0, 0, 1, 386.39
1606742808, 1575, 2, 3, 0, 0, 0.43%, 0, 0, 1, 385.10
1606742813, 1578, 1, 3, 0, 0, 0.43%, 0, 0, 1, 385.86
1606742818, 1580, 2, 3, 0, 0, 0.43%, 0, 0, 1, 386.93
1606742823, 1583, 1, 3, 0, 0, 0.43%, 0, 0, 1, 386.68
1606742828, 1586, 0, 3, 0, 0, 0.43%, 0, 0, 1, 386.74
1606742833, 1588, 1, 3, 0, 0, 0.43%, 0, 0, 1, 387.39
1606742838, 1591, 0, 3, 0, 0, 0.43%, 0, 0, 1, 385.39
1606742843, 1593, 2, 3, 0, 0, 0.43%, 0, 0, 1, 386.04
1606742848, 1596, 0, 3, 0, 0, 0.43%, 0, 0, 1, 384.16
1606742854, 1598, 2, 3, 0, 0, 0.43%, 0, 0, 1, 385.67
1606742859, 1601, 1, 3, 0, 0, 0.43%, 0, 0, 1, 385.85
1606742864, 1603, 2, 3, 0, 0, 0.43%, 0, 0, 1, 387.11
1606742869, 1606, 1, 3, 0, 0, 0.43%, 0, 0, 1, 385.60
1606742874, 1609, 0, 3, 0, 0, 0.43%, 0, 0, 1, 385.43
1606742879, 1611, 1, 3, 0, 0, 0.43%, 0, 0, 1, 385.62
1606742884, 1614, 0, 3, 0, 0, 0.43%, 0, 0, 1, 385.56
1606742889, 1616, 2, 3, 0, 0, 0.43%, 0, 0, 1, 384.52
1606742895, 1619, 1, 3, 0, 0, 0.43%, 0, 0, 1, 384.38
1606742900, 1621, 2, 3, 0, 0, 0.43%, 0, 0, 1, 385.72
1606742905, 1624, 1, 3, 0, 0, 0.43%, 0, 0, 1, 384.51
1606742910, 1627, 0, 3, 0, 0, 0.43%, 0, 0, 1, 385.21
1606742915, 1629, 1, 3, 0, 0, 0.43%, 0, 0, 1, 384.94
1606742920, 1632, 0, 3, 0, 0, 0.43%, 0, 0, 1, 379.57
1606742925, 1634, 1, 3, 0, 0, 0.43%, 0, 0, 1, 381.57
1606742930, 1637, 0, 3, 0, 0, 0.43%, 0, 0, 1, 383.69
1606742935, 1639, 2, 3, 0, 0, 0.43%, 0, 0, 1, 384.27
1606742941, 1642, 1, 3, 0, 0, 0.43%, 0, 0, 1, 384.35
1606742946, 1644, 2, 3, 0, 0, 0.43%, 0, 0, 1, 383.54
1606742951, 1647, 1, 3, 0, 0, 0.43%, 0, 0, 1, 383.11
1606742956, 1650, 0, 3, 0, 0, 0.43%, 0, 0, 1, 381.57
1606742961, 1652, 1, 3, 0, 0, 0.43%, 0, 0, 1, 383.05
1606742966, 1655, 0, 3, 0, 0, 0.43%, 0, 0, 1, 384.52
1606742971, 1657, 2, 3, 0, 0, 0.43%, 0, 0, 1, 384.06
1606742977, 1660, 1, 3, 0, 0, 0.43%, 0, 0, 1, 383.86
1606742982, 1662, 2, 3, 0, 0, 0.43%, 0, 0, 1, 382.77
1606742987, 1665, 1, 3, 0, 0, 0.43%, 0, 0, 1, 382.83
1606742992, 1668, 0, 3, 0, 0, 0.43%, 0, 0, 1, 383.27
1606742997, 1670, 2, 3, 0, 0, 0.43%, 0, 0, 1, 382.94
1606743002, 1673, 0, 3, 0, 0, 0.43%, 0, 0, 1, 383.44
1606743007, 1675, 2, 3, 0, 0, 0.43%, 0, 0, 1, 382.17
1606743013, 1678, 1, 3, 0, 0, 0.43%, 0, 0, 1, 383.66
1606743018, 1680, 2, 3, 0, 0, 0.43%, 0, 0, 1, 384.36
1606743023, 1683, 1, 3, 0, 0, 0.43%, 0, 0, 1, 383.05
1606743028, 1686, 0, 3, 0, 0, 0.43%, 0, 0, 1, 383.61
1606743033, 1688, 1, 3, 0, 0, 0.43%, 0, 0, 1, 383.53
1606743038, 1691, 0, 3, 0, 0, 0.43%, 0, 0, 1, 384.02
1606743043, 1693, 2, 3, 0, 0, 0.43%, 0, 0, 1, 381.32
1606743049, 1696, 0, 3, 0, 0, 0.43%, 0, 0, 1, 382.82
1606743054, 1698, 2, 3, 0, 0, 0.43%, 0, 0, 1, 383.00
1606743059, 1701, 1, 3, 0, 0, 0.43%, 0, 0, 1, 382.39
1606743064, 1704, 0, 3, 0, 0, 0.43%, 0, 0, 1, 383.44
1606743069, 1706, 1, 3, 0, 0, 0.43%, 0, 0, 1, 383.40
1606743074, 1709, 0, 3, 0, 0, 0.43%, 0, 0, 1, 385.15
1606743079, 1711, 2, 3, 0, 0, 0.43%, 0, 0, 1, 384.65
1606743084, 1714, 0, 3, 0, 0, 0.43%, 0, 0, 1, 385.15
1606743090, 1716, 2, 3, 0, 0, 0.43%, 0, 0, 1, 385.74
1606743095, 1719, 1, 3, 0, 0, 0.43%, 0, 0, 1, 385.24
1606743100, 1721, 2, 3, 0, 0, 0.43%, 0, 0, 1, 385.24
1606743105, 1724, 1, 3, 0, 0, 0.43%, 0, 0, 1, 386.73
1606743110, 1726, 2, 3, 0, 0, 0.43%, 0, 0, 1, 386.75
1606743115, 1729, 1, 3, 0, 0, 0.43%, 0, 0, 1, 386.32
1606743120, 1732, 0, 3, 0, 0, 0.43%, 0, 0, 1, 386.51
1606743125, 1734, 1, 3, 0, 0, 0.43%, 0, 0, 1, 382.08
1606743130, 1737, 0, 3, 0, 0, 0.43%, 0, 0, 1, 385.90
1606743135, 1739, 2, 3, 0, 0, 0.43%, 0, 0, 1, 384.59
1606743140, 1742, 0, 3, 0, 0, 0.43%, 0, 0, 1, 384.86
1606743145, 1744, 2, 3, 0, 0, 0.43%, 0, 0, 1, 385.91
1606743150, 1747, 0, 3, 0, 0, 0.43%, 0, 0, 1, 387.01
1606743155, 1749, 2, 3, 0, 0, 0.43%, 0, 0, 1, 385.26
1606743161, 1752, 1, 3, 0, 0, 0.43%, 0, 0, 1, 385.01
1606743166, 1754, 2, 3, 0, 0, 0.43%, 0, 0, 1, 383.33
1606743171, 1757, 1, 3, 0, 0, 0.43%, 0, 0, 1, 384.45
1606743176, 1759, 2, 3, 0, 0, 0.43%, 0, 0, 1, 384.65
1606743181, 1762, 1, 3, 0, 0, 0.43%, 0, 0, 1, 384.91
1606743186, 1765, 0, 3, 0, 0, 0.43%, 0, 0, 1, 384.98
1606743191, 1767, 1, 3, 0, 0, 0.43%, 0, 0, 1, 384.61
1606743196, 1770, 0, 3, 0, 0, 0.43%, 0, 0, 1, 385.90
1606743201, 1772, 2, 3, 0, 0, 0.43%, 0, 0, 1, 385.19
1606743206, 1775, 0, 3, 0, 0, 0.43%, 0, 0, 1, 386.71
1606743211, 1777, 2, 3, 0, 0, 0.43%, 0, 0, 1, 385.63
1606743216, 1780, 0, 3, 0, 0, 0.43%, 0, 0, 1, 385.42
1606743221, 1782, 2, 3, 0, 0, 0.43%, 0, 0, 1, 386.37
1606743226, 1785, 1, 3, 0, 0, 0.43%, 0, 0, 1, 387.05
1606743231, 1787, 2, 3, 0, 0, 0.43%, 0, 0, 1, 386.16
1606743236, 1790, 1, 3, 0, 0, 0.43%, 0, 0, 1, 385.22
1606743241, 1793, 0, 3, 0, 0, 0.43%, 0, 0, 1, 385.59
1606743247, 1795, 1, 3, 0, 0, 0.43%, 0, 0, 1, 386.71
1606743252, 1798, 0, 3, 0, 0, 0.43%, 0, 0, 1, 385.59
1606743257, 1800, 2, 3, 0, 0, 0.43%, 0, 0, 1, 386.03
1606743262, 1803, 0, 3, 0, 0, 0.43%, 0, 0, 1, 384.18
1606743267, 1805, 2, 3, 0, 0, 0.43%, 0, 0, 1, 384.81
1606743272, 1808, 1, 3, 0, 0, 0.43%, 0, 0, 1, 384.48
1606743277, 1810, 2, 3, 0, 0, 0.43%, 0, 0, 1, 384.44
1606743282, 1813, 1, 3, 0, 0, 0.43%, 0, 0, 1, 384.73
1606743288, 1816, 0, 3, 0, 0, 0.43%, 0, 0, 1, 384.02
1606743293, 1818, 2, 3, 0, 0, 0.43%, 0, 0, 1, 383.93
1606743298, 1821, 0, 3, 0, 0, 0.43%, 0, 0, 1, 383.75
1606743303, 1823, 2, 3, 0, 0, 0.43%, 0, 0, 1, 384.83
1606743308, 1826, 0, 3, 0, 0, 0.43%, 0, 0, 1, 383.98
1606743313, 1828, 2, 3, 0, 0, 0.43%, 0, 0, 1, 384.54
1606743318, 1831, 1, 3, 0, 0, 0.43%, 0, 0, 1, 384.53
1606743323, 1833, 2, 3, 0, 0, 0.43%, 0, 0, 1, 385.31
1606743328, 1836, 1, 3, 0, 0, 0.43%, 0, 0, 1, 384.35
1606743333, 1839, 0, 3, 0, 0, 0.43%, 0, 0, 1, 383.39
1606743338, 1841, 1, 3, 0, 0, 0.43%, 0, 0, 1, 385.23
1606743344, 1844, 0, 3, 0, 0, 0.43%, 0, 0, 1, 384.05
1606743349, 1846, 2, 3, 0, 0, 0.43%, 0, 0, 1, 384.45
1606743354, 1849, 1, 3, 0, 0, 0.43%, 0, 0, 1, 384.06
1606743359, 1851, 2, 3, 0, 0, 0.43%, 0, 0, 1, 385.17
1606743364, 1854, 1, 3, 0, 0, 0.43%, 0, 0, 1, 386.01
1606743369, 1857, 0, 3, 0, 0, 0.43%, 0, 0, 1, 385.49
1606743374, 1859, 1, 3, 0, 0, 0.43%, 0, 0, 1, 385.92
1606743379, 1862, 0, 3, 0, 0, 0.43%, 0, 0, 1, 385.92
1606743384, 1864, 1, 3, 0, 0, 0.43%, 0, 0, 1, 385.28
1606743389, 1867, 0, 3, 0, 0, 0.43%, 0, 0, 1, 385.87
1606743394, 1869, 2, 3, 0, 0, 0.43%, 0, 0, 1, 384.70
1606743400, 1872, 0, 3, 0, 0, 0.43%, 0, 0, 1, 385.58
1606743405, 1874, 2, 3, 0, 0, 0.43%, 0, 0, 1, 382.13
1606743410, 1877, 1, 3, 0, 0, 0.43%, 0, 0, 1, 385.12
1606743415, 1879, 2, 3, 0, 0, 0.43%, 0, 0, 1, 385.66
1606743420, 1882, 1, 3, 0, 0, 0.43%, 0, 0, 1, 385.38
1606743425, 1884, 2, 3, 0, 0, 0.43%, 0, 0, 1, 385.87
1606743430, 1887, 1, 3, 0, 0, 0.43%, 0, 0, 1, 385.99
1606743435, 1890, 0, 3, 0, 0, 0.43%, 0, 0, 1, 386.56
1606743440, 1892, 1, 3, 0, 0, 0.43%, 0, 0, 1, 385.87
1606743445, 1895, 0, 3, 0, 0, 0.43%, 0, 0, 1, 385.16
1606743450, 1897, 2, 3, 0, 0, 0.43%, 0, 0, 1, 385.46
1606743455, 1900, 0, 3, 0, 0, 0.43%, 0, 0, 1, 385.32
1606743461, 1902, 2, 3, 0, 0, 0.43%, 0, 0, 1, 384.91
1606743466, 1905, 1, 3, 0, 0, 0.43%, 0, 0, 1, 385.77
1606743471, 1907, 2, 3, 0, 0, 0.43%, 0, 0, 1, 386.09
1606743476, 1910, 1, 3, 0, 0, 0.43%, 0, 0, 1, 385.25
1606743481, 1913, 0, 3, 0, 0, 0.43%, 0, 0, 1, 383.61
1606743486, 1915, 1, 3, 0, 0, 0.43%, 0, 0, 1, 385.15
1606743491, 1918, 0, 3, 0, 0, 0.43%, 0, 0, 1, 384.32
1606743496, 1920, 2, 3, 0, 0, 0.43%, 0, 0, 1, 385.12
1606743501, 1923, 0, 3, 0, 0, 0.43%, 0, 0, 1, 384.34
1606743506, 1925, 2, 3, 0, 0, 0.43%, 0, 0, 1, 385.31
1606743511, 1928, 1, 3, 0, 0, 0.43%, 0, 0, 1, 384.13
1606743517, 1930, 2, 3, 0, 0, 0.43%, 0, 0, 1, 384.06
1606743522, 1933, 1, 3, 0, 0, 0.43%, 0, 0, 1, 382.95
1606743527, 1936, 0, 3, 0, 0, 0.43%, 0, 0, 1, 383.78
1606743532, 1938, 1, 3, 0, 0, 0.43%, 0, 0, 1, 384.45
1606743537, 1941, 0, 3, 0, 0, 0.43%, 0, 0, 1, 384.84
1606743542, 1943, 2, 3, 0, 0, 0.43%, 0, 0, 1, 385.06
1606743547, 1946, 0, 3, 0, 0, 0.43%, 0, 0, 1, 385.11
1606743552, 1948, 2, 3, 0, 0, 0.43%, 0, 0, 1, 384.81
1606743557, 1951, 0, 3, 0, 0, 0.43%, 0, 0, 1, 385.13
1606743562, 1953, 2, 3, 0, 0, 0.43%, 0, 0, 1, 385.62
1606743567, 1956, 1, 3, 0, 0, 0.43%, 0, 0, 1, 384.85
1606743572, 1958, 2, 3, 0, 0, 0.43%, 0, 0, 1, 385.63
1606743578, 1961, 1, 3, 0, 0, 0.43%, 0, 0, 1, 384.41
1606743583, 1964, 0, 3, 0, 0, 0.43%, 0, 0, 1, 385.08
1606743588, 1966, 2, 3, 0, 0, 0.43%, 0, 0, 1, 383.71
1606743593, 1969, 0, 3, 0, 0, 0.43%, 0, 0, 1, 384.01
1606743598, 1971, 2, 3, 0, 0, 0.43%, 0, 0, 1, 385.07
1606743603, 1974, 0, 3, 0, 0, 0.43%, 0, 0, 1, 385.58
1606743608, 1976, 2, 3, 0, 0, 0.43%, 0, 0, 1, 386.40
1606743613, 1979, 1, 3, 0, 0, 0.43%, 0, 0, 1, 383.72
1606743618, 1981, 2, 3, 0, 0, 0.43%, 0, 0, 1, 384.65
1606743623, 1984, 1, 3, 0, 0, 0.43%, 0, 0, 1, 385.29
1606743629, 1987, 0, 3, 0, 0, 0.43%, 0, 0, 1, 384.73
1606743634, 1989, 1, 3, 0, 0, 0.43%, 0, 0, 1, 385.18
1606743639, 1992, 0, 3, 0, 0, 0.43%, 0, 0, 1, 384.05
1606743644, 1994, 1, 3, 0, 0, 0.43%, 0, 0, 1, 384.54
1606743649, 1997, 0, 3, 0, 0, 0.43%, 0, 0, 1, 384.79
1606743654, 1999, 2, 3, 0, 0, 0.43%, 0, 0, 1, 382.82
1606743659, 2002, 1, 3, 0, 0, 0.43%, 0, 0, 1, 384.44
1606743664, 2004, 2, 3, 0, 0, 0.43%, 0, 0, 1, 384.87
1606743669, 2007, 1, 3, 0, 0, 0.43%, 0, 0, 1, 384.63
1606743674, 2009, 2, 3, 0, 0, 0.43%, 0, 0, 1, 384.60
1606743679, 2012, 1, 3, 0, 0, 0.43%, 0, 0, 1, 384.96
1606743685, 2015, 0, 3, 0, 0, 0.43%, 0, 0, 1, 384.49
1606743690, 2017, 2, 3, 0, 0, 0.43%, 0, 0, 1, 384.77
1606743695, 2020, 0, 3, 0, 0, 0.43%, 0, 0, 1, 385.67
1606743700, 2022, 2, 3, 0, 0, 0.43%, 0, 0, 1, 384.42
1606743705, 2025, 1, 3, 0, 0, 0.43%, 0, 0, 1, 385.42
1606743710, 2028, 0, 3, 0, 0, 0.43%, 0, 0, 1, 383.94
1606743716, 2030, 1, 3, 0, 0, 0.43%, 0, 0, 1, 383.31
1606743721, 2033, 0, 3, 0, 0, 0.43%, 0, 0, 1, 384.14
1606743726, 2035, 2, 3, 0, 0, 0.43%, 0, 0, 1, 377.03
1606743731, 2038, 1, 3, 0, 0, 0.43%, 0, 0, 1, 383.43
1606743736, 2040, 2, 3, 0, 0, 0.43%, 0, 0, 1, 383.01
1606743741, 2043, 1, 3, 0, 0, 0.43%, 0, 0, 1, 383.73
1606743747, 2046, 0, 3, 0, 0, 0.43%, 0, 0, 1, 385.23
1606743752, 2048, 2, 3, 0, 0, 0.43%, 0, 0, 1, 384.89
1606743757, 2051, 0, 3, 0, 0, 0.43%, 0, 0, 1, 384.86
1606743762, 2053, 2, 3, 0, 0, 0.43%, 0, 0, 1, 384.97
1606743767, 2056, 1, 3, 0, 0, 0.43%, 0, 0, 1, 385.19
1606743772, 2059, 0, 3, 0, 0, 0.43%, 0, 0, 1, 385.17
1606743777, 2061, 1, 3, 0, 0, 0.43%, 0, 0, 1, 384.99
1606743782, 2064, 0, 3, 0, 0, 0.43%, 0, 0, 1, 384.81
1606743787, 2066, 1, 3, 0, 0, 0.43%, 0, 0, 1, 386.07
1606743793, 2069, 0, 3, 0, 0, 0.43%, 0, 0, 1, 385.75
1606743798, 2071, 2, 3, 0, 0, 0.43%, 0, 0, 1, 386.27
1606743803, 2074, 0, 3, 0, 0, 0.43%, 0, 0, 1, 385.50
1606743808, 2076, 2, 3, 0, 0, 0.43%, 0, 0, 1, 385.39
1606743813, 2079, 1, 3, 0, 0, 0.43%, 0, 0, 1, 385.99
1606743818, 2082, 0, 3, 0, 0, 0.43%, 0, 0, 1, 386.48
1606743823, 2084, 1, 3, 0, 0, 0.43%, 0, 0, 1, 386.74
1606743828, 2087, 0, 3, 0, 0, 0.43%, 0, 0, 1, 385.91
1606743834, 2089, 2, 3, 0, 0, 0.43%, 0, 0, 1, 386.01
1606743839, 2092, 0, 3, 0, 0, 0.43%, 0, 0, 1, 385.79
1606743844, 2094, 2, 3, 0, 0, 0.43%, 0, 0, 1, 386.01
1606743849, 2097, 1, 3, 0, 0, 0.43%, 0, 0, 1, 386.75
1606743854, 2100, 0, 3, 0, 0, 0.43%, 0, 0, 1, 385.50
1606743859, 2102, 1, 3, 0, 0, 0.43%, 0, 0, 1, 386.19
1606743864, 2105, 0, 3, 0, 0, 0.43%, 0, 0, 1, 386.25
1606743869, 2107, 2, 3, 0, 0, 0.43%, 0, 0, 1, 385.64
1606743874, 2110, 0, 3, 0, 0, 0.43%, 0, 0, 1, 384.62
1606743879, 2112, 2, 3, 0, 0, 0.43%, 0, 0, 1, 385.30
1606743885, 2115, 1, 3, 0, 0, 0.43%, 0, 0, 1, 384.71
1606743890, 2117, 2, 3, 0, 0, 0.43%, 0, 0, 1, 386.36
1606743895, 2120, 1, 3, 0, 0, 0.43%, 0, 0, 1, 383.31
1606743900, 2123, 0, 3, 0, 0, 0.43%, 0, 0, 1, 384.32
1606743905, 2125, 2, 3, 0, 0, 0.43%, 0, 0, 1, 385.05
1606743910, 2128, 0, 3, 0, 0, 0.43%, 0, 0, 1, 384.97
1606743915, 2130, 2, 3, 0, 0, 0.43%, 0, 0, 1, 384.80
1606743920, 2133, 1, 3, 0, 0, 0.43%, 0, 0, 1, 385.16
1606743926, 2135, 2, 3, 0, 0, 0.43%, 0, 0, 1, 384.46
1606743931, 2138, 1, 3, 0, 0, 0.43%, 0, 0, 1, 384.37
1606743936, 2141, 0, 3, 0, 0, 0.43%, 0, 0, 1, 383.09
1606743941, 2143, 2, 3, 0, 0, 0.43%, 0, 0, 1, 384.34
1606743946, 2146, 0, 3, 0, 0, 0.43%, 0, 0, 1, 384.79
1606743951, 2148, 2, 3, 0, 0, 0.43%, 0, 0, 1, 385.58
1606743956, 2151, 1, 3, 0, 0, 0.43%, 0, 0, 1, 384.59
1606743962, 2154, 0, 3, 0, 0, 0.43%, 0, 0, 1, 384.74
1606743967, 2156, 1, 3, 0, 0, 0.43%, 0, 0, 1, 384.70
1606743972, 2159, 0, 3, 0, 0, 0.43%, 0, 0, 1, 383.31
1606743977, 2161, 2, 3, 0, 0, 0.43%, 0, 0, 1, 384.40
1606743982, 2164, 1, 3, 0, 0, 0.43%, 0, 0, 1, 384.16
1606743987, 2166, 2, 3, 0, 0, 0.43%, 0, 0, 1, 384.64
1606743992, 2169, 1, 3, 0, 0, 0.43%, 0, 0, 1, 385.17
1606743998, 2172, 0, 3, 0, 0, 0.43%, 0, 0, 1, 385.40
1606744003, 2174, 1, 3, 0, 0, 0.43%, 0, 0, 1, 385.69
1606744008, 2177, 0, 3, 0, 0, 0.43%, 0, 0, 1, 386.01
1606744013, 2179, 1, 3, 0, 0, 0.43%, 0, 0, 1, 383.63
1606744018, 2182, 0, 3, 0, 0, 0.43%, 0, 0, 1, 385.32
1606744023, 2184, 2, 3, 0, 0, 0.43%, 0, 0, 1, 384.70
1606744028, 2187, 0, 3, 0, 0, 0.43%, 0, 0, 1, 385.06
1606744033, 2189, 2, 3, 0, 0, 0.43%, 0, 0, 1, 384.89
1606744038, 2192, 1, 3, 0, 0, 0.43%, 0, 0, 1, 385.19
1606744043, 2194, 2, 3, 0, 0, 0.43%, 0, 0, 1, 385.41
1606744049, 2197, 1, 3, 0, 0, 0.43%, 0, 0, 1, 384.93
1606744054, 2200, 0, 3, 0, 0, 0.43%, 0, 0, 1, 384.30
1606744059, 2202, 2, 3, 0, 0, 0.43%, 0, 0, 1, 384.46
1606744064, 2205, 0, 3, 0, 0, 0.43%, 0, 0, 1, 385.49
1606744069, 2207, 2, 3, 0, 0, 0.43%, 0, 0, 1, 384.30
1606744074, 2210, 1, 3, 0, 0, 0.43%, 0, 0, 1, 383.74
1606744079, 2212, 2, 3, 0, 0, 0.43%, 0, 0, 1, 384.69
1606744084, 2215, 1, 3, 0, 0, 0.43%, 0, 0, 1, 384.73
1606744090, 2218, 0, 3, 0, 0, 0.43%, 0, 0, 1, 384.08
1606744095, 2220, 2, 3, 0, 0, 0.43%, 0, 0, 1, 383.83
1606744100, 2223, 1, 3, 0, 0, 0.43%, 0, 0, 1, 384.26
1606744105, 2225, 2, 3, 0, 0, 0.43%, 0, 0, 1, 384.10
1606744110, 2228, 1, 3, 0, 0, 0.43%, 0, 0, 1, 384.10
1606744115, 2231, 0, 3, 0, 0, 0.43%, 0, 0, 1, 383.57
1606744121, 2233, 2, 3, 0, 0, 0.43%, 0, 0, 1, 384.84
1606744126, 2236, 0, 3, 0, 0, 0.43%, 0, 0, 1, 384.94
1606744131, 2238, 2, 3, 0, 0, 0.43%, 0, 0, 1, 383.91
1606744136, 2241, 1, 3, 0, 0, 0.43%, 0, 0, 1, 383.06
1606744141, 2244, 0, 3, 0, 0, 0.43%, 0, 0, 1, 383.11
1606744147, 2246, 1, 3, 0, 0, 0.43%, 0, 0, 1, 384.51
1606744152, 2249, 0, 3, 0, 0, 0.43%, 0, 0, 1, 383.83
1606744157, 2251, 2, 3, 0, 0, 0.43%, 0, 0, 1, 384.36
1606744162, 2254, 1, 3, 0, 0, 0.43%, 0, 0, 1, 384.31
1606744167, 2256, 2, 3, 0, 0, 0.43%, 0, 0, 1, 384.14
1606744172, 2259, 1, 3, 0, 0, 0.43%, 0, 0, 1, 384.88
1606744177, 2262, 0, 3, 0, 0, 0.43%, 0, 0, 1, 384.74
1606744183, 2264, 1, 3, 0, 0, 0.43%, 0, 0, 1, 384.72
1606744188, 2267, 0, 3, 0, 0, 0.43%, 0, 0, 1, 384.27
1606744193, 2269, 2, 3, 0, 0, 0.43%, 0, 0, 1, 385.00
1606744198, 2272, 0, 3, 0, 0, 0.43%, 0, 0, 1, 384.08
1606744203, 2274, 2, 3, 0, 0, 0.43%, 0, 0, 1, 385.79
1606744208, 2277, 1, 3, 0, 0, 0.43%, 0, 0, 1, 385.39
1606744213, 2279, 2, 3, 0, 0, 0.43%, 0, 0, 1, 384.38
1606744218, 2282, 1, 3, 0, 0, 0.43%, 0, 0, 1, 385.46
1606744223, 2285, 0, 3, 0, 0, 0.43%, 0, 0, 1, 385.43
1606744228, 2287, 1, 3, 0, 0, 0.43%, 0, 0, 1, 385.35
1606744234, 2290, 0, 3, 0, 0, 0.43%, 0, 0, 1, 384.94
1606744239, 2292, 2, 3, 0, 0, 0.43%, 0, 0, 1, 384.98
1606744244, 2295, 0, 3, 0, 0, 0.43%, 0, 0, 1, 385.73
1606744249, 2297, 2, 3, 0, 0, 0.43%, 0, 0, 1, 385.20
1606744254, 2300, 1, 3, 0, 0, 0.43%, 0, 0, 1, 385.75
1606744259, 2303, 0, 3, 0, 0, 0.43%, 0, 0, 1, 385.14
1606744264, 2305, 1, 3, 0, 0, 0.43%, 0, 0, 1, 385.50
1606744269, 2308, 0, 3, 0, 0, 0.43%, 0, 0, 1, 384.88
1606744274, 2310, 2, 3, 0, 0, 0.43%, 0, 0, 1, 385.52
1606744279, 2313, 0, 3, 0, 0, 0.43%, 0, 0, 1, 386.75
1606744284, 2315, 2, 3, 0, 0, 0.43%, 0, 0, 1, 385.20
1606744290, 2318, 1, 3, 0, 0, 0.43%, 0, 0, 1, 385.15
1606744295, 2320, 2, 3, 0, 0, 0.43%, 0, 0, 1, 385.03
1606744300, 2323, 1, 3, 0, 0, 0.43%, 0, 0, 1, 385.99
1606744305, 2326, 0, 3, 0, 0, 0.43%, 0, 0, 1, 386.18
1606744310, 2328, 2, 3, 0, 0, 0.43%, 0, 0, 1, 384.85
1606744315, 2331, 0, 3, 0, 0, 0.43%, 0, 0, 1, 386.65
1606744320, 2333, 2, 3, 0, 0, 0.43%, 0, 0, 1, 387.22
1606744325, 2336, 0, 3, 0, 0, 0.43%, 0, 0, 1, 385.66
1606744330, 2338, 2, 3, 0, 0, 0.43%, 0, 0, 1, 383.02
1606744335, 2341, 0, 3, 0, 0, 0.43%, 0, 0, 1, 385.59
1606744340, 2343, 2, 3, 0, 0, 0.43%, 0, 0, 1, 386.21
1606744345, 2346, 1, 3, 0, 0, 0.43%, 0, 0, 1, 386.69
1606744350, 2348, 2, 3, 0, 0, 0.43%, 0, 0, 1, 386.93
1606744356, 2351, 1, 3, 0, 0, 0.43%, 0, 0, 1, 387.09
1606744361, 2354, 0, 3, 0, 0, 0.43%, 0, 0, 1, 386.45
1606744366, 2356, 1, 3, 0, 0, 0.43%, 0, 0, 1, 386.61
1606744371, 2359, 0, 3, 0, 0, 0.43%, 0, 0, 1, 386.58
1606744376, 2361, 2, 3, 0, 0, 0.43%, 0, 0, 1, 386.85
1606744381, 2364, 0, 3, 0, 0, 0.43%, 0, 0, 1, 387.84
1606744386, 2366, 2, 3, 0, 0, 0.43%, 0, 0, 1, 384.80
1606744391, 2369, 0, 3, 0, 0, 0.43%, 0, 0, 1, 386.08
1606744396, 2371, 2, 3, 0, 0, 0.43%, 0, 0, 1, 386.60
1606744401, 2374, 1, 3, 0, 0, 0.43%, 0, 0, 1, 388.13
1606744406, 2376, 2, 3, 0, 0, 0.43%, 0, 0, 1, 387.22
1606744411, 2379, 1, 3, 0, 0, 0.43%, 0, 0, 1, 385.61
1606744416, 2382, 0, 3, 0, 0, 0.43%, 0, 0, 1, 386.24
1606744422, 2384, 2, 3, 0, 0, 0.43%, 0, 0, 1, 384.35
1606744427, 2387, 0, 3, 0, 0, 0.43%, 0, 0, 1, 384.18
1606744432, 2389, 2, 3, 0, 0, 0.43%, 0, 0, 1, 384.56
1606744437, 2392, 0, 3, 0, 0, 0.43%, 0, 0, 1, 384.88
1606744442, 2394, 2, 3, 0, 0, 0.43%, 0, 0, 1, 382.58
1606744447, 2397, 1, 3, 0, 0, 0.43%, 0, 0, 1, 384.29
1606744452, 2399, 2, 3, 0, 0, 0.43%, 0, 0, 1, 384.06
1606744457, 2402, 1, 3, 0, 0, 0.43%, 0, 0, 1, 383.33
1606744462, 2405, 0, 3, 0, 0, 0.43%, 0, 0, 1, 384.12
1606744467, 2407, 1, 3, 0, 0, 0.43%, 0, 0, 1, 383.66
1606744473, 2410, 0, 3, 0, 0, 0.43%, 0, 0, 1, 384.38
1606744478, 2412, 2, 3, 0, 0, 0.43%, 0, 0, 1, 383.63
1606744483, 2415, 0, 3, 0, 0, 0.43%, 0, 0, 1, 384.38
1606744488, 2417, 2, 3, 0, 0, 0.43%, 0, 0, 1, 383.57
1606744493, 2420, 1, 3, 0, 0, 0.43%, 0, 0, 1, 383.63
1606744498, 2422, 2, 3, 0, 0, 0.43%, 0, 0, 1, 383.61
1606744503, 2425, 1, 3, 0, 0, 0.43%, 0, 0, 1, 382.07
1606744508, 2428, 0, 3, 0, 0, 0.43%, 0, 0, 1, 380.10
1606744514, 2430, 1, 3, 0, 0, 0.43%, 0, 0, 1, 381.09
1606744519, 2433, 0, 3, 0, 0, 0.43%, 0, 0, 1, 382.02
1606744524, 2435, 1, 3, 0, 0, 0.43%, 0, 0, 1, 381.75
1606744529, 2438, 0, 3, 0, 0, 0.43%, 0, 0, 1, 381.77
1606744534, 2440, 2, 3, 0, 0, 0.43%, 0, 0, 1, 380.98
1606744539, 2443, 1, 3, 0, 0, 0.43%, 0, 0, 1, 381.37
1606744544, 2445, 2, 3, 0, 0, 0.43%, 0, 0, 1, 380.99
1606744550, 2448, 1, 3, 0, 0, 0.43%, 0, 0, 1, 381.28
1606744555, 2451, 0, 3, 0, 0, 0.43%, 0, 0, 1, 381.19
1606744560, 2453, 1, 3, 0, 0, 0.43%, 0, 0, 1, 380.33
1606744565, 2456, 0, 3, 0, 0, 0.43%, 0, 0, 1, 379.97
1606744570, 2457, 2, 3, 0, 0, 0.43%, 0, 0, 1, 304.05
1606748112, 2458, 1, 3, 0, 0, 0.43%, 0, 0, 1, 0.00
1606748117, 2460, 2, 3, 0, 0, 0.43%, 0, 0, 1, 343.36
1606748122, 2463, 0, 3, 0, 0, 0.43%, 0, 0, 1, 371.65
1606748127, 2465, 2, 3, 0, 0, 0.43%, 0, 0, 1, 391.82
1606748133, 2468, 1, 3, 0, 0, 0.43%, 0, 0, 1, 398.24
1606748138, 2471, 0, 3, 0, 0, 0.43%, 0, 0, 1, 402.33
1606748143, 2473, 2, 3, 0, 0, 0.43%, 0, 0, 1, 401.06
1606748148, 2476, 1, 3, 0, 0, 0.43%, 0, 0, 1, 394.29
1606748153, 2479, 0, 3, 0, 0, 0.43%, 0, 0, 1, 398.49
1606748158, 2481, 2, 3, 0, 0, 0.43%, 0, 0, 1, 394.59
1606748164, 2484, 1, 3, 0, 0, 0.43%, 0, 0, 1, 386.44
1606748169, 2487, 0, 3, 0, 0, 0.43%, 0, 0, 1, 396.68
1606748174, 2489, 2, 3, 0, 0, 0.43%, 0, 0, 1, 389.13
1606748179, 2492, 1, 3, 0, 0, 0.43%, 0, 0, 1, 389.41
1606748184, 2495, 0, 3, 0, 0, 0.43%, 0, 0, 1, 394.42
1606748189, 2497, 2, 3, 0, 0, 0.43%, 0, 0, 1, 400.60
1606748194, 2500, 1, 3, 0, 0, 0.43%, 0, 0, 1, 401.85
1606748200, 2503, 0, 3, 0, 0, 0.43%, 0, 0, 1, 401.92
1606748205, 2505, 2, 3, 0, 0, 0.43%, 0, 0, 1, 402.07
1606748210, 2508, 1, 3, 0, 0, 0.43%, 0, 0, 1, 395.26
1606748215, 2511, 0, 3, 0, 0, 0.43%, 0, 0, 1, 400.02
1606748220, 2513, 2, 3, 0, 0, 0.43%, 0, 0, 1, 397.08
1606748225, 2516, 1, 3, 0, 0, 0.43%, 0, 0, 1, 401.81
1606748230, 2519, 0, 3, 0, 0, 0.43%, 0, 0, 1, 380.82
1606748235, 2521, 1, 3, 0, 0, 0.43%, 0, 0, 1, 383.80
1606748241, 2524, 0, 3, 0, 0, 0.43%, 0, 0, 1, 396.10
1606748246, 2526, 2, 3, 0, 0, 0.43%, 0, 0, 1, 394.87
1606748251, 2529, 1, 3, 0, 0, 0.43%, 0, 0, 1, 391.20
1606748256, 2532, 0, 3, 0, 0, 0.43%, 0, 0, 1, 362.54
1606748261, 2534, 1, 3, 0, 0, 0.43%, 0, 0, 1, 357.90
1606748266, 2536, 2, 3, 0, 0, 0.43%, 0, 0, 1, 380.06
1606748271, 2539, 1, 3, 0, 0, 0.43%, 0, 0, 1, 381.38
1606748276, 2541, 2, 3, 0, 0, 0.43%, 0, 0, 1, 370.38
1606748281, 2544, 0, 3, 0, 0, 0.43%, 0, 0, 1, 383.31
1606748286, 2546, 2, 3, 0, 0, 0.43%, 0, 0, 1, 387.09
1606748291, 2549, 1, 3, 0, 0, 0.43%, 0, 0, 1, 390.82
1606748296, 2551, 2, 3, 0, 0, 0.43%, 0, 0, 1, 391.83
1606748301, 2554, 1, 3, 0, 0, 0.43%, 0, 0, 1, 392.52
1606748307, 2557, 0, 3, 0, 0, 0.43%, 0, 0, 1, 384.26
1606748312, 2559, 1, 3, 0, 0, 0.43%, 0, 0, 1, 382.75
1606748317, 2562, 0, 3, 0, 0, 0.43%, 0, 0, 1, 383.34
1606748322, 2564, 1, 3, 0, 0, 0.43%, 0, 0, 1, 375.92
1606748327, 2567, 0, 3, 0, 0, 0.43%, 0, 0, 1, 385.21
1606748332, 2569, 1, 3, 0, 0, 0.43%, 0, 0, 1, 372.75
1606748337, 2571, 2, 3, 0, 0, 0.43%, 0, 0, 1, 373.70
1606748342, 2574, 1, 3, 0, 0, 0.43%, 0, 0, 1, 369.15
1606748347, 2576, 2, 3, 0, 0, 0.43%, 0, 0, 1, 381.23
1606748352, 2579, 1, 3, 0, 0, 0.43%, 0, 0, 1, 381.20
1606748357, 2582, 0, 3, 0, 0, 0.43%, 0, 0, 1, 373.39
1606748362, 2584, 1, 3, 0, 0, 0.43%, 0, 0, 1, 360.20
1606748367, 2586, 2, 3, 0, 0, 0.43%, 0, 0, 1, 362.23
1606748372, 2589, 0, 3, 0, 0, 0.43%, 0, 0, 1, 368.20
1606748377, 2591, 1, 3, 0, 0, 0.43%, 0, 0, 1, 377.35
1606748382, 2594, 0, 3, 0, 0, 0.43%, 0, 0, 1, 373.81
1606748387, 2596, 1, 3, 0, 0, 0.43%, 0, 0, 1, 368.19
1606748393, 2599, 0, 3, 0, 0, 0.43%, 0, 0, 1, 368.07
1606748398, 2601, 1, 3, 0, 0, 0.43%, 0, 0, 1, 376.49
1606748403, 2604, 0, 3, 0, 0, 0.43%, 0, 0, 1, 383.59
1606748408, 2606, 1, 3, 0, 0, 0.43%, 0, 0, 1, 383.82
1606748413, 2608, 2, 3, 0, 0, 0.43%, 0, 0, 1, 366.35
1606748418, 2611, 1, 3, 0, 0, 0.43%, 0, 0, 1, 370.83
1606748423, 2613, 2, 3, 0, 0, 0.43%, 0, 0, 1, 380.06
1606748428, 2616, 1, 3, 0, 0, 0.43%, 0, 0, 1, 387.75
1606748433, 2618, 2, 3, 0, 0, 0.43%, 0, 0, 1, 378.85
1606748438, 2621, 1, 3, 0, 0, 0.43%, 0, 0, 1, 380.51
1606748443, 2623, 2, 3, 0, 0, 0.43%, 0, 0, 1, 384.56
1606748448, 2626, 1, 3, 0, 0, 0.43%, 0, 0, 1, 388.75
1606748453, 2629, 0, 3, 0, 0, 0.43%, 0, 0, 1, 389.51
1606748458, 2631, 1, 3, 0, 0, 0.43%, 0, 0, 1, 390.99
1606748463, 2634, 0, 3, 0, 0, 0.43%, 0, 0, 1, 390.39
1606748468, 2636, 1, 3, 0, 0, 0.43%, 0, 0, 1, 381.46
1606748473, 2639, 0, 3, 0, 0, 0.43%, 0, 0, 1, 368.70
1606748479, 2641, 1, 3, 0, 0, 0.43%, 0, 0, 1, 376.43
1606748484, 2644, 0, 3, 0, 0, 0.43%, 0, 0, 1, 382.58
1606748489, 2646, 1, 3, 0, 0, 0.43%, 0, 0, 1, 380.87
1606748494, 2648, 2, 3, 0, 0, 0.43%, 0, 0, 1, 371.06
1606748499, 2651, 1, 3, 0, 0, 0.43%, 0, 0, 1, 382.64
1606748504, 2653, 2, 3, 0, 0, 0.43%, 0, 0, 1, 380.23
1606748509, 2656, 1, 3, 0, 0, 0.43%, 0, 0, 1, 377.34
1606748514, 2658, 2, 3, 0, 0, 0.43%, 0, 0, 1, 382.89
1606748519, 2661, 1, 3, 0, 0, 0.43%, 0, 0, 1, 384.61
1606748524, 2663, 2, 3, 0, 0, 0.43%, 0, 0, 1, 386.29
1606748529, 2666, 1, 3, 0, 0, 0.43%, 0, 0, 1, 384.55
1606748534, 2669, 0, 3, 0, 0, 0.43%, 0, 0, 1, 385.03
1606748539, 2671, 1, 3, 0, 0, 0.43%, 0, 0, 1, 385.21
1606748544, 2674, 0, 3, 0, 0, 0.43%, 0, 0, 1, 370.82
1606748549, 2676, 2, 3, 0, 0, 0.43%, 0, 0, 1, 376.22
1606748554, 2679, 0, 3, 0, 0, 0.43%, 0, 0, 1, 377.50
1606748560, 2681, 2, 3, 0, 0, 0.43%, 0, 0, 1, 376.19
1606748565, 2684, 0, 3, 0, 0, 0.43%, 0, 0, 1, 372.86
1606748570, 2686, 2, 3, 0, 0, 0.43%, 0, 0, 1, 375.03
1606748575, 2689, 0, 3, 0, 0, 0.43%, 0, 0, 1, 380.69
1606748580, 2691, 2, 3, 0, 0, 0.43%, 0, 0, 1, 384.63
1606748585, 2694, 1, 3, 0, 0, 0.43%, 0, 0, 1, 383.93
1606748590, 2696, 2, 3, 0, 0, 0.43%, 0, 0, 1, 374.89
1606748596, 2699, 1, 3, 0, 0, 0.43%, 0, 0, 1, 378.88
1606748601, 2701, 2, 3, 0, 0, 0.43%, 0, 0, 1, 384.04
1606748606, 2704, 1, 3, 0, 0, 0.43%, 0, 0, 1, 387.18
1606748611, 2706, 2, 3, 0, 0, 0.43%, 0, 0, 1, 364.20
1606748616, 2708, 2, 3, 0, 0, 0.43%, 0, 0, 1, 303.47
1606748621, 2710, 2, 3, 0, 0, 0.43%, 0, 0, 1, 291.87
1606748626, 2712, 1, 3, 0, 0, 0.43%, 0, 0, 1, 287.50
1606748631, 2714, 1, 3, 0, 0, 0.43%, 0, 0, 1, 288.00
1606748636, 2716, 1, 3, 0, 0, 0.43%, 0, 0, 1, 322.13
1606748641, 2719, 0, 3, 0, 0, 0.43%, 0, 0, 1, 372.59
1606748646, 2721, 2, 3, 0, 0, 0.43%, 0, 0, 1, 378.21
1606748651, 2724, 0, 3, 0, 0, 0.43%, 0, 0, 1, 383.52
1606748656, 2726, 2, 3, 0, 0, 0.43%, 0, 0, 1, 384.41
1606748661, 2729, 0, 3, 0, 0, 0.43%, 0, 0, 1, 384.47
1606748667, 2731, 2, 3, 0, 0, 0.43%, 0, 0, 1, 377.94
1606748672, 2734, 1, 3, 0, 0, 0.43%, 0, 0, 1, 381.38
1606748677, 2736, 2, 3, 0, 0, 0.43%, 0, 0, 1, 383.39
1606748682, 2739, 1, 3, 0, 0, 0.43%, 0, 0, 1, 384.42
1606748687, 2741, 2, 3, 0, 0, 0.43%, 0, 0, 1, 377.15
1606748692, 2744, 1, 3, 0, 0, 0.43%, 0, 0, 1, 377.51
1606748697, 2747, 0, 3, 0, 0, 0.43%, 0, 0, 1, 383.27
1606748702, 2749, 1, 3, 0, 0, 0.43%, 0, 0, 1, 376.54
1606748707, 2751, 2, 3, 0, 0, 0.43%, 0, 0, 1, 374.10
1606748712, 2754, 1, 3, 0, 0, 0.43%, 0, 0, 1, 362.90
1606748718, 2756, 2, 3, 0, 0, 0.43%, 0, 0, 1, 367.14
1606748723, 2759, 0, 3, 0, 0, 0.43%, 0, 0, 1, 375.95
1606748728, 2761, 1, 3, 0, 0, 0.43%, 0, 0, 1, 369.91
1606748733, 2764, 0, 3, 0, 0, 0.43%, 0, 0, 1, 367.74
1606748738, 2766, 1, 3, 0, 0, 0.43%, 0, 0, 1, 370.91
1606748743, 2769, 0, 3, 0, 0, 0.43%, 0, 0, 1, 381.03
1606748748, 2771, 1, 3, 0, 0, 0.43%, 0, 0, 1, 377.65
1606748753, 2773, 2, 3, 0, 0, 0.43%, 0, 0, 1, 371.47
1606748758, 2776, 1, 3, 0, 0, 0.43%, 0, 0, 1, 376.48
1606748763, 2778, 2, 3, 0, 0, 0.43%, 0, 0, 1, 370.85
1606748768, 2781, 0, 3, 0, 0, 0.43%, 0, 0, 1, 364.44
1606748773, 2783, 1, 3, 0, 0, 0.43%, 0, 0, 1, 356.47
1606748778, 2786, 0, 3, 0, 0, 0.43%, 0, 0, 1, 373.33
1606748783, 2788, 1, 3, 0, 0, 0.43%, 0, 0, 1, 358.65
1606748788, 2790, 2, 3, 0, 0, 0.43%, 0, 0, 1, 370.83
1606748793, 2793, 0, 3, 0, 0, 0.43%, 0, 0, 1, 362.73
1606748798, 2795, 1, 3, 0, 0, 0.43%, 0, 0, 1, 369.76
1606748803, 2798, 0, 3, 0, 0, 0.43%, 0, 0, 1, 355.86
1606748808, 2800, 1, 3, 0, 0, 0.43%, 0, 0, 1, 374.76
1606748813, 2802, 2, 3, 0, 0, 0.43%, 0, 0, 1, 357.18
1606748818, 2805, 0, 3, 0, 0, 0.43%, 0, 0, 1, 368.31
1606748824, 2807, 2, 3, 0, 0, 0.43%, 0, 0, 1, 363.62
1606748829, 2810, 0, 3, 0, 0, 0.43%, 0, 0, 1, 362.84
1606748834, 2812, 1, 3, 0, 0, 0.43%, 0, 0, 1, 364.20
1606748839, 2814, 2, 3, 0, 0, 0.43%, 0, 0, 1, 366.44
1606748844, 2817, 0, 3, 0, 0, 0.43%, 0, 0, 1, 357.15
1606748849, 2819, 1, 3, 0, 0, 0.43%, 0, 0, 1, 357.35
1606748854, 2822, 0, 3, 0, 0, 0.43%, 0, 0, 1, 360.65
1606748859, 2824, 1, 3, 0, 0, 0.43%, 0, 0, 1, 357.01
1606748864, 2826, 2, 3, 0, 0, 0.43%, 0, 0, 1, 359.29
1606748869, 2829, 0, 3, 0, 0, 0.43%, 0, 0, 1, 361.05
1606748874, 2831, 1, 3, 0, 0, 0.43%, 0, 0, 1, 363.66
1606748879, 2833, 2, 3, 0, 0, 0.43%, 0, 0, 1, 360.22
1606748884, 2836, 0, 3, 0, 0, 0.43%, 0, 0, 1, 360.74
1606748890, 2838, 1, 3, 0, 0, 0.43%, 0, 0, 1, 359.28
1606748895, 2841, 0, 3, 0, 0, 0.43%, 0, 0, 1, 364.94
1606748900, 2843, 1, 3, 0, 0, 0.43%, 0, 0, 1, 366.41
1606748905, 2845, 2, 3, 0, 0, 0.43%, 0, 0, 1, 361.57
1606748910, 2848, 0, 3, 0, 0, 0.43%, 0, 0, 1, 356.58
1606748915, 2850, 1, 3, 0, 0, 0.43%, 0, 0, 1, 360.29
1606748920, 2852, 2, 3, 0, 0, 0.43%, 0, 0, 1, 362.69
1606748925, 2855, 1, 3, 0, 0, 0.43%, 0, 0, 1, 368.22
1606748930, 2857, 0, 3, 0, 0, 0.43%, 0, 0, 1, 279.28
1606748935, 2859, 1, 3, 0, 0, 0.43%, 0, 0, 1, 351.49
1606748940, 2861, 2, 3, 0, 0, 0.43%, 0, 0, 1, 357.07
1606748945, 2864, 1, 3, 0, 0, 0.43%, 0, 0, 1, 373.36
1606748950, 2866, 2, 3, 0, 0, 0.43%, 0, 0, 1, 377.20
1606748956, 2869, 0, 3, 0, 0, 0.43%, 0, 0, 1, 357.09
1606748961, 2871, 1, 3, 0, 0, 0.43%, 0, 0, 1, 346.48
1606748966, 2873, 2, 3, 0, 0, 0.43%, 0, 0, 1, 360.62
1606748971, 2876, 0, 3, 0, 0, 0.43%, 0, 0, 1, 366.97
1606748976, 2878, 2, 3, 0, 0, 0.43%, 0, 0, 1, 370.32
1606748981, 2881, 0, 3, 0, 0, 0.43%, 0, 0, 1, 365.73
1606748986, 2883, 1, 3, 0, 0, 0.43%, 0, 0, 1, 349.62
1606748991, 2885, 2, 3, 0, 0, 0.43%, 0, 0, 1, 356.66
1606748996, 2888, 0, 3, 0, 0, 0.43%, 0, 0, 1, 355.09
1606749001, 2890, 1, 3, 0, 0, 0.43%, 0, 0, 1, 350.47
1606749006, 2892, 2, 3, 0, 0, 0.43%, 0, 0, 1, 346.52
1606749011, 2895, 0, 3, 0, 0, 0.43%, 0, 0, 1, 350.64
1606749016, 2897, 1, 3, 0, 0, 0.43%, 0, 0, 1, 344.68
1606749022, 2899, 2, 3, 0, 0, 0.43%, 0, 0, 1, 354.69
1606749027, 2902, 0, 3, 0, 0, 0.43%, 0, 0, 1, 359.50
1606749032, 2904, 1, 3, 0, 0, 0.43%, 0, 0, 1, 343.65
1606749037, 2906, 2, 3, 0, 0, 0.43%, 0, 0, 1, 357.57
1606749042, 2909, 0, 3, 0, 0, 0.43%, 0, 0, 1, 361.50
1606749047, 2911, 2, 3, 0, 0, 0.43%, 0, 0, 1, 365.80
1606749052, 2914, 0, 3, 0, 0, 0.43%, 0, 0, 1, 356.94
1606749057, 2916, 1, 3, 0, 0, 0.43%, 0, 0, 1, 357.52
1606749062, 2918, 2, 3, 0, 0, 0.43%, 0, 0, 1, 356.32
1606749067, 2921, 0, 3, 0, 0, 0.43%, 0, 0, 1, 360.65
1606749072, 2923, 1, 3, 0, 0, 0.43%, 0, 0, 1, 358.79
1606749077, 2925, 2, 3, 0, 0, 0.43%, 0, 0, 1, 355.44
1606749082, 2928, 0, 3, 0, 0, 0.43%, 0, 0, 1, 359.07
1606749087, 2930, 1, 3, 0, 0, 0.43%, 0, 0, 1, 352.29
1606749092, 2932, 2, 3, 0, 0, 0.43%, 0, 0, 1, 358.41
1606749098, 2935, 0, 3, 0, 0, 0.43%, 0, 0, 1, 363.06
1606749103, 2937, 1, 3, 0, 0, 0.43%, 0, 0, 1, 361.87
1606749108, 2939, 2, 3, 0, 0, 0.43%, 0, 0, 1, 354.89
1606749113, 2942, 0, 3, 0, 0, 0.43%, 0, 0, 1, 357.15
1606749118, 2944, 2, 3, 0, 0, 0.43%, 0, 0, 1, 364.40
1606749123, 2947, 0, 3, 0, 0, 0.43%, 0, 0, 1, 364.23
1606749128, 2949, 1, 3, 0, 0, 0.43%, 0, 0, 1, 356.17
1606749134, 2952, 0, 3, 0, 0, 0.43%, 0, 0, 1, 358.91
1606749139, 2954, 1, 3, 0, 0, 0.43%, 0, 0, 1, 354.71
1606749144, 2956, 1, 3, 0, 0, 0.43%, 0, 0, 1, 350.85
1606749149, 2958, 2, 3, 0, 0, 0.43%, 0, 0, 1, 359.06
1606749154, 2961, 0, 3, 0, 0, 0.43%, 0, 0, 1, 357.96
1606749159, 2963, 2, 3, 0, 0, 0.43%, 0, 0, 1, 362.68
1606749164, 2966, 0, 3, 0, 0, 0.43%, 0, 0, 1, 361.99
1606749169, 2968, 1, 3, 0, 0, 0.43%, 0, 0, 1, 361.16
1606749174, 2970, 2, 3, 0, 0, 0.43%, 0, 0, 1, 363.58
1606749179, 2973, 0, 3, 0, 0, 0.43%, 0, 0, 1, 365.52
1606749184, 2975, 2, 3, 0, 0, 0.43%, 0, 0, 1, 366.26
1606749189, 2978, 0, 3, 0, 0, 0.43%, 0, 0, 1, 362.66
1606749194, 2980, 1, 3, 0, 0, 0.43%, 0, 0, 1, 365.35
1606749199, 2982, 2, 3, 0, 0, 0.43%, 0, 0, 1, 362.17
1606749204, 2985, 1, 3, 0, 0, 0.43%, 0, 0, 1, 363.32
1606749210, 2987, 2, 3, 0, 0, 0.43%, 0, 0, 1, 358.96
1606749215, 2990, 0, 3, 0, 0, 0.43%, 0, 0, 1, 356.64
1606749220, 2992, 1, 3, 0, 0, 0.43%, 0, 0, 1, 361.67
1606749225, 2994, 2, 3, 0, 0, 0.43%, 0, 0, 1, 365.90
1606749230, 2997, 0, 3, 0, 0, 0.43%, 0, 0, 1, 363.53
1606749235, 2999, 1, 3, 0, 0, 0.43%, 0, 0, 1, 351.34
1606749240, 3001, 2, 3, 0, 0, 0.43%, 0, 0, 1, 352.43
1606749245, 3004, 0, 3, 0, 0, 0.43%, 0, 0, 1, 349.74
1606749250, 3006, 1, 3, 0, 0, 0.43%, 0, 0, 1, 344.67
1606749255, 3009, 0, 3, 0, 0, 0.43%, 0, 0, 1, 358.85
1606749260, 3011, 1, 3, 0, 0, 0.43%, 0, 0, 1, 359.34
1606749265, 3013, 2, 3, 0, 0, 0.43%, 0, 0, 1, 363.07
1606749271, 3016, 0, 3, 0, 0, 0.43%, 0, 0, 1, 360.54
1606749276, 3018, 1, 3, 0, 0, 0.43%, 0, 0, 1, 360.84
1606749281, 3020, 2, 3, 0, 0, 0.43%, 0, 0, 1, 362.78
1606749286, 3023, 0, 3, 0, 0, 0.43%, 0, 0, 1, 362.44
1606749291, 3025, 1, 3, 0, 0, 0.43%, 0, 0, 1, 355.67
1606749296, 3027, 2, 3, 0, 0, 0.43%, 0, 0, 1, 356.73
1606749301, 3030, 0, 3, 0, 0, 0.43%, 0, 0, 1, 357.62
1606749306, 3032, 1, 3, 0, 0, 0.43%, 0, 0, 1, 346.70
1606749311, 3034, 2, 3, 0, 0, 0.43%, 0, 0, 1, 356.66
1606749316, 3037, 0, 3, 0, 0, 0.43%, 0, 0, 1, 358.45
1606749321, 3039, 1, 3, 0, 0, 0.43%, 0, 0, 1, 356.96
1606749326, 3041, 2, 3, 0, 0, 0.43%, 0, 0, 1, 356.22
1606749331, 3044, 0, 3, 0, 0, 0.43%, 0, 0, 1, 362.98
1606749336, 3046, 1, 3, 0, 0, 0.43%, 0, 0, 1, 364.78
