# unix_time, cycles_done, cur_path, paths_total, pending_total, pending_favs, map_size, unique_crashes, unique_hangs, max_depth, execs_per_sec
1606739510, 0, 0, 3, 3, 1, 0.43%, 0, 0, 1, 452.83
1606739516, 3, 2, 3, 0, 0, 0.43%, 0, 0, 1, 486.17
1606739521, 7, 0, 3, 0, 0, 0.43%, 0, 0, 1, 494.10
1606739526, 10, 1, 3, 0, 0, 0.43%, 0, 0, 1, 498.69
1606739531, 13, 2, 3, 0, 0, 0.43%, 0, 0, 1, 506.54
1606739536, 17, 0, 3, 0, 0, 0.43%, 0, 0, 1, 508.07
1606739541, 20, 1, 3, 0, 0, 0.43%, 0, 0, 1, 504.76
1606739546, 23, 2, 3, 0, 0, 0.43%, 0, 0, 1, 503.23
1606739551, 27, 0, 3, 0, 0, 0.43%, 0, 0, 1, 502.53
1606739556, 30, 1, 3, 0, 0, 0.43%, 0, 0, 1, 494.44
1606739561, 33, 1, 3, 0, 0, 0.43%, 0, 0, 1, 498.00
1606739566, 36, 2, 3, 0, 0, 0.43%, 0, 0, 1, 489.37
1606739571, 39, 2, 3, 0, 0, 0.43%, 0, 0, 1, 459.56
1606739576, 42, 2, 3, 0, 0, 0.43%, 0, 0, 1, 446.92
1606739582, 45, 2, 3, 0, 0, 0.43%, 0, 0, 1, 461.22
1606739587, 49, 0, 3, 0, 0, 0.43%, 0, 0, 1, 460.03
1606739592, 52, 0, 3, 0, 0, 0.43%, 0, 0, 1, 476.38
1606739597, 55, 1, 3, 0, 0, 0.43%, 0, 0, 1, 472.94
1606739602, 58, 1, 3, 0, 0, 0.43%, 0, 0, 1, 483.94
1606739607, 61, 2, 3, 0, 0, 0.43%, 0, 0, 1, 488.42
1606739612, 65, 0, 3, 0, 0, 0.43%, 0, 0, 1, 495.64
1606739617, 68, 1, 3, 0, 0, 0.43%, 0, 0, 1, 491.40
1606739623, 71, 2, 3, 0, 0, 0.43%, 0, 0, 1, 502.61
1606739628, 74, 2, 3, 0, 0, 0.43%, 0, 0, 1, 454.76
1606739633, 77, 2, 3, 0, 0, 0.43%, 0, 0, 1, 465.17
1606739638, 80, 0, 3, 0, 0, 0.43%, 0, 0, 1, 364.68
1606739643, 83, 0, 3, 0, 0, 0.43%, 0, 0, 1, 443.90
1606739648, 86, 0, 3, 0, 0, 0.43%, 0, 0, 1, 465.57
1606739653, 89, 1, 3, 0, 0, 0.43%, 0, 0, 1, 481.30
1606739658, 92, 2, 3, 0, 0, 0.43%, 0, 0, 1, 493.21
1606739663, 95, 2, 3, 0, 0, 0.43%, 0, 0, 1, 473.05
1606739668, 98, 2, 3, 0, 0, 0.43%, 0, 0, 1, 467.68
1606739673, 102, 0, 3, 0, 0, 0.43%, 0, 0, 1, 474.70
1606739678, 105, 0, 3, 0, 0, 0.43%, 0, 0, 1, 464.88
1606739683, 107, 1, 3, 0, 0, 0.43%, 0, 0, 1, 373.67
1606739688, 109, 2, 3, 0, 0, 0.43%, 0, 0, 1, 387.63
1606739693, 113, 0, 3, 0, 0, 0.43%, 0, 0, 1, 445.86
1606739698, 116, 0, 3, 0, 0, 0.43%, 0, 0, 1, 460.39
1606739703, 119, 0, 3, 0, 0, 0.43%, 0, 0, 1, 462.33
1606739708, 121, 2, 3, 0, 0, 0.43%, 0, 0, 1, 451.49
1606739714, 125, 0, 3, 0, 0, 0.43%, 0, 0, 1, 490.78
1606739719, 128, 1, 3, 0, 0, 0.43%, 0, 0, 1, 495.94
1606739724, 131, 2, 3, 0, 0, 0.43%, 0, 0, 1, 472.10
1606739729, 134, 2, 3, 0, 0, 0.43%, 0, 0, 1, 479.65
1606739734, 138, 0, 3, 0, 0, 0.43%, 0, 0, 1, 482.05
1606739739, 141, 1, 3, 0, 0, 0.43%, 0, 0, 1, 483.20
1606739744, 144, 2, 3, 0, 0, 0.43%, 0, 0, 1, 485.34
1606739749, 147, 1, 3, 0, 0, 0.43%, 0, 0, 1, 461.73
1606739755, 150, 2, 3, 0, 0, 0.43%, 0, 0, 1, 458.11
1606739760, 153, 0, 3, 0, 0, 0.43%, 0, 0, 1, 417.53
1606739765, 156, 1, 3, 0, 0, 0.43%, 0, 0, 1, 449.49
1606739770, 159, 1, 3, 0, 0, 0.43%, 0, 0, 1, 466.75
1606739775, 162, 1, 3, 0, 0, 0.43%, 0, 0, 1, 482.35
1606739780, 165, 2, 3, 0, 0, 0.43%, 0, 0, 1, 489.25
1606739785, 169, 0, 3, 0, 0, 0.43%, 0, 0, 1, 493.30
1606739790, 172, 1, 3, 0, 0, 0.43%, 0, 0, 1, 483.21
1606739795, 175, 1, 3, 0, 0, 0.43%, 0, 0, 1, 485.72
1606739800, 178, 2, 3, 0, 0, 0.43%, 0, 0, 1, 495.46
1606739805, 182, 0, 3, 0, 0, 0.43%, 0, 0, 1, 499.30
1606739810, 185, 1, 3, 0, 0, 0.43%, 0, 0, 1, 494.07
1606739816, 188, 2, 3, 0, 0, 0.43%, 0, 0, 1, 491.53
1606739821, 191, 2, 3, 0, 0, 0.43%, 0, 0, 1, 498.75
1606739826, 195, 0, 3, 0, 0, 0.43%, 0, 0, 1, 496.49
1606739831, 198, 1, 3, 0, 0, 0.43%, 0, 0, 1, 496.71
1606739836, 201, 2, 3, 0, 0, 0.43%, 0, 0, 1, 500.91
1606739841, 205, 0, 3, 0, 0, 0.43%, 0, 0, 1, 502.06
1606739846, 208, 1, 3, 0, 0, 0.43%, 0, 0, 1, 502.32
1606739851, 211, 2, 3, 0, 0, 0.43%, 0, 0, 1, 491.83
1606739856, 215, 0, 3, 0, 0, 0.43%, 0, 0, 1, 495.18
1606739861, 218, 1, 3, 0, 0, 0.43%, 0, 0, 1, 490.30
1606739867, 221, 1, 3, 0, 0, 0.43%, 0, 0, 1, 483.26
1606739872, 224, 1, 3, 0, 0, 0.43%, 0, 0, 1, 478.03
1606739877, 227, 2, 3, 0, 0, 0.43%, 0, 0, 1, 491.34
1606739882, 231, 0, 3, 0, 0, 0.43%, 0, 0, 1, 493.30
1606739887, 234, 1, 3, 0, 0, 0.43%, 0, 0, 1, 495.39
1606739892, 237, 2, 3, 0, 0, 0.43%, 0, 0, 1, 492.88
1606739897, 240, 2, 3, 0, 0, 0.43%, 0, 0, 1, 488.93
1606739902, 244, 0, 3, 0, 0, 0.43%, 0, 0, 1, 479.82
1606739907, 247, 0, 3, 0, 0, 0.43%, 0, 0, 1, 481.29
1606739912, 250, 1, 3, 0, 0, 0.43%, 0, 0, 1, 484.99
1606739917, 253, 1, 3, 0, 0, 0.43%, 0, 0, 1, 469.52
1606739922, 256, 2, 3, 0, 0, 0.43%, 0, 0, 1, 465.48
1606739927, 259, 2, 3, 0, 0, 0.43%, 0, 0, 1, 463.57
1606739932, 262, 2, 3, 0, 0, 0.43%, 0, 0, 1, 441.82
1606739937, 265, 1, 3, 0, 0, 0.43%, 0, 0, 1, 443.33
1606739943, 268, 1, 3, 0, 0, 0.43%, 0, 0, 1, 410.05
1606739948, 270, 2, 3, 0, 0, 0.43%, 0, 0, 1, 403.90
1606739953, 274, 0, 3, 0, 0, 0.43%, 0, 0, 1, 460.01
1606739958, 277, 0, 3, 0, 0, 0.43%, 0, 0, 1, 478.00
1606739963, 280, 1, 3, 0, 0, 0.43%, 0, 0, 1, 485.98
1606739968, 283, 1, 3, 0, 0, 0.43%, 0, 0, 1, 478.59
1606739973, 286, 2, 3, 0, 0, 0.43%, 0, 0, 1, 479.23
1606739978, 289, 2, 3, 0, 0, 0.43%, 0, 0, 1, 476.93
1606739983, 293, 0, 3, 0, 0, 0.43%, 0, 0, 1, 461.17
1606739988, 296, 0, 3, 0, 0, 0.43%, 0, 0, 1, 467.33
1606739993, 299, 0, 3, 0, 0, 0.43%, 0, 0, 1, 466.75
1606739999, 302, 1, 3, 0, 0, 0.43%, 0, 0, 1, 477.75
1606740004, 305, 1, 3, 0, 0, 0.43%, 0, 0, 1, 460.54
1606740009, 308, 0, 3, 0, 0, 0.43%, 0, 0, 1, 409.01
1606740014, 310, 2, 3, 0, 0, 0.43%, 0, 0, 1, 425.97
1606740019, 314, 0, 3, 0, 0, 0.43%, 0, 0, 1, 465.89
1606740024, 317, 0, 3, 0, 0, 0.43%, 0, 0, 1, 475.41
1606740029, 320, 0, 3, 0, 0, 0.43%, 0, 0, 1, 483.57
1606740034, 323, 1, 3, 0, 0, 0.43%, 0, 0, 1, 448.45
1606740039, 326, 1, 3, 0, 0, 0.43%, 0, 0, 1, 468.10
1606740044, 329, 1, 3, 0, 0, 0.43%, 0, 0, 1, 465.29
1606740049, 332, 1, 3, 0, 0, 0.43%, 0, 0, 1, 462.18
1606740054, 335, 2, 3, 0, 0, 0.43%, 0, 0, 1, 477.83
1606740060, 339, 0, 3, 0, 0, 0.43%, 0, 0, 1, 483.51
1606740065, 342, 0, 3, 0, 0, 0.43%, 0, 0, 1, 474.98
1606740070, 345, 1, 3, 0, 0, 0.43%, 0, 0, 1, 484.22
1606740075, 348, 2, 3, 0, 0, 0.43%, 0, 0, 1, 484.03
1606740080, 351, 2, 3, 0, 0, 0.43%, 0, 0, 1, 477.08
1606740085, 355, 0, 3, 0, 0, 0.43%, 0, 0, 1, 483.70
1606740090, 358, 0, 3, 0, 0, 0.43%, 0, 0, 1, 478.10
1606740095, 361, 0, 3, 0, 0, 0.43%, 0, 0, 1, 470.83
1606740101, 364, 1, 3, 0, 0, 0.43%, 0, 0, 1, 483.36
1606740106, 367, 2, 3, 0, 0, 0.43%, 0, 0, 1, 472.70
1606740111, 370, 2, 3, 0, 0, 0.43%, 0, 0, 1, 478.09
1606740116, 374, 0, 3, 0, 0, 0.43%, 0, 0, 1, 475.38
1606740121, 377, 1, 3, 0, 0, 0.43%, 0, 0, 1, 478.43
1606740126, 380, 1, 3, 0, 0, 0.43%, 0, 0, 1, 476.71
1606740131, 383, 1, 3, 0, 0, 0.43%, 0, 0, 1, 467.26
1606740136, 386, 1, 3, 0, 0, 0.43%, 0, 0, 1, 447.50
1606740142, 389, 0, 3, 0, 0, 0.43%, 0, 0, 1, 423.17
1606740147, 392, 0, 3, 0, 0, 0.43%, 0, 0, 1, 447.78
1606740152, 395, 0, 3, 0, 0, 0.43%, 0, 0, 1, 437.75
1606740157, 397, 1, 3, 0, 0, 0.43%, 0, 0, 1, 391.59
1606740162, 400, 1, 3, 0, 0, 0.43%, 0, 0, 1, 451.36
1606740167, 403, 1, 3, 0, 0, 0.43%, 0, 0, 1, 453.14
1606740172, 406, 2, 3, 0, 0, 0.43%, 0, 0, 1, 471.44
1606740177, 409, 1, 3, 0, 0, 0.43%, 0, 0, 1, 441.73
1606740182, 411, 1, 3, 0, 0, 0.43%, 0, 0, 1, 327.68
1606740187, 414, 1, 3, 0, 0, 0.43%, 0, 0, 1, 439.47
1606740192, 417, 2, 3, 0, 0, 0.43%, 0, 0, 1, 471.98
1606740197, 420, 2, 3, 0, 0, 0.43%, 0, 0, 1, 476.66
1606740203, 424, 0, 3, 0, 0, 0.43%, 0, 0, 1, 476.04
1606740208, 427, 0, 3, 0, 0, 0.43%, 0, 0, 1, 476.92
1606740213, 430, 0, 3, 0, 0, 0.43%, 0, 0, 1, 456.69
1606740218, 433, 1, 3, 0, 0, 0.43%, 0, 0, 1, 476.83
1606740223, 436, 2, 3, 0, 0, 0.43%, 0, 0, 1, 479.01
1606740228, 440, 0, 3, 0, 0, 0.43%, 0, 0, 1, 487.00
1606740233, 443, 1, 3, 0, 0, 0.43%, 0, 0, 1, 485.90
1606740239, 446, 1, 3, 0, 0, 0.43%, 0, 0, 1, 485.06
1606740244, 449, 2, 3, 0, 0, 0.43%, 0, 0, 1, 480.29
1606740249, 453, 0, 3, 0, 0, 0.43%, 0, 0, 1, 478.70
1606740254, 456, 0, 3, 0, 0, 0.43%, 0, 0, 1, 455.41
1606740259, 459, 0, 3, 0, 0, 0.43%, 0, 0, 1, 463.69
1606740264, 462, 1, 3, 0, 0, 0.43%, 0, 0, 1, 478.70
1606740269, 465, 0, 3, 0, 0, 0.43%, 0, 0, 1, 410.81
1606740274, 467, 2, 3, 0, 0, 0.43%, 0, 0, 1, 386.93
1606740280, 470, 1, 3, 0, 0, 0.43%, 0, 0, 1, 426.62
1606740285, 473, 1, 3, 0, 0, 0.43%, 0, 0, 1, 450.23
1606740290, 476, 2, 3, 0, 0, 0.43%, 0, 0, 1, 477.53
1606740295, 480, 0, 3, 0, 0, 0.43%, 0, 0, 1, 477.08
1606740300, 483, 0, 3, 0, 0, 0.43%, 0, 0, 1, 474.28
1606740305, 485, 2, 3, 0, 0, 0.43%, 0, 0, 1, 411.35
1606740310, 488, 0, 3, 0, 0, 0.43%, 0, 0, 1, 374.29
1606740316, 490, 2, 3, 0, 0, 0.43%, 0, 0, 1, 381.84
1606740321, 493, 2, 3, 0, 0, 0.43%, 0, 0, 1, 435.70
1606740326, 496, 2, 3, 0, 0, 0.43%, 0, 0, 1, 470.93
1606740331, 500, 0, 3, 0, 0, 0.43%, 0, 0, 1, 479.33
1606740336, 502, 2, 3, 0, 0, 0.43%, 0, 0, 1, 453.17
1606740341, 505, 2, 3, 0, 0, 0.43%, 0, 0, 1, 455.52
1606740346, 509, 0, 3, 0, 0, 0.43%, 0, 0, 1, 483.25
1606740351, 512, 0, 3, 0, 0, 0.43%, 0, 0, 1, 475.31
1606740356, 515, 0, 3, 0, 0, 0.43%, 0, 0, 1, 469.18
1606740361, 518, 1, 3, 0, 0, 0.43%, 0, 0, 1, 487.19
1606740366, 521, 1, 3, 0, 0, 0.43%, 0, 0, 1, 461.26
1606740371, 524, 2, 3, 0, 0, 0.43%, 0, 0, 1, 479.10
1606740377, 527, 2, 3, 0, 0, 0.43%, 0, 0, 1, 469.81
1606740382, 531, 0, 3, 0, 0, 0.43%, 0, 0, 1, 474.33
1606740387, 534, 0, 3, 0, 0, 0.43%, 0, 0, 1, 466.87
1606740392, 536, 2, 3, 0, 0, 0.43%, 0, 0, 1, 435.04
1606740397, 540, 0, 3, 0, 0, 0.43%, 0, 0, 1, 456.06
1606740402, 542, 2, 3, 0, 0, 0.43%, 0, 0, 1, 431.72
1606740407, 545, 1, 3, 0, 0, 0.43%, 0, 0, 1, 408.89
1606740412, 548, 0, 3, 0, 0, 0.43%, 0, 0, 1, 407.81
1606740417, 550, 2, 3, 0, 0, 0.43%, 0, 0, 1, 406.59
1606740422, 553, 1, 3, 0, 0, 0.43%, 0, 0, 1, 400.43
1606740427, 556, 1, 3, 0, 0, 0.43%, 0, 0, 1, 442.69
1606740432, 559, 1, 3, 0, 0, 0.43%, 0, 0, 1, 450.97
1606740437, 562, 1, 3, 0, 0, 0.43%, 0, 0, 1, 472.98
1606740442, 565, 2, 3, 0, 0, 0.43%, 0, 0, 1, 478.88
1606740447, 568, 2, 3, 0, 0, 0.43%, 0, 0, 1, 481.18
1606740453, 571, 2, 3, 0, 0, 0.43%, 0, 0, 1, 450.77
1606740458, 575, 0, 3, 0, 0, 0.43%, 0, 0, 1, 476.92
1606740463, 578, 0, 3, 0, 0, 0.43%, 0, 0, 1, 444.37
1606740468, 581, 0, 3, 0, 0, 0.43%, 0, 0, 1, 465.47
1606740473, 584, 1, 3, 0, 0, 0.43%, 0, 0, 1, 479.88
1606740478, 587, 1, 3, 0, 0, 0.43%, 0, 0, 1, 462.01
1606740483, 590, 1, 3, 0, 0, 0.43%, 0, 0, 1, 474.00
1606740488, 593, 1, 3, 0, 0, 0.43%, 0, 0, 1, 474.85
1606740493, 596, 2, 3, 0, 0, 0.43%, 0, 0, 1, 478.78
1606740498, 600, 0, 3, 0, 0, 0.43%, 0, 0, 1, 480.46
1606740503, 603, 0, 3, 0, 0, 0.43%, 0, 0, 1, 475.06
1606740508, 606, 0, 3, 0, 0, 0.43%, 0, 0, 1, 463.86
1606740513, 608, 2, 3, 0, 0, 0.43%, 0, 0, 1, 452.29
1606740518, 612, 0, 3, 0, 0, 0.43%, 0, 0, 1, 460.06
1606740523, 614, 2, 3, 0, 0, 0.43%, 0, 0, 1, 450.08
1606740528, 617, 2, 3, 0, 0, 0.43%, 0, 0, 1, 430.61
1606740533, 620, 1, 3, 0, 0, 0.43%, 0, 0, 1, 435.23
1606740538, 623, 1, 3, 0, 0, 0.43%, 0, 0, 1, 420.12
1606740544, 626, 0, 3, 0, 0, 0.43%, 0, 0, 1, 420.43
1606740549, 628, 2, 3, 0, 0, 0.43%, 0, 0, 1, 421.39
1606740554, 631, 2, 3, 0, 0, 0.43%, 0, 0, 1, 413.16
1606740559, 634, 1, 3, 0, 0, 0.43%, 0, 0, 1, 417.59
1606740564, 637, 0, 3, 0, 0, 0.43%, 0, 0, 1, 430.72
1606740569, 640, 0, 3, 0, 0, 0.43%, 0, 0, 1, 413.42
1606740574, 642, 2, 3, 0, 0, 0.43%, 0, 0, 1, 428.17
1606740579, 645, 2, 3, 0, 0, 0.43%, 0, 0, 1, 424.45
1606740584, 648, 1, 3, 0, 0, 0.43%, 0, 0, 1, 452.72
1606740589, 651, 2, 3, 0, 0, 0.43%, 0, 0, 1, 462.71
1606740594, 654, 2, 3, 0, 0, 0.43%, 0, 0, 1, 478.27
1606740599, 658, 0, 3, 0, 0, 0.43%, 0, 0, 1, 487.17
1606740604, 661, 1, 3, 0, 0, 0.43%, 0, 0, 1, 484.54
1606740609, 664, 1, 3, 0, 0, 0.43%, 0, 0, 1, 469.40
1606740614, 667, 1, 3, 0, 0, 0.43%, 0, 0, 1, 471.10
1606740620, 670, 2, 3, 0, 0, 0.43%, 0, 0, 1, 477.32
1606740625, 673, 2, 3, 0, 0, 0.43%, 0, 0, 1, 478.70
1606740630, 677, 0, 3, 0, 0, 0.43%, 0, 0, 1, 479.25
1606740635, 680, 0, 3, 0, 0, 0.43%, 0, 0, 1, 474.25
1606740640, 683, 1, 3, 0, 0, 0.43%, 0, 0, 1, 474.61
1606740645, 686, 1, 3, 0, 0, 0.43%, 0, 0, 1, 482.76
1606740650, 689, 2, 3, 0, 0, 0.43%, 0, 0, 1, 481.96
1606740655, 692, 2, 3, 0, 0, 0.43%, 0, 0, 1, 473.95
1606740660, 695, 2, 3, 0, 0, 0.43%, 0, 0, 1, 475.02
1606740665, 699, 0, 3, 0, 0, 0.43%, 0, 0, 1, 478.81
1606740671, 702, 0, 3, 0, 0, 0.43%, 0, 0, 1, 471.53
1606740676, 705, 1, 3, 0, 0, 0.43%, 0, 0, 1, 468.28
1606740681, 708, 1, 3, 0, 0, 0.43%, 0, 0, 1, 470.40
1606740686, 711, 2, 3, 0, 0, 0.43%, 0, 0, 1, 481.64
1606740691, 715, 0, 3, 0, 0, 0.43%, 0, 0, 1, 486.04
1606740696, 718, 0, 3, 0, 0, 0.43%, 0, 0, 1, 473.03
1606740701, 721, 1, 3, 0, 0, 0.43%, 0, 0, 1, 471.62
1606740706, 724, 1, 3, 0, 0, 0.43%, 0, 0, 1, 479.89
1606740712, 727, 2, 3, 0, 0, 0.43%, 0, 0, 1, 482.59
1606740717, 730, 2, 3, 0, 0, 0.43%, 0, 0, 1, 481.02
1606740722, 733, 2, 3, 0, 0, 0.43%, 0, 0, 1, 443.94
1606740727, 737, 0, 3, 0, 0, 0.43%, 0, 0, 1, 477.73
1606740732, 740, 1, 3, 0, 0, 0.43%, 0, 0, 1, 486.22
1606740737, 743, 1, 3, 0, 0, 0.43%, 0, 0, 1, 489.56
1606740742, 746, 2, 3, 0, 0, 0.43%, 0, 0, 1, 489.28
1606740747, 750, 0, 3, 0, 0, 0.43%, 0, 0, 1, 476.39
1606740752, 753, 1, 3, 0, 0, 0.43%, 0, 0, 1, 484.00
1606740757, 756, 1, 3, 0, 0, 0.43%, 0, 0, 1, 483.38
1606740762, 759, 1, 3, 0, 0, 0.43%, 0, 0, 1, 483.09
1606740768, 762, 2, 3, 0, 0, 0.43%, 0, 0, 1, 474.89
1606740773, 765, 2, 3, 0, 0, 0.43%, 0, 0, 1, 469.92
1606740778, 769, 0, 3, 0, 0, 0.43%, 0, 0, 1, 469.19
1606740783, 772, 0, 3, 0, 0, 0.43%, 0, 0, 1, 469.96
1606740788, 775, 1, 3, 0, 0, 0.43%, 0, 0, 1, 475.28
1606740793, 778, 1, 3, 0, 0, 0.43%, 0, 0, 1, 471.73
1606740798, 781, 1, 3, 0, 0, 0.43%, 0, 0, 1, 467.35
1606740803, 784, 1, 3, 0, 0, 0.43%, 0, 0, 1, 442.56
1606740808, 787, 1, 3, 0, 0, 0.43%, 0, 0, 1, 461.10
1606740813, 790, 1, 3, 0, 0, 0.43%, 0, 0, 1, 458.61
1606740818, 793, 1, 3, 0, 0, 0.43%, 0, 0, 1, 453.34
1606740823, 796, 1, 3, 0, 0, 0.43%, 0, 0, 1, 466.51
1606740828, 799, 1, 3, 0, 0, 0.43%, 0, 0, 1, 463.40
1606740833, 802, 1, 3, 0, 0, 0.43%, 0, 0, 1, 461.13
1606740838, 805, 2, 3, 0, 0, 0.43%, 0, 0, 1, 467.97
1606740843, 808, 2, 3, 0, 0, 0.43%, 0, 0, 1, 473.81
1606740848, 811, 2, 3, 0, 0, 0.43%, 0, 0, 1, 443.47
1606740853, 814, 0, 3, 0, 0, 0.43%, 0, 0, 1, 400.65
1606740858, 816, 2, 3, 0, 0, 0.43%, 0, 0, 1, 406.60
1606740864, 819, 2, 3, 0, 0, 0.43%, 0, 0, 1, 408.26
1606740869, 822, 0, 3, 0, 0, 0.43%, 0, 0, 1, 388.67
1606740874, 824, 2, 3, 0, 0, 0.43%, 0, 0, 1, 376.02
1606740879, 827, 0, 3, 0, 0, 0.43%, 0, 0, 1, 380.27
1606740884, 829, 2, 3, 0, 0, 0.43%, 0, 0, 1, 394.00
1606740889, 832, 2, 3, 0, 0, 0.43%, 0, 0, 1, 420.26
1606740894, 835, 1, 3, 0, 0, 0.43%, 0, 0, 1, 404.62
1606740899, 838, 0, 3, 0, 0, 0.43%, 0, 0, 1, 408.57
1606740904, 841, 0, 3, 0, 0, 0.43%, 0, 0, 1, 439.56
1606740909, 844, 0, 3, 0, 0, 0.43%, 0, 0, 1, 446.23
1606740914, 846, 2, 3, 0, 0, 0.43%, 0, 0, 1, 434.68
1606740919, 849, 2, 3, 0, 0, 0.43%, 0, 0, 1, 450.29
1606740925, 852, 2, 3, 0, 0, 0.43%, 0, 0, 1, 451.89
1606740930, 855, 2, 3, 0, 0, 0.43%, 0, 0, 1, 454.44
1606740935, 858, 2, 3, 0, 0, 0.43%, 0, 0, 1, 468.03
1606740940, 861, 2, 3, 0, 0, 0.43%, 0, 0, 1, 472.63
1606740945, 865, 0, 3, 0, 0, 0.43%, 0, 0, 1, 476.05
1606740950, 868, 0, 3, 0, 0, 0.43%, 0, 0, 1, 474.01
1606740955, 871, 0, 3, 0, 0, 0.43%, 0, 0, 1, 458.53
1606740960, 874, 0, 3, 0, 0, 0.43%, 0, 0, 1, 462.33
1606740965, 877, 0, 3, 0, 0, 0.43%, 0, 0, 1, 440.54
1606740970, 879, 2, 3, 0, 0, 0.43%, 0, 0, 1, 441.37
1606740975, 882, 2, 3, 0, 0, 0.43%, 0, 0, 1, 459.09
1606740980, 885, 2, 3, 0, 0, 0.43%, 0, 0, 1, 464.65
1606740985, 889, 0, 3, 0, 0, 0.43%, 0, 0, 1, 471.03
1606740990, 892, 0, 3, 0, 0, 0.43%, 0, 0, 1, 444.83
1606740995, 894, 1, 3, 0, 0, 0.43%, 0, 0, 1, 414.63
1606741000, 897, 0, 3, 0, 0, 0.43%, 0, 0, 1, 411.33
1606741005, 899, 2, 3, 0, 0, 0.43%, 0, 0, 1, 401.39
1606741010, 902, 1, 3, 0, 0, 0.43%, 0, 0, 1, 397.72
1606741015, 905, 0, 3, 0, 0, 0.43%, 0, 0, 1, 400.21
1606741020, 907, 2, 3, 0, 0, 0.43%, 0, 0, 1, 405.92
1606741025, 910, 1, 3, 0, 0, 0.43%, 0, 0, 1, 397.41
1606741031, 913, 0, 3, 0, 0, 0.43%, 0, 0, 1, 401.79
1606741036, 915, 2, 3, 0, 0, 0.43%, 0, 0, 1, 413.58
1606741041, 918, 2, 3, 0, 0, 0.43%, 0, 0, 1, 424.06
1606741046, 921, 1, 3, 0, 0, 0.43%, 0, 0, 1, 417.35
1606741051, 924, 0, 3, 0, 0, 0.43%, 0, 0, 1, 423.55
1606741056, 926, 2, 3, 0, 0, 0.43%, 0, 0, 1, 406.51
1606741061, 929, 1, 3, 0, 0, 0.43%, 0, 0, 1, 400.88
1606741066, 932, 1, 3, 0, 0, 0.43%, 0, 0, 1, 424.58
1606741071, 935, 0, 3, 0, 0, 0.43%, 0, 0, 1, 419.91
1606741076, 938, 0, 3, 0, 0, 0.43%, 0, 0, 1, 459.72
1606741081, 941, 1, 3, 0, 0, 0.43%, 0, 0, 1, 481.38
1606741086, 944, 1, 3, 0, 0, 0.43%, 0, 0, 1, 487.76
1606741091, 947, 2, 3, 0, 0, 0.43%, 0, 0, 1, 473.60
1606741097, 950, 2, 3, 0, 0, 0.43%, 0, 0, 1, 481.81
1606741102, 954, 0, 3, 0, 0, 0.43%, 0, 0, 1, 484.94
1606741107, 957, 1, 3, 0, 0, 0.43%, 0, 0, 1, 485.43
1606741112, 960, 2, 3, 0, 0, 0.43%, 0, 0, 1, 476.45
1606741117, 964, 0, 3, 0, 0, 0.43%, 0, 0, 1, 484.70
1606741122, 966, 2, 3, 0, 0, 0.43%, 0, 0, 1, 456.72
1606741127, 970, 0, 3, 0, 0, 0.43%, 0, 0, 1, 466.17
1606741132, 973, 0, 3, 0, 0, 0.43%, 0, 0, 1, 472.09
1606741137, 976, 0, 3, 0, 0, 0.43%, 0, 0, 1, 461.63
1606741142, 979, 0, 3, 0, 0, 0.43%, 0, 0, 1, 468.35
1606741147, 982, 0, 3, 0, 0, 0.43%, 0, 0, 1, 473.19
1606741152, 985, 0, 3, 0, 0, 0.43%, 0, 0, 1, 456.61
1606741157, 988, 1, 3, 0, 0, 0.43%, 0, 0, 1, 466.40
1606741163, 991, 1, 3, 0, 0, 0.43%, 0, 0, 1, 458.42
1606741168, 994, 2, 3, 0, 0, 0.43%, 0, 0, 1, 481.00
1606741173, 998, 0, 3, 0, 0, 0.43%, 0, 0, 1, 490.47
1606741178, 1001, 1, 3, 0, 0, 0.43%, 0, 0, 1, 488.02
1606741183, 1004, 1, 3, 0, 0, 0.43%, 0, 0, 1, 492.04
1606741188, 1007, 2, 3, 0, 0, 0.43%, 0, 0, 1, 467.73
1606741193, 1010, 1, 3, 0, 0, 0.43%, 0, 0, 1, 449.65
1606741198, 1013, 1, 3, 0, 0, 0.43%, 0, 0, 1, 468.95
1606741204, 1016, 2, 3, 0, 0, 0.43%, 0, 0, 1, 486.52
1606741209, 1020, 0, 3, 0, 0, 0.43%, 0, 0, 1, 485.33
1606741214, 1023, 0, 3, 0, 0, 0.43%, 0, 0, 1, 470.86
1606741219, 1026, 1, 3, 0, 0, 0.43%, 0, 0, 1, 456.44
1606741224, 1029, 1, 3, 0, 0, 0.43%, 0, 0, 1, 458.99
1606741229, 1032, 1, 3, 0, 0, 0.43%, 0, 0, 1, 458.85
1606741235, 1035, 2, 3, 0, 0, 0.43%, 0, 0, 1, 476.12
1606741240, 1038, 2, 3, 0, 0, 0.43%, 0, 0, 1, 468.14
1606741245, 1042, 0, 3, 0, 0, 0.43%, 0, 0, 1, 472.03
1606741250, 1045, 0, 3, 0, 0, 0.43%, 0, 0, 1, 471.39
1606741255, 1048, 0, 3, 0, 0, 0.43%, 0, 0, 1, 462.15
1606741260, 1050, 2, 3, 0, 0, 0.43%, 0, 0, 1, 436.95
1606741265, 1053, 2, 3, 0, 0, 0.43%, 0, 0, 1, 420.73
1606741270, 1056, 1, 3, 0, 0, 0.43%, 0, 0, 1, 442.86
1606741275, 1059, 1, 3, 0, 0, 0.43%, 0, 0, 1, 434.67
1606741280, 1062, 0, 3, 0, 0, 0.43%, 0, 0, 1, 436.08
1606741285, 1065, 0, 3, 0, 0, 0.43%, 0, 0, 1, 420.49
1606741291, 1068, 0, 3, 0, 0, 0.43%, 0, 0, 1, 426.72
1606741296, 1070, 1, 3, 0, 0, 0.43%, 0, 0, 1, 416.47
1606741301, 1073, 1, 3, 0, 0, 0.43%, 0, 0, 1, 436.93
1606741306, 1076, 2, 3, 0, 0, 0.43%, 0, 0, 1, 459.73
1606741311, 1079, 2, 3, 0, 0, 0.43%, 0, 0, 1, 465.38
1606741316, 1082, 2, 3, 0, 0, 0.43%, 0, 0, 1, 469.47
1606741321, 1085, 2, 3, 0, 0, 0.43%, 0, 0, 1, 454.97
1606741326, 1088, 2, 3, 0, 0, 0.43%, 0, 0, 1, 443.15
1606741331, 1091, 2, 3, 0, 0, 0.43%, 0, 0, 1, 447.71
1606741336, 1094, 1, 3, 0, 0, 0.43%, 0, 0, 1, 437.01
1606741341, 1097, 1, 3, 0, 0, 0.43%, 0, 0, 1, 429.09
1606741346, 1100, 0, 3, 0, 0, 0.43%, 0, 0, 1, 424.43
1606741351, 1102, 2, 3, 0, 0, 0.43%, 0, 0, 1, 374.79
1606741357, 1105, 1, 3, 0, 0, 0.43%, 0, 0, 1, 395.75
1606741362, 1108, 0, 3, 0, 0, 0.43%, 0, 0, 1, 399.47
1606741367, 1110, 1, 3, 0, 0, 0.43%, 0, 0, 1, 405.58
1606741372, 1113, 1, 3, 0, 0, 0.43%, 0, 0, 1, 420.59
1606741377, 1116, 1, 3, 0, 0, 0.43%, 0, 0, 1, 426.07
1606741382, 1119, 0, 3, 0, 0, 0.43%, 0, 0, 1, 422.25
1606741387, 1121, 2, 3, 0, 0, 0.43%, 0, 0, 1, 406.38
1606741392, 1124, 1, 3, 0, 0, 0.43%, 0, 0, 1, 410.51
1606741397, 1127, 0, 3, 0, 0, 0.43%, 0, 0, 1, 409.35
1606741402, 1129, 2, 3, 0, 0, 0.43%, 0, 0, 1, 420.60
1606741407, 1132, 1, 3, 0, 0, 0.43%, 0, 0, 1, 410.43
1606741412, 1135, 1, 3, 0, 0, 0.43%, 0, 0, 1, 417.00
1606741417, 1138, 0, 3, 0, 0, 0.43%, 0, 0, 1, 410.88
1606741422, 1140, 2, 3, 0, 0, 0.43%, 0, 0, 1, 409.12
1606741427, 1143, 1, 3, 0, 0, 0.43%, 0, 0, 1, 403.39
1606741432, 1146, 0, 3, 0, 0, 0.43%, 0, 0, 1, 409.92
1606741437, 1148, 2, 3, 0, 0, 0.43%, 0, 0, 1, 411.29
1606741442, 1151, 1, 3, 0, 0, 0.43%, 0, 0, 1, 407.52
1606741447, 1154, 0, 3, 0, 0, 0.43%, 0, 0, 1, 421.45
1606741452, 1156, 2, 3, 0, 0, 0.43%, 0, 0, 1, 415.71
1606741457, 1159, 1, 3, 0, 0, 0.43%, 0, 0, 1, 393.92
1606741462, 1162, 0, 3, 0, 0, 0.43%, 0, 0, 1, 414.66
1606741468, 1164, 2, 3, 0, 0, 0.43%, 0, 0, 1, 414.19
1606741473, 1167, 2, 3, 0, 0, 0.43%, 0, 0, 1, 419.65
1606741478, 1170, 1, 3, 0, 0, 0.43%, 0, 0, 1, 411.71
1606741483, 1173, 0, 3, 0, 0, 0.43%, 0, 0, 1, 409.16
1606741488, 1175, 2, 3, 0, 0, 0.43%, 0, 0, 1, 402.26
1606741493, 1178, 1, 3, 0, 0, 0.43%, 0, 0, 1, 411.06
1606741498, 1181, 0, 3, 0, 0, 0.43%, 0, 0, 1, 398.05
1606741503, 1183, 2, 3, 0, 0, 0.43%, 0, 0, 1, 423.54
1606741508, 1186, 1, 3, 0, 0, 0.43%, 0, 0, 1, 416.58
1606741513, 1189, 1, 3, 0, 0, 0.43%, 0, 0, 1, 402.06
1606741518, 1192, 0, 3, 0, 0, 0.43%, 0, 0, 1, 416.10
1606741523, 1194, 2, 3, 0, 0, 0.43%, 0, 0, 1, 422.68
1606741529, 1197, 2, 3, 0, 0, 0.43%, 0, 0, 1, 433.21
1606741534, 1200, 2, 3, 0, 0, 0.43%, 0, 0, 1, 409.35
1606741539, 1203, 0, 3, 0, 0, 0.43%, 0, 0, 1, 365.72
1606741544, 1205, 1, 3, 0, 0, 0.43%, 0, 0, 1, 350.44
1606741549, 1207, 2, 3, 0, 0, 0.43%, 0, 0, 1, 377.91
1606741554, 1210, 2, 3, 0, 0, 0.43%, 0, 0, 1, 405.33
1606741559, 1213, 1, 3, 0, 0, 0.43%, 0, 0, 1, 412.36
1606741564, 1216, 0, 3, 0, 0, 0.43%, 0, 0, 1, 395.26
1606741569, 1218, 1, 3, 0, 0, 0.43%, 0, 0, 1, 391.95
1606741574, 1220, 1, 3, 0, 0, 0.43%, 0, 0, 1, 315.68
1606741580, 1222, 1, 3, 0, 0, 0.43%, 0, 0, 1, 293.83
1606741585, 1224, 1, 3, 0, 0, 0.43%, 0, 0, 1, 301.38
1606741590, 1226, 1, 3, 0, 0, 0.43%, 0, 0, 1, 328.95
1606741595, 1229, 0, 3, 0, 0, 0.43%, 0, 0, 1, 374.87
1606741600, 1231, 2, 3, 0, 0, 0.43%, 0, 0, 1, 377.88
1606741605, 1234, 0, 3, 0, 0, 0.43%, 0, 0, 1, 394.53
1606741610, 1236, 2, 3, 0, 0, 0.43%, 0, 0, 1, 392.52
1606741615, 1239, 0, 3, 0, 0, 0.43%, 0, 0, 1, 368.23
1606741620, 1241, 1, 3, 0, 0, 0.43%, 0, 0, 1, 357.46
1606741625, 1244, 0, 3, 0, 0, 0.43%, 0, 0, 1, 395.60
1606741630, 1246, 2, 3, 0, 0, 0.43%, 0, 0, 1, 394.22
1606741636, 1249, 1, 3, 0, 0, 0.43%, 0, 0, 1, 373.49
1606741641, 1252, 0, 3, 0, 0, 0.43%, 0, 0, 1, 403.41
1606741646, 1254, 1, 3, 0, 0, 0.43%, 0, 0, 1, 366.12
1606741651, 1257, 0, 3, 0, 0, 0.43%, 0, 0, 1, 386.22
1606741656, 1259, 0, 3, 0, 0, 0.43%, 0, 0, 1, 311.02
1606741661, 1261, 1, 3, 0, 0, 0.43%, 0, 0, 1, 341.15
1606741667, 1264, 0, 3, 0, 0, 0.43%, 0, 0, 1, 401.86
1606741672, 1266, 2, 3, 0, 0, 0.43%, 0, 0, 1, 407.98
1606741677, 1269, 1, 3, 0, 0, 0.43%, 0, 0, 1, 402.08
1606741682, 1272, 0, 3, 0, 0, 0.43%, 0, 0, 1, 394.96
1606741687, 1274, 2, 3, 0, 0, 0.43%, 0, 0, 1, 393.62
1606741692, 1277, 1, 3, 0, 0, 0.43%, 0, 0, 1, 405.68
1606741697, 1280, 0, 3, 0, 0, 0.43%, 0, 0, 1, 420.56
1606741702, 1283, 0, 3, 0, 0, 0.43%, 0, 0, 1, 426.27
1606741707, 1285, 2, 3, 0, 0, 0.43%, 0, 0, 1, 425.27
1606741712, 1288, 1, 3, 0, 0, 0.43%, 0, 0, 1, 419.45
1606741717, 1291, 1, 3, 0, 0, 0.43%, 0, 0, 1, 425.45
1606741722, 1294, 0, 3, 0, 0, 0.43%, 0, 0, 1, 433.52
1606741727, 1297, 0, 3, 0, 0, 0.43%, 0, 0, 1, 405.88
1606741733, 1299, 2, 3, 0, 0, 0.43%, 0, 0, 1, 410.66
1606741738, 1302, 1, 3, 0, 0, 0.43%, 0, 0, 1, 417.12
1606741743, 1305, 0, 3, 0, 0, 0.43%, 0, 0, 1, 415.01
1606741748, 1307, 2, 3, 0, 0, 0.43%, 0, 0, 1, 403.30
1606741753, 1310, 0, 3, 0, 0, 0.43%, 0, 0, 1, 356.17
1606741758, 1312, 2, 3, 0, 0, 0.43%, 0, 0, 1, 380.66
1606741763, 1315, 0, 3, 0, 0, 0.43%, 0, 0, 1, 387.46
1606741768, 1317, 1, 3, 0, 0, 0.43%, 0, 0, 1, 354.70
1606741773, 1319, 2, 3, 0, 0, 0.43%, 0, 0, 1, 347.51
1606741778, 1322, 1, 3, 0, 0, 0.43%, 0, 0, 1, 380.31
1606741783, 1325, 0, 3, 0, 0, 0.43%, 0, 0, 1, 401.41
1606741788, 1327, 2, 3, 0, 0, 0.43%, 0, 0, 1, 394.45
1606741793, 1330, 1, 3, 0, 0, 0.43%, 0, 0, 1, 385.34
1606741799, 1332, 2, 3, 0, 0, 0.43%, 0, 0, 1, 367.76
1606741804, 1335, 1, 3, 0, 0, 0.43%, 0, 0, 1, 407.66
1606741809, 1338, 0, 3, 0, 0, 0.43%, 0, 0, 1, 395.74
1606741814, 1340, 2, 3, 0, 0, 0.43%, 0, 0, 1, 376.87
1606741819, 1343, 1, 3, 0, 0, 0.43%, 0, 0, 1, 419.38
1606741824, 1346, 0, 3, 0, 0, 0.43%, 0, 0, 1, 420.40
1606741829, 1349, 0, 3, 0, 0, 0.43%, 0, 0, 1, 444.13
1606741834, 1352, 1, 3, 0, 0, 0.43%, 0, 0, 1, 477.45
1606741839, 1355, 1, 3, 0, 0, 0.43%, 0, 0, 1, 445.71
1606741844, 1358, 1, 3, 0, 0, 0.43%, 0, 0, 1, 460.03
1606741850, 1361, 1, 3, 0, 0, 0.43%, 0, 0, 1, 446.47
1606741855, 1364, 2, 3, 0, 0, 0.43%, 0, 0, 1, 471.93
1606741860, 1367, 1, 3, 0, 0, 0.43%, 0, 0, 1, 456.91
1606741865, 1370, 1, 3, 0, 0, 0.43%, 0, 0, 1, 393.97
1606741870, 1373, 0, 3, 0, 0, 0.43%, 0, 0, 1, 428.08
1606741875, 1376, 0, 3, 0, 0, 0.43%, 0, 0, 1, 457.14
1606741880, 1379, 1, 3, 0, 0, 0.43%, 0, 0, 1, 467.93
1606741885, 1382, 1, 3, 0, 0, 0.43%, 0, 0, 1, 451.10
1606741890, 1384, 1, 3, 0, 0, 0.43%, 0, 0, 1, 329.58
1606741896, 1386, 1, 3, 0, 0, 0.43%, 0, 0, 1, 310.63
1606741901, 1388, 2, 3, 0, 0, 0.43%, 0, 0, 1, 345.99
1606741906, 1390, 2, 3, 0, 0, 0.43%, 0, 0, 1, 325.83
1606741911, 1392, 2, 3, 0, 0, 0.43%, 0, 0, 1, 327.21
1606741916, 1395, 0, 3, 0, 0, 0.43%, 0, 0, 1, 321.69
1606741921, 1397, 2, 3, 0, 0, 0.43%, 0, 0, 1, 381.54
1606741926, 1400, 1, 3, 0, 0, 0.43%, 0, 0, 1, 423.42
1606741932, 1403, 2, 3, 0, 0, 0.43%, 0, 0, 1, 466.69
1606741937, 1407, 0, 3, 0, 0, 0.43%, 0, 0, 1, 480.50
1606741942, 1410, 0, 3, 0, 0, 0.43%, 0, 0, 1, 475.94
1606741947, 1413, 1, 3, 0, 0, 0.43%, 0, 0, 1, 491.28
1606741952, 1416, 2, 3, 0, 0, 0.43%, 0, 0, 1, 504.53
1606741957, 1420, 0, 3, 0, 0, 0.43%, 0, 0, 1, 507.28
1606741962, 1423, 1, 3, 0, 0, 0.43%, 0, 0, 1, 507.50
1606741967, 1426, 2, 3, 0, 0, 0.43%, 0, 0, 1, 508.83
1606741972, 1430, 0, 3, 0, 0, 0.43%, 0, 0, 1, 497.90
1606741977, 1433, 1, 3, 0, 0, 0.43%, 0, 0, 1, 491.58
1606741982, 1436, 1, 3, 0, 0, 0.43%, 0, 0, 1, 501.23
1606741987, 1439, 2, 3, 0, 0, 0.43%, 0, 0, 1, 496.24
1606741993, 1443, 0, 3, 0, 0, 0.43%, 0, 0, 1, 499.29
1606741998, 1446, 1, 3, 0, 0, 0.43%, 0, 0, 1, 505.79
1606742003, 1449, 2, 3, 0, 0, 0.43%, 0, 0, 1, 509.76
1606742008, 1453, 0, 3, 0, 0, 0.43%, 0, 0, 1, 492.13
1606742013, 1456, 1, 3, 0, 0, 0.43%, 0, 0, 1, 503.03
1606742018, 1459, 2, 3, 0, 0, 0.43%, 0, 0, 1, 497.18
1606742023, 1463, 0, 3, 0, 0, 0.43%, 0, 0, 1, 498.02
1606742028, 1466, 1, 3, 0, 0, 0.43%, 0, 0, 1, 496.31
1606742033, 1469, 1, 3, 0, 0, 0.43%, 0, 0, 1, 491.20
1606742038, 1472, 2, 3, 0, 0, 0.43%, 0, 0, 1, 501.51
1606742043, 1476, 0, 3, 0, 0, 0.43%, 0, 0, 1, 499.40
1606742048, 1479, 1, 3, 0, 0, 0.43%, 0, 0, 1, 494.63
1606742053, 1482, 1, 3, 0, 0, 0.43%, 0, 0, 1, 481.41
1606742058, 1486, 0, 3, 0, 0, 0.43%, 0, 0, 1, 494.23
1606742064, 1489, 0, 3, 0, 0, 0.43%, 0, 0, 1, 481.74
1606742069, 1492, 1, 3, 0, 0, 0.43%, 0, 0, 1, 478.45
1606742074, 1495, 1, 3, 0, 0, 0.43%, 0, 0, 1, 485.25
1606742079, 1498, 2, 3, 0, 0, 0.43%, 0, 0, 1, 502.63
1606742084, 1502, 0, 3, 0, 0, 0.43%, 0, 0, 1, 506.35
1606742089, 1505, 1, 3, 0, 0, 0.43%, 0, 0, 1, 506.67
1606742094, 1508, 2, 3, 0, 0, 0.43%, 0, 0, 1, 482.36
1606742099, 1511, 1, 3, 0, 0, 0.43%, 0, 0, 1, 421.95
1606742104, 1514, 2, 3, 0, 0, 0.43%, 0, 0, 1, 485.77
1606742109, 1518, 0, 3, 0, 0, 0.43%, 0, 0, 1, 500.12
1606742114, 1521, 1, 3, 0, 0, 0.43%, 0, 0, 1, 504.28
1606742119, 1524, 1, 3, 0, 0, 0.43%, 0, 0, 1, 498.82
1606742124, 1527, 2, 3, 0, 0, 0.43%, 0, 0, 1, 511.05
1606742129, 1531, 0, 3, 0, 0, 0.43%, 0, 0, 1, 509.23
1606742134, 1534, 1, 3, 0, 0, 0.43%, 0, 0, 1, 509.52
1606742139, 1537, 2, 3, 0, 0, 0.43%, 0, 0, 1, 492.51
1606742145, 1541, 0, 3, 0, 0, 0.43%, 0, 0, 1, 496.92
1606742150, 1544, 1, 3, 0, 0, 0.43%, 0, 0, 1, 503.60
1606742155, 1547, 2, 3, 0, 0, 0.43%, 0, 0, 1, 488.79
1606742160, 1550, 2, 3, 0, 0, 0.43%, 0, 0, 1, 479.07
1606742165, 1554, 0, 3, 0, 0, 0.43%, 0, 0, 1, 505.74
1606742170, 1557, 1, 3, 0, 0, 0.43%, 0, 0, 1, 510.92
1606742175, 1560, 2, 3, 0, 0, 0.43%, 0, 0, 1, 513.35
1606742180, 1564, 1, 3, 0, 0, 0.43%, 0, 0, 1, 513.23
1606742185, 1567, 2, 3, 0, 0, 0.43%, 0, 0, 1, 513.03
1606742190, 1571, 0, 3, 0, 0, 0.43%, 0, 0, 1, 516.02
1606742195, 1574, 2, 3, 0, 0, 0.43%, 0, 0, 1, 512.23
1606742200, 1578, 0, 3, 0, 0, 0.43%, 0, 0, 1, 515.62
1606742205, 1581, 1, 3, 0, 0, 0.43%, 0, 0, 1, 518.18
1606742211, 1584, 2, 3, 0, 0, 0.43%, 0, 0, 1, 493.36
1606742216, 1587, 2, 3, 0, 0, 0.43%, 0, 0, 1, 497.29
1606742221, 1591, 0, 3, 0, 0, 0.43%, 0, 0, 1, 509.77
1606742226, 1594, 2, 3, 0, 0, 0.43%, 0, 0, 1, 513.73
1606742231, 1598, 0, 3, 0, 0, 0.43%, 0, 0, 1, 514.06
1606742236, 1601, 0, 3, 0, 0, 0.43%, 0, 0, 1, 485.62
1606742241, 1604, 1, 3, 0, 0, 0.43%, 0, 0, 1, 493.37
1606742246, 1607, 1, 3, 0, 0, 0.43%, 0, 0, 1, 452.58
1606742251, 1610, 1, 3, 0, 0, 0.43%, 0, 0, 1, 448.02
1606742256, 1613, 2, 3, 0, 0, 0.43%, 0, 0, 1, 477.09
1606742261, 1617, 0, 3, 0, 0, 0.43%, 0, 0, 1, 495.18
1606742266, 1620, 0, 3, 0, 0, 0.43%, 0, 0, 1, 479.86
1606742271, 1623, 1, 3, 0, 0, 0.43%, 0, 0, 1, 491.26
1606742276, 1626, 2, 3, 0, 0, 0.43%, 0, 0, 1, 498.53
1606742281, 1629, 2, 3, 0, 0, 0.43%, 0, 0, 1, 470.02
1606742286, 1633, 0, 3, 0, 0, 0.43%, 0, 0, 1, 504.79
1606742292, 1636, 1, 3, 0, 0, 0.43%, 0, 0, 1, 517.59
1606742297, 1640, 0, 3, 0, 0, 0.43%, 0, 0, 1, 520.72
1606742302, 1643, 2, 3, 0, 0, 0.43%, 0, 0, 1, 522.04
1606742307, 1647, 0, 3, 0, 0, 0.43%, 0, 0, 1, 513.18
1606742312, 1650, 1, 3, 0, 0, 0.43%, 0, 0, 1, 516.77
1606742317, 1653, 2, 3, 0, 0, 0.43%, 0, 0, 1, 520.51
1606742322, 1657, 1, 3, 0, 0, 0.43%, 0, 0, 1, 523.62
1606742328, 1660, 2, 3, 0, 0, 0.43%, 0, 0, 1, 523.56
1606742333, 1664, 1, 3, 0, 0, 0.43%, 0, 0, 1, 521.60
1606742338, 1667, 2, 3, 0, 0, 0.43%, 0, 0, 1, 519.64
1606742343, 1671, 0, 3, 0, 0, 0.43%, 0, 0, 1, 480.70
1606742348, 1673, 2, 3, 0, 0, 0.43%, 0, 0, 1, 457.45
1606742353, 1677, 0, 3, 0, 0, 0.43%, 0, 0, 1, 480.66
1606742358, 1680, 1, 3, 0, 0, 0.43%, 0, 0, 1, 505.97
1606742363, 1683, 2, 3, 0, 0, 0.43%, 0, 0, 1, 509.38
1606742369, 1687, 1, 3, 0, 0, 0.43%, 0, 0, 1, 506.69
1606742374, 1690, 2, 3, 0, 0, 0.43%, 0, 0, 1, 511.93
1606742379, 1694, 0, 3, 0, 0, 0.43%, 0, 0, 1, 511.39
1606742384, 1697, 1, 3, 0, 0, 0.43%, 0, 0, 1, 513.98
1606742389, 1700, 2, 3, 0, 0, 0.43%, 0, 0, 1, 518.42
1606742394, 1704, 0, 3, 0, 0, 0.43%, 0, 0, 1, 511.14
1606742399, 1707, 1, 3, 0, 0, 0.43%, 0, 0, 1, 515.83
1606742404, 1710, 2, 3, 0, 0, 0.43%, 0, 0, 1, 499.79
1606742409, 1714, 0, 3, 0, 0, 0.43%, 0, 0, 1, 513.06
1606742414, 1717, 2, 3, 0, 0, 0.43%, 0, 0, 1, 516.89
1606742419, 1721, 0, 3, 0, 0, 0.43%, 0, 0, 1, 517.13
1606742424, 1724, 1, 3, 0, 0, 0.43%, 0, 0, 1, 512.64
1606742429, 1727, 1, 3, 0, 0, 0.43%, 0, 0, 1, 479.87
1606742434, 1730, 2, 3, 0, 0, 0.43%, 0, 0, 1, 497.08
1606742439, 1733, 2, 3, 0, 0, 0.43%, 0, 0, 1, 462.89
1606742444, 1736, 2, 3, 0, 0, 0.43%, 0, 0, 1, 463.45
1606742449, 1739, 2, 3, 0, 0, 0.43%, 0, 0, 1, 449.18
1606742454, 1743, 0, 3, 0, 0, 0.43%, 0, 0, 1, 503.78
1606742459, 1746, 1, 3, 0, 0, 0.43%, 0, 0, 1, 513.68
1606742464, 1750, 0, 3, 0, 0, 0.43%, 0, 0, 1, 519.33
1606742470, 1753, 1, 3, 0, 0, 0.43%, 0, 0, 1, 520.81
1606742475, 1757, 0, 3, 0, 0, 0.43%, 0, 0, 1, 521.36
1606742480, 1760, 2, 3, 0, 0, 0.43%, 0, 0, 1, 522.26
1606742485, 1764, 0, 3, 0, 0, 0.43%, 0, 0, 1, 518.02
1606742490, 1767, 2, 3, 0, 0, 0.43%, 0, 0, 1, 519.54
1606742496, 1771, 0, 3, 0, 0, 0.43%, 0, 0, 1, 519.28
1606742501, 1774, 1, 3, 0, 0, 0.43%, 0, 0, 1, 518.65
1606742506, 1777, 2, 3, 0, 0, 0.43%, 0, 0, 1, 518.59
1606742511, 1781, 1, 3, 0, 0, 0.43%, 0, 0, 1, 519.88
1606742516, 1784, 2, 3, 0, 0, 0.43%, 0, 0, 1, 520.46
1606742521, 1788, 0, 3, 0, 0, 0.43%, 0, 0, 1, 516.10
1606742526, 1791, 2, 3, 0, 0, 0.43%, 0, 0, 1, 517.37
1606742531, 1795, 0, 3, 0, 0, 0.43%, 0, 0, 1, 520.27
1606742537, 1798, 2, 3, 0, 0, 0.43%, 0, 0, 1, 521.12
1606742542, 1802, 0, 3, 0, 0, 0.43%, 0, 0, 1, 518.25
1606742547, 1805, 2, 3, 0, 0, 0.43%, 0, 0, 1, 522.11
1606742552, 1809, 0, 3, 0, 0, 0.43%, 0, 0, 1, 515.95
1606742557, 1812, 2, 3, 0, 0, 0.43%, 0, 0, 1, 509.53
1606742562, 1816, 0, 3, 0, 0, 0.43%, 0, 0, 1, 518.38
1606742568, 1819, 2, 3, 0, 0, 0.43%, 0, 0, 1, 518.89
1606742573, 1823, 0, 3, 0, 0, 0.43%, 0, 0, 1, 518.50
1606742578, 1826, 2, 3, 0, 0, 0.43%, 0, 0, 1, 513.03
1606742583, 1830, 0, 3, 0, 0, 0.43%, 0, 0, 1, 515.50
1606742588, 1833, 0, 3, 0, 0, 0.43%, 0, 0, 1, 472.20
1606742593, 1836, 1, 3, 0, 0, 0.43%, 0, 0, 1, 506.34
1606742598, 1839, 2, 3, 0, 0, 0.43%, 0, 0, 1, 513.82
1606742603, 1843, 1, 3, 0, 0, 0.43%, 0, 0, 1, 521.02
1606742609, 1847, 0, 3, 0, 0, 0.43%, 0, 0, 1, 517.82
1606742614, 1850, 0, 3, 0, 0, 0.43%, 0, 0, 1, 506.20
1606742619, 1853, 2, 3, 0, 0, 0.43%, 0, 0, 1, 518.13
1606742624, 1857, 0, 3, 0, 0, 0.43%, 0, 0, 1, 521.27
1606742629, 1860, 2, 3, 0, 0, 0.43%, 0, 0, 1, 521.70
1606742634, 1864, 1, 3, 0, 0, 0.43%, 0, 0, 1, 521.25
1606742640, 1867, 2, 3, 0, 0, 0.43%, 0, 0, 1, 521.14
1606742645, 1871, 1, 3, 0, 0, 0.43%, 0, 0, 1, 521.61
1606742650, 1874, 2, 3, 0, 0, 0.43%, 0, 0, 1, 521.43
1606742655, 1878, 1, 3, 0, 0, 0.43%, 0, 0, 1, 521.58
1606742660, 1882, 0, 3, 0, 0, 0.43%, 0, 0, 1, 522.95
1606742666, 1885, 1, 3, 0, 0, 0.43%, 0, 0, 1, 523.33
1606742671, 1889, 0, 3, 0, 0, 0.43%, 0, 0, 1, 521.21
1606742676, 1892, 1, 3, 0, 0, 0.43%, 0, 0, 1, 500.60
1606742681, 1895, 2, 3, 0, 0, 0.43%, 0, 0, 1, 519.33
1606742686, 1899, 1, 3, 0, 0, 0.43%, 0, 0, 1, 519.62
1606742691, 1902, 2, 3, 0, 0, 0.43%, 0, 0, 1, 515.94
1606742696, 1906, 0, 3, 0, 0, 0.43%, 0, 0, 1, 519.25
1606742701, 1909, 1, 3, 0, 0, 0.43%, 0, 0, 1, 514.95
1606742707, 1913, 0, 3, 0, 0, 0.43%, 0, 0, 1, 518.41
1606742712, 1916, 1, 3, 0, 0, 0.43%, 0, 0, 1, 517.65
1606742717, 1919, 2, 3, 0, 0, 0.43%, 0, 0, 1, 509.01
1606742722, 1923, 1, 3, 0, 0, 0.43%, 0, 0, 1, 510.91
1606742727, 1926, 2, 3, 0, 0, 0.43%, 0, 0, 1, 521.74
1606742732, 1930, 1, 3, 0, 0, 0.43%, 0, 0, 1, 522.64
1606742738, 1933, 2, 3, 0, 0, 0.43%, 0, 0, 1, 523.20
1606742743, 1937, 1, 3, 0, 0, 0.43%, 0, 0, 1, 523.55
1606742748, 1940, 2, 3, 0, 0, 0.43%, 0, 0, 1, 524.21
1606742753, 1944, 1, 3, 0, 0, 0.43%, 0, 0, 1, 521.07
1606742758, 1948, 0, 3, 0, 0, 0.43%, 0, 0, 1, 520.82
1606742763, 1951, 1, 3, 0, 0, 0.43%, 0, 0, 1, 522.73
1606742769, 1955, 0, 3, 0, 0, 0.43%, 0, 0, 1, 523.13
1606742774, 1958, 1, 3, 0, 0, 0.43%, 0, 0, 1, 522.75
1606742779, 1962, 0, 3, 0, 0, 0.43%, 0, 0, 1, 523.42
1606742784, 1965, 1, 3, 0, 0, 0.43%, 0, 0, 1, 523.76
1606742789, 1969, 0, 3, 0, 0, 0.43%, 0, 0, 1, 524.15
1606742794, 1972, 2, 3, 0, 0, 0.43%, 0, 0, 1, 518.92
1606742800, 1976, 0, 3, 0, 0, 0.43%, 0, 0, 1, 520.64
1606742805, 1979, 2, 3, 0, 0, 0.43%, 0, 0, 1, 523.45
1606742810, 1983, 0, 3, 0, 0, 0.43%, 0, 0, 1, 524.90
1606742815, 1986, 2, 3, 0, 0, 0.43%, 0, 0, 1, 521.38
1606742820, 1990, 0, 3, 0, 0, 0.43%, 0, 0, 1, 523.48
1606742825, 1993, 2, 3, 0, 0, 0.43%, 0, 0, 1, 525.37
1606742831, 1997, 1, 3, 0, 0, 0.43%, 0, 0, 1, 524.46
1606742836, 2000, 2, 3, 0, 0, 0.43%, 0, 0, 1, 520.96
1606742841, 2004, 1, 3, 0, 0, 0.43%, 0, 0, 1, 521.46
1606742846, 2007, 2, 3, 0, 0, 0.43%, 0, 0, 1, 523.80
1606742851, 2011, 1, 3, 0, 0, 0.43%, 0, 0, 1, 521.61
1606742856, 2014, 2, 3, 0, 0, 0.43%, 0, 0, 1, 521.66
1606742861, 2018, 1, 3, 0, 0, 0.43%, 0, 0, 1, 523.91
1606742867, 2021, 2, 3, 0, 0, 0.43%, 0, 0, 1, 524.42
1606742872, 2025, 1, 3, 0, 0, 0.43%, 0, 0, 1, 521.93
1606742877, 2028, 2, 3, 0, 0, 0.43%, 0, 0, 1, 520.29
1606742882, 2032, 1, 3, 0, 0, 0.43%, 0, 0, 1, 520.70
1606742887, 2035, 2, 3, 0, 0, 0.43%, 0, 0, 1, 519.36
1606742892, 2039, 1, 3, 0, 0, 0.43%, 0, 0, 1, 516.99
1606742898, 2042, 2, 3, 0, 0, 0.43%, 0, 0, 1, 520.34
1606742903, 2046, 1, 3, 0, 0, 0.43%, 0, 0, 1, 521.36
1606742908, 2049, 2, 3, 0, 0, 0.43%, 0, 0, 1, 520.53
1606742913, 2053, 1, 3, 0, 0, 0.43%, 0, 0, 1, 523.00
1606742918, 2056, 2, 3, 0, 0, 0.43%, 0, 0, 1, 516.14
1606742923, 2060, 0, 3, 0, 0, 0.43%, 0, 0, 1, 503.21
1606742928, 2063, 1, 3, 0, 0, 0.43%, 0, 0, 1, 516.35
1606742934, 2067, 0, 3, 0, 0, 0.43%, 0, 0, 1, 519.91
1606742939, 2070, 1, 3, 0, 0, 0.43%, 0, 0, 1, 519.32
1606742944, 2074, 0, 3, 0, 0, 0.43%, 0, 0, 1, 519.43
1606742949, 2077, 1, 3, 0, 0, 0.43%, 0, 0, 1, 519.09
1606742954, 2081, 0, 3, 0, 0, 0.43%, 0, 0, 1, 519.08
1606742960, 2084, 1, 3, 0, 0, 0.43%, 0, 0, 1, 521.53
1606742965, 2088, 0, 3, 0, 0, 0.43%, 0, 0, 1, 523.74
1606742970, 2091, 2, 3, 0, 0, 0.43%, 0, 0, 1, 523.47
1606742975, 2095, 0, 3, 0, 0, 0.43%, 0, 0, 1, 520.65
1606742980, 2098, 2, 3, 0, 0, 0.43%, 0, 0, 1, 518.22
1606742985, 2102, 0, 3, 0, 0, 0.43%, 0, 0, 1, 517.52
1606742990, 2105, 1, 3, 0, 0, 0.43%, 0, 0, 1, 521.47
1606742996, 2109, 0, 3, 0, 0, 0.43%, 0, 0, 1, 523.37
1606743001, 2112, 1, 3, 0, 0, 0.43%, 0, 0, 1, 520.79
1606743006, 2116, 0, 3, 0, 0, 0.43%, 0, 0, 1, 519.06
1606743011, 2119, 1, 3, 0, 0, 0.43%, 0, 0, 1, 519.24
1606743016, 2123, 0, 3, 0, 0, 0.43%, 0, 0, 1, 517.04
1606743022, 2126, 1, 3, 0, 0, 0.43%, 0, 0, 1, 520.90
1606743027, 2130, 0, 3, 0, 0, 0.43%, 0, 0, 1, 522.50
1606743032, 2133, 2, 3, 0, 0, 0.43%, 0, 0, 1, 522.95
1606743037, 2137, 0, 3, 0, 0, 0.43%, 0, 0, 1, 520.74
1606743042, 2140, 2, 3, 0, 0, 0.43%, 0, 0, 1, 514.18
1606743047, 2144, 0, 3, 0, 0, 0.43%, 0, 0, 1, 517.52
1606743053, 2147, 1, 3, 0, 0, 0.43%, 0, 0, 1, 521.24
1606743058, 2151, 0, 3, 0, 0, 0.43%, 0, 0, 1, 520.28
1606743063, 2154, 1, 3, 0, 0, 0.43%, 0, 0, 1, 521.78
1606743068, 2158, 0, 3, 0, 0, 0.43%, 0, 0, 1, 520.13
1606743073, 2161, 2, 3, 0, 0, 0.43%, 0, 0, 1, 521.15
1606743079, 2165, 0, 3, 0, 0, 0.43%, 0, 0, 1, 520.81
1606743084, 2168, 2, 3, 0, 0, 0.43%, 0, 0, 1, 522.11
1606743089, 2172, 0, 3, 0, 0, 0.43%, 0, 0, 1, 522.10
1606743094, 2175, 2, 3, 0, 0, 0.43%, 0, 0, 1, 521.64
1606743099, 2179, 0, 3, 0, 0, 0.43%, 0, 0, 1, 520.18
1606743104, 2182, 2, 3, 0, 0, 0.43%, 0, 0, 1, 522.13
1606743109, 2186, 0, 3, 0, 0, 0.43%, 0, 0, 1, 522.94
1606743115, 2189, 2, 3, 0, 0, 0.43%, 0, 0, 1, 523.23
1606743120, 2193, 0, 3, 0, 0, 0.43%, 0, 0, 1, 521.82
1606743125, 2196, 1, 3, 0, 0, 0.43%, 0, 0, 1, 497.55
1606743130, 2200, 0, 3, 0, 0, 0.43%, 0, 0, 1, 511.93
1606743135, 2203, 1, 3, 0, 0, 0.43%, 0, 0, 1, 517.17
1606743140, 2206, 2, 3, 0, 0, 0.43%, 0, 0, 1, 520.31
1606743145, 2210, 1, 3, 0, 0, 0.43%, 0, 0, 1, 521.30
1606743151, 2213, 2, 3, 0, 0, 0.43%, 0, 0, 1, 521.41
1606743156, 2217, 1, 3, 0, 0, 0.43%, 0, 0, 1, 518.53
1606743161, 2220, 2, 3, 0, 0, 0.43%, 0, 0, 1, 522.33
1606743166, 2224, 1, 3, 0, 0, 0.43%, 0, 0, 1, 517.20
1606743171, 2227, 2, 3, 0, 0, 0.43%, 0, 0, 1, 520.74
1606743177, 2231, 1, 3, 0, 0, 0.43%, 0, 0, 1, 521.21
1606743182, 2234, 2, 3, 0, 0, 0.43%, 0, 0, 1, 517.56
1606743187, 2238, 1, 3, 0, 0, 0.43%, 0, 0, 1, 520.91
1606743192, 2241, 2, 3, 0, 0, 0.43%, 0, 0, 1, 522.39
1606743197, 2245, 1, 3, 0, 0, 0.43%, 0, 0, 1, 525.23
1606743203, 2249, 0, 3, 0, 0, 0.43%, 0, 0, 1, 522.31
1606743208, 2252, 1, 3, 0, 0, 0.43%, 0, 0, 1, 523.63
1606743213, 2256, 0, 3, 0, 0, 0.43%, 0, 0, 1, 520.94
1606743218, 2259, 1, 3, 0, 0, 0.43%, 0, 0, 1, 522.49
1606743223, 2263, 0, 3, 0, 0, 0.43%, 0, 0, 1, 524.74
1606743228, 2266, 2, 3, 0, 0, 0.43%, 0, 0, 1, 524.71
1606743234, 2270, 0, 3, 0, 0, 0.43%, 0, 0, 1, 523.57
1606743239, 2273, 2, 3, 0, 0, 0.43%, 0, 0, 1, 522.04
1606743244, 2277, 0, 3, 0, 0, 0.43%, 0, 0, 1, 519.73
1606743249, 2280, 2, 3, 0, 0, 0.43%, 0, 0, 1, 520.40
1606743254, 2284, 0, 3, 0, 0, 0.43%, 0, 0, 1, 518.00
1606743259, 2287, 2, 3, 0, 0, 0.43%, 0, 0, 1, 517.93
1606743265, 2291, 0, 3, 0, 0, 0.43%, 0, 0, 1, 518.50
1606743270, 2294, 2, 3, 0, 0, 0.43%, 0, 0, 1, 521.35
1606743275, 2298, 0, 3, 0, 0, 0.43%, 0, 0, 1, 520.12
1606743280, 2301, 2, 3, 0, 0, 0.43%, 0, 0, 1, 520.37
1606743285, 2305, 0, 3, 0, 0, 0.43%, 0, 0, 1, 517.49
1606743291, 2308, 2, 3, 0, 0, 0.43%, 0, 0, 1, 521.06
1606743296, 2312, 0, 3, 0, 0, 0.43%, 0, 0, 1, 521.59
1606743301, 2315, 2, 3, 0, 0, 0.43%, 0, 0, 1, 521.90
1606743306, 2319, 1, 3, 0, 0, 0.43%, 0, 0, 1, 523.32
1606743311, 2322, 2, 3, 0, 0, 0.43%, 0, 0, 1, 521.30
1606743316, 2326, 1, 3, 0, 0, 0.43%, 0, 0, 1, 520.10
1606743322, 2329, 2, 3, 0, 0, 0.43%, 0, 0, 1, 519.98
1606743327, 2333, 1, 3, 0, 0, 0.43%, 0, 0, 1, 522.30
1606743332, 2336, 2, 3, 0, 0, 0.43%, 0, 0, 1, 520.04
1606743337, 2340, 1, 3, 0, 0, 0.43%, 0, 0, 1, 520.76
1606743342, 2343, 2, 3, 0, 0, 0.43%, 0, 0, 1, 521.94
1606743348, 2347, 1, 3, 0, 0, 0.43%, 0, 0, 1, 522.83
1606743353, 2350, 2, 3, 0, 0, 0.43%, 0, 0, 1, 519.56
1606743358, 2354, 1, 3, 0, 0, 0.43%, 0, 0, 1, 517.82
1606743363, 2357, 2, 3, 0, 0, 0.43%, 0, 0, 1, 519.09
1606743368, 2361, 1, 3, 0, 0, 0.43%, 0, 0, 1, 520.67
1606743373, 2364, 2, 3, 0, 0, 0.43%, 0, 0, 1, 517.57
1606743378, 2368, 1, 3, 0, 0, 0.43%, 0, 0, 1, 517.62
1606743384, 2371, 2, 3, 0, 0, 0.43%, 0, 0, 1, 518.00
1606743389, 2375, 1, 3, 0, 0, 0.43%, 0, 0, 1, 522.61
1606743394, 2378, 2, 3, 0, 0, 0.43%, 0, 0, 1, 520.96
1606743399, 2382, 1, 3, 0, 0, 0.43%, 0, 0, 1, 519.81
1606743404, 2385, 2, 3, 0, 0, 0.43%, 0, 0, 1, 507.91
1606743410, 2389, 1, 3, 0, 0, 0.43%, 0, 0, 1, 518.82
1606743415, 2392, 2, 3, 0, 0, 0.43%, 0, 0, 1, 519.28
1606743420, 2396, 1, 3, 0, 0, 0.43%, 0, 0, 1, 516.94
1606743425, 2399, 2, 3, 0, 0, 0.43%, 0, 0, 1, 520.55
1606743430, 2403, 1, 3, 0, 0, 0.43%, 0, 0, 1, 523.21
1606743435, 2406, 2, 3, 0, 0, 0.43%, 0, 0, 1, 522.74
1606743441, 2410, 1, 3, 0, 0, 0.43%, 0, 0, 1, 522.73
1606743446, 2414, 0, 3, 0, 0, 0.43%, 0, 0, 1, 521.90
1606743451, 2417, 1, 3, 0, 0, 0.43%, 0, 0, 1, 522.06
1606743456, 2421, 0, 3, 0, 0, 0.43%, 0, 0, 1, 519.37
1606743461, 2424, 1, 3, 0, 0, 0.43%, 0, 0, 1, 522.13
1606743467, 2428, 0, 3, 0, 0, 0.43%, 0, 0, 1, 521.83
1606743472, 2431, 1, 3, 0, 0, 0.43%, 0, 0, 1, 519.93
1606743477, 2435, 0, 3, 0, 0, 0.43%, 0, 0, 1, 519.75
1606743482, 2438, 1, 3, 0, 0, 0.43%, 0, 0, 1, 517.69
1606743487, 2441, 2, 3, 0, 0, 0.43%, 0, 0, 1, 518.46
1606743492, 2445, 1, 3, 0, 0, 0.43%, 0, 0, 1, 518.81
1606743497, 2448, 2, 3, 0, 0, 0.43%, 0, 0, 1, 518.38
1606743503, 2452, 1, 3, 0, 0, 0.43%, 0, 0, 1, 521.01
1606743508, 2456, 0, 3, 0, 0, 0.43%, 0, 0, 1, 522.78
1606743513, 2459, 1, 3, 0, 0, 0.43%, 0, 0, 1, 521.38
1606743518, 2462, 2, 3, 0, 0, 0.43%, 0, 0, 1, 518.19
1606743523, 2466, 0, 3, 0, 0, 0.43%, 0, 0, 1, 520.41
1606743528, 2469, 2, 3, 0, 0, 0.43%, 0, 0, 1, 522.49
1606743533, 2473, 0, 3, 0, 0, 0.43%, 0, 0, 1, 521.26
1606743539, 2476, 2, 3, 0, 0, 0.43%, 0, 0, 1, 521.81
1606743544, 2480, 1, 3, 0, 0, 0.43%, 0, 0, 1, 522.34
1606743549, 2483, 2, 3, 0, 0, 0.43%, 0, 0, 1, 522.75
1606743554, 2487, 1, 3, 0, 0, 0.43%, 0, 0, 1, 523.41
1606743559, 2490, 2, 3, 0, 0, 0.43%, 0, 0, 1, 522.66
1606743565, 2494, 1, 3, 0, 0, 0.43%, 0, 0, 1, 522.56
1606743570, 2498, 0, 3, 0, 0, 0.43%, 0, 0, 1, 522.88
1606743575, 2501, 1, 3, 0, 0, 0.43%, 0, 0, 1, 521.84
1606743580, 2505, 0, 3, 0, 0, 0.43%, 0, 0, 1, 521.61
1606743585, 2508, 1, 3, 0, 0, 0.43%, 0, 0, 1, 523.26
1606743590, 2512, 0, 3, 0, 0, 0.43%, 0, 0, 1, 523.91
1606743596, 2515, 1, 3, 0, 0, 0.43%, 0, 0, 1, 519.88
1606743601, 2519, 0, 3, 0, 0, 0.43%, 0, 0, 1, 521.04
1606743606, 2522, 1, 3, 0, 0, 0.43%, 0, 0, 1, 521.16
1606743611, 2526, 0, 3, 0, 0, 0.43%, 0, 0, 1, 510.14
1606743616, 2529, 1, 3, 0, 0, 0.43%, 0, 0, 1, 518.29
1606743621, 2533, 0, 3, 0, 0, 0.43%, 0, 0, 1, 522.16
1606743627, 2536, 1, 3, 0, 0, 0.43%, 0, 0, 1, 519.39
1606743632, 2540, 0, 3, 0, 0, 0.43%, 0, 0, 1, 520.60
1606743637, 2543, 1, 3, 0, 0, 0.43%, 0, 0, 1, 517.19
1606743642, 2547, 0, 3, 0, 0, 0.43%, 0, 0, 1, 519.69
1606743647, 2550, 1, 3, 0, 0, 0.43%, 0, 0, 1, 521.12
1606743652, 2554, 0, 3, 0, 0, 0.43%, 0, 0, 1, 517.03
1606743658, 2557, 1, 3, 0, 0, 0.43%, 0, 0, 1, 515.78
1606743663, 2561, 0, 3, 0, 0, 0.43%, 0, 0, 1, 520.58
1606743668, 2564, 1, 3, 0, 0, 0.43%, 0, 0, 1, 523.03
1606743673, 2568, 0, 3, 0, 0, 0.43%, 0, 0, 1, 523.36
1606743678, 2571, 1, 3, 0, 0, 0.43%, 0, 0, 1, 524.13
1606743683, 2575, 0, 3, 0, 0, 0.43%, 0, 0, 1, 525.06
1606743689, 2578, 1, 3, 0, 0, 0.43%, 0, 0, 1, 524.43
1606743694, 2582, 0, 3, 0, 0, 0.43%, 0, 0, 1, 524.56
1606743699, 2585, 2, 3, 0, 0, 0.43%, 0, 0, 1, 523.23
1606743704, 2589, 0, 3, 0, 0, 0.43%, 0, 0, 1, 522.26
1606743709, 2592, 1, 3, 0, 0, 0.43%, 0, 0, 1, 520.14
1606743714, 2596, 0, 3, 0, 0, 0.43%, 0, 0, 1, 520.74
1606743719, 2599, 1, 3, 0, 0, 0.43%, 0, 0, 1, 519.54
1606743725, 2602, 2, 3, 0, 0, 0.43%, 0, 0, 1, 503.62
1606743730, 2606, 0, 3, 0, 0, 0.43%, 0, 0, 1, 510.20
1606743735, 2609, 2, 3, 0, 0, 0.43%, 0, 0, 1, 516.32
1606743740, 2613, 0, 3, 0, 0, 0.43%, 0, 0, 1, 516.74
1606743745, 2616, 2, 3, 0, 0, 0.43%, 0, 0, 1, 523.37
1606743750, 2620, 1, 3, 0, 0, 0.43%, 0, 0, 1, 521.11
1606743756, 2623, 2, 3, 0, 0, 0.43%, 0, 0, 1, 520.83
1606743761, 2627, 1, 3, 0, 0, 0.43%, 0, 0, 1, 523.24
1606743766, 2630, 2, 3, 0, 0, 0.43%, 0, 0, 1, 525.58
1606743771, 2634, 1, 3, 0, 0, 0.43%, 0, 0, 1, 525.57
1606743776, 2637, 2, 3, 0, 0, 0.43%, 0, 0, 1, 511.90
1606743781, 2641, 1, 3, 0, 0, 0.43%, 0, 0, 1, 521.39
1606743787, 2644, 2, 3, 0, 0, 0.43%, 0, 0, 1, 524.06
1606743792, 2648, 1, 3, 0, 0, 0.43%, 0, 0, 1, 525.45
1606743797, 2651, 2, 3, 0, 0, 0.43%, 0, 0, 1, 526.02
1606743802, 2655, 1, 3, 0, 0, 0.43%, 0, 0, 1, 526.07
1606743807, 2659, 0, 3, 0, 0, 0.43%, 0, 0, 1, 525.13
1606743812, 2662, 1, 3, 0, 0, 0.43%, 0, 0, 1, 522.21
1606743818, 2666, 0, 3, 0, 0, 0.43%, 0, 0, 1, 520.94
1606743823, 2669, 1, 3, 0, 0, 0.43%, 0, 0, 1, 522.67
1606743828, 2673, 0, 3, 0, 0, 0.43%, 0, 0, 1, 520.48
1606743833, 2676, 1, 3, 0, 0, 0.43%, 0, 0, 1, 520.06
1606743838, 2680, 0, 3, 0, 0, 0.43%, 0, 0, 1, 521.73
1606743843, 2683, 1, 3, 0, 0, 0.43%, 0, 0, 1, 523.03
1606743849, 2687, 0, 3, 0, 0, 0.43%, 0, 0, 1, 525.26
1606743854, 2690, 1, 3, 0, 0, 0.43%, 0, 0, 1, 522.66
1606743859, 2694, 0, 3, 0, 0, 0.43%, 0, 0, 1, 524.82
1606743864, 2697, 2, 3, 0, 0, 0.43%, 0, 0, 1, 525.21
1606743869, 2701, 0, 3, 0, 0, 0.43%, 0, 0, 1, 524.98
1606743874, 2704, 2, 3, 0, 0, 0.43%, 0, 0, 1, 522.05
1606743880, 2708, 0, 3, 0, 0, 0.43%, 0, 0, 1, 521.73
1606743885, 2711, 2, 3, 0, 0, 0.43%, 0, 0, 1, 524.76
1606743890, 2715, 1, 3, 0, 0, 0.43%, 0, 0, 1, 525.70
1606743895, 2718, 2, 3, 0, 0, 0.43%, 0, 0, 1, 516.97
1606743900, 2722, 1, 3, 0, 0, 0.43%, 0, 0, 1, 522.04
1606743905, 2725, 2, 3, 0, 0, 0.43%, 0, 0, 1, 523.85
1606743911, 2729, 1, 3, 0, 0, 0.43%, 0, 0, 1, 524.59
1606743916, 2732, 2, 3, 0, 0, 0.43%, 0, 0, 1, 524.65
1606743921, 2736, 1, 3, 0, 0, 0.43%, 0, 0, 1, 523.06
1606743926, 2740, 0, 3, 0, 0, 0.43%, 0, 0, 1, 524.78
1606743931, 2743, 1, 3, 0, 0, 0.43%, 0, 0, 1, 525.24
1606743936, 2747, 0, 3, 0, 0, 0.43%, 0, 0, 1, 518.34
1606743942, 2750, 1, 3, 0, 0, 0.43%, 0, 0, 1, 523.44
1606743947, 2754, 0, 3, 0, 0, 0.43%, 0, 0, 1, 525.69
1606743952, 2757, 1, 3, 0, 0, 0.43%, 0, 0, 1, 525.27
1606743957, 2761, 0, 3, 0, 0, 0.43%, 0, 0, 1, 523.88
1606743962, 2764, 2, 3, 0, 0, 0.43%, 0, 0, 1, 525.38
1606743967, 2768, 0, 3, 0, 0, 0.43%, 0, 0, 1, 525.55
1606743973, 2771, 2, 3, 0, 0, 0.43%, 0, 0, 1, 524.39
1606743978, 2775, 0, 3, 0, 0, 0.43%, 0, 0, 1, 524.75
1606743983, 2778, 2, 3, 0, 0, 0.43%, 0, 0, 1, 525.27
1606743988, 2782, 1, 3, 0, 0, 0.43%, 0, 0, 1, 524.48
1606743993, 2785, 2, 3, 0, 0, 0.43%, 0, 0, 1, 523.58
1606743998, 2789, 1, 3, 0, 0, 0.43%, 0, 0, 1, 522.77
1606744004, 2792, 2, 3, 0, 0, 0.43%, 0, 0, 1, 522.19
1606744009, 2796, 1, 3, 0, 0, 0.43%, 0, 0, 1, 522.36
1606744014, 2799, 2, 3, 0, 0, 0.43%, 0, 0, 1, 524.12
1606744019, 2803, 1, 3, 0, 0, 0.43%, 0, 0, 1, 507.13
1606744024, 2806, 2, 3, 0, 0, 0.43%, 0, 0, 1, 518.60
1606744030, 2810, 1, 3, 0, 0, 0.43%, 0, 0, 1, 522.86
1606744035, 2813, 2, 3, 0, 0, 0.43%, 0, 0, 1, 522.43
1606744040, 2817, 1, 3, 0, 0, 0.43%, 0, 0, 1, 521.45
1606744045, 2820, 2, 3, 0, 0, 0.43%, 0, 0, 1, 520.04
1606744050, 2824, 1, 3, 0, 0, 0.43%, 0, 0, 1, 519.73
1606744055, 2827, 2, 3, 0, 0, 0.43%, 0, 0, 1, 518.98
1606744061, 2831, 1, 3, 0, 0, 0.43%, 0, 0, 1, 520.71
1606744066, 2835, 0, 3, 0, 0, 0.43%, 0, 0, 1, 522.88
1606744071, 2838, 1, 3, 0, 0, 0.43%, 0, 0, 1, 523.61
1606744076, 2842, 0, 3, 0, 0, 0.43%, 0, 0, 1, 522.22
1606744081, 2845, 1, 3, 0, 0, 0.43%, 0, 0, 1, 521.97
1606744086, 2849, 0, 3, 0, 0, 0.43%, 0, 0, 1, 523.27
1606744092, 2852, 1, 3, 0, 0, 0.43%, 0, 0, 1, 519.42
1606744097, 2856, 0, 3, 0, 0, 0.43%, 0, 0, 1, 522.58
1606744102, 2859, 1, 3, 0, 0, 0.43%, 0, 0, 1, 524.16
1606744107, 2863, 0, 3, 0, 0, 0.43%, 0, 0, 1, 521.37
1606744112, 2866, 2, 3, 0, 0, 0.43%, 0, 0, 1, 517.42
1606744118, 2870, 0, 3, 0, 0, 0.43%, 0, 0, 1, 518.87
1606744123, 2873, 2, 3, 0, 0, 0.43%, 0, 0, 1, 519.65
1606744128, 2877, 0, 3, 0, 0, 0.43%, 0, 0, 1, 520.55
1606744133, 2880, 2, 3, 0, 0, 0.43%, 0, 0, 1, 521.78
1606744138, 2884, 0, 3, 0, 0, 0.43%, 0, 0, 1, 521.45
1606744143, 2887, 1, 3, 0, 0, 0.43%, 0, 0, 1, 508.92
1606744149, 2891, 0, 3, 0, 0, 0.43%, 0, 0, 1, 520.60
1606744154, 2894, 1, 3, 0, 0, 0.43%, 0, 0, 1, 518.89
1606744159, 2898, 0, 3, 0, 0, 0.43%, 0, 0, 1, 519.02
1606744164, 2901, 1, 3, 0, 0, 0.43%, 0, 0, 1, 519.76
1606744169, 2905, 0, 3, 0, 0, 0.43%, 0, 0, 1, 517.86
1606744174, 2908, 1, 3, 0, 0, 0.43%, 0, 0, 1, 519.11
1606744180, 2912, 0, 3, 0, 0, 0.43%, 0, 0, 1, 518.38
1606744185, 2915, 2, 3, 0, 0, 0.43%, 0, 0, 1, 521.21
1606744190, 2919, 0, 3, 0, 0, 0.43%, 0, 0, 1, 523.63
1606744195, 2922, 2, 3, 0, 0, 0.43%, 0, 0, 1, 523.16
1606744200, 2926, 0, 3, 0, 0, 0.43%, 0, 0, 1, 522.88
1606744206, 2929, 2, 3, 0, 0, 0.43%, 0, 0, 1, 524.15
1606744211, 2933, 0, 3, 0, 0, 0.43%, 0, 0, 1, 523.77
1606744216, 2936, 2, 3, 0, 0, 0.43%, 0, 0, 1, 518.58
1606744221, 2940, 0, 3, 0, 0, 0.43%, 0, 0, 1, 519.34
1606744226, 2943, 2, 3, 0, 0, 0.43%, 0, 0, 1, 521.61
1606744231, 2947, 0, 3, 0, 0, 0.43%, 0, 0, 1, 522.12
1606744237, 2950, 2, 3, 0, 0, 0.43%, 0, 0, 1, 521.70
1606744242, 2954, 1, 3, 0, 0, 0.43%, 0, 0, 1, 522.42
1606744247, 2957, 2, 3, 0, 0, 0.43%, 0, 0, 1, 518.59
1606744252, 2961, 1, 3, 0, 0, 0.43%, 0, 0, 1, 519.53
1606744257, 2964, 2, 3, 0, 0, 0.43%, 0, 0, 1, 517.94
1606744262, 2968, 1, 3, 0, 0, 0.43%, 0, 0, 1, 518.71
1606744268, 2971, 2, 3, 0, 0, 0.43%, 0, 0, 1, 517.58
1606744273, 2975, 1, 3, 0, 0, 0.43%, 0, 0, 1, 520.79
1606744278, 2978, 2, 3, 0, 0, 0.43%, 0, 0, 1, 522.33
1606744283, 2982, 1, 3, 0, 0, 0.43%, 0, 0, 1, 523.11
1606744288, 2985, 2, 3, 0, 0, 0.43%, 0, 0, 1, 523.84
1606744294, 2989, 1, 3, 0, 0, 0.43%, 0, 0, 1, 522.91
1606744299, 2992, 2, 3, 0, 0, 0.43%, 0, 0, 1, 522.46
1606744304, 2996, 1, 3, 0, 0, 0.43%, 0, 0, 1, 523.16
1606744309, 3000, 0, 3, 0, 0, 0.43%, 0, 0, 1, 522.31
1606744314, 3003, 1, 3, 0, 0, 0.43%, 0, 0, 1, 523.36
1606744319, 3007, 0, 3, 0, 0, 0.43%, 0, 0, 1, 522.59
1606744325, 3010, 1, 3, 0, 0, 0.43%, 0, 0, 1, 522.14
1606744330, 3013, 2, 3, 0, 0, 0.43%, 0, 0, 1, 500.66
1606744335, 3017, 1, 3, 0, 0, 0.43%, 0, 0, 1, 518.45
1606744340, 3020, 2, 3, 0, 0, 0.43%, 0, 0, 1, 520.94
1606744345, 3024, 1, 3, 0, 0, 0.43%, 0, 0, 1, 519.90
1606744350, 3027, 2, 3, 0, 0, 0.43%, 0, 0, 1, 519.65
1606744356, 3031, 1, 3, 0, 0, 0.43%, 0, 0, 1, 517.56
1606744361, 3034, 2, 3, 0, 0, 0.43%, 0, 0, 1, 519.82
1606744366, 3038, 1, 3, 0, 0, 0.43%, 0, 0, 1, 521.14
1606744371, 3041, 2, 3, 0, 0, 0.43%, 0, 0, 1, 520.31
1606744376, 3045, 1, 3, 0, 0, 0.43%, 0, 0, 1, 518.84
1606744381, 3048, 2, 3, 0, 0, 0.43%, 0, 0, 1, 523.32
1606744387, 3052, 0, 3, 0, 0, 0.43%, 0, 0, 1, 500.68
1606744392, 3055, 2, 3, 0, 0, 0.43%, 0, 0, 1, 515.12
1606744397, 3059, 0, 3, 0, 0, 0.43%, 0, 0, 1, 520.00
1606744402, 3062, 2, 3, 0, 0, 0.43%, 0, 0, 1, 520.30
1606744407, 3066, 0, 3, 0, 0, 0.43%, 0, 0, 1, 513.51
1606744412, 3069, 2, 3, 0, 0, 0.43%, 0, 0, 1, 517.70
1606744417, 3073, 0, 3, 0, 0, 0.43%, 0, 0, 1, 518.59
1606744423, 3076, 1, 3, 0, 0, 0.43%, 0, 0, 1, 507.00
1606744428, 3080, 0, 3, 0, 0, 0.43%, 0, 0, 1, 520.51
1606744433, 3083, 1, 3, 0, 0, 0.43%, 0, 0, 1, 524.86
1606744438, 3087, 0, 3, 0, 0, 0.43%, 0, 0, 1, 525.86
1606744443, 3090, 1, 3, 0, 0, 0.43%, 0, 0, 1, 517.73
1606744448, 3094, 0, 3, 0, 0, 0.43%, 0, 0, 1, 516.31
1606744454, 3097, 1, 3, 0, 0, 0.43%, 0, 0, 1, 515.75
1606744459, 3100, 2, 3, 0, 0, 0.43%, 0, 0, 1, 516.23
1606744464, 3104, 0, 3, 0, 0, 0.43%, 0, 0, 1, 516.00
1606744469, 3107, 1, 3, 0, 0, 0.43%, 0, 0, 1, 514.08
1606744474, 3111, 0, 3, 0, 0, 0.43%, 0, 0, 1, 513.91
1606744479, 3114, 1, 3, 0, 0, 0.43%, 0, 0, 1, 514.39
1606744484, 3117, 2, 3, 0, 0, 0.43%, 0, 0, 1, 515.92
1606744489, 3121, 0, 3, 0, 0, 0.43%, 0, 0, 1, 514.89
1606744494, 3124, 1, 3, 0, 0, 0.43%, 0, 0, 1, 513.29
1606744499, 3127, 2, 3, 0, 0, 0.43%, 0, 0, 1, 515.77
1606744504, 3131, 1, 3, 0, 0, 0.43%, 0, 0, 1, 515.40
1606744509, 3134, 2, 3, 0, 0, 0.43%, 0, 0, 1, 511.15
1606744514, 3138, 0, 3, 0, 0, 0.43%, 0, 0, 1, 515.36
1606744519, 3141, 1, 3, 0, 0, 0.43%, 0, 0, 1, 516.51
1606744524, 3145, 0, 3, 0, 0, 0.43%, 0, 0, 1, 518.02
1606744529, 3148, 1, 3, 0, 0, 0.43%, 0, 0, 1, 513.96
1606744534, 3151, 2, 3, 0, 0, 0.43%, 0, 0, 1, 512.73
1606744539, 3155, 0, 3, 0, 0, 0.43%, 0, 0, 1, 515.12
1606744544, 3158, 1, 3, 0, 0, 0.43%, 0, 0, 1, 517.30
1606744549, 3161, 2, 3, 0, 0, 0.43%, 0, 0, 1, 515.45
1606744555, 3165, 1, 3, 0, 0, 0.43%, 0, 0, 1, 513.31
1606744560, 3168, 2, 3, 0, 0, 0.43%, 0, 0, 1, 515.40
1606744565, 3172, 0, 3, 0, 0, 0.43%, 0, 0, 1, 515.39
1606744570, 3174, 1, 3, 0, 0, 0.43%, 0, 0, 1, 400.80
1606748112, 3175, 0, 3, 0, 0, 0.43%, 0, 0, 1, 0.02
1606748117, 3177, 2, 3, 0, 0, 0.43%, 0, 0, 1, 379.19
1606748122, 3180, 2, 3, 0, 0, 0.43%, 0, 0, 1, 431.42
1606748127, 3184, 0, 3, 0, 0, 0.43%, 0, 0, 1, 495.07
1606748132, 3187, 1, 3, 0, 0, 0.43%, 0, 0, 1, 514.31
1606748138, 3191, 0, 3, 0, 0, 0.43%, 0, 0, 1, 524.36
1606748143, 3194, 1, 3, 0, 0, 0.43%, 0, 0, 1, 527.11
1606748148, 3197, 2, 3, 0, 0, 0.43%, 0, 0, 1, 513.04
1606748153, 3201, 1, 3, 0, 0, 0.43%, 0, 0, 1, 522.66
1606748158, 3204, 2, 3, 0, 0, 0.43%, 0, 0, 1, 509.41
1606748163, 3208, 0, 3, 0, 0, 0.43%, 0, 0, 1, 486.62
1606748168, 3211, 2, 3, 0, 0, 0.43%, 0, 0, 1, 516.21
1606748173, 3215, 0, 3, 0, 0, 0.43%, 0, 0, 1, 506.97
1606748179, 3218, 1, 3, 0, 0, 0.43%, 0, 0, 1, 505.44
1606748184, 3221, 2, 3, 0, 0, 0.43%, 0, 0, 1, 509.97
1606748189, 3225, 0, 3, 0, 0, 0.43%, 0, 0, 1, 515.34
1606748194, 3228, 1, 3, 0, 0, 0.43%, 0, 0, 1, 522.89
1606748199, 3232, 0, 3, 0, 0, 0.43%, 0, 0, 1, 527.50
1606748204, 3235, 1, 3, 0, 0, 0.43%, 0, 0, 1, 528.91
1606748209, 3239, 0, 3, 0, 0, 0.43%, 0, 0, 1, 530.94
1606748214, 3242, 1, 3, 0, 0, 0.43%, 0, 0, 1, 522.87
1606748219, 3245, 2, 3, 0, 0, 0.43%, 0, 0, 1, 518.17
1606748224, 3249, 0, 3, 0, 0, 0.43%, 0, 0, 1, 517.66
1606748229, 3252, 1, 3, 0, 0, 0.43%, 0, 0, 1, 499.69
1606748234, 3255, 2, 3, 0, 0, 0.43%, 0, 0, 1, 500.34
1606748239, 3259, 1, 3, 0, 0, 0.43%, 0, 0, 1, 515.91
1606748245, 3262, 2, 3, 0, 0, 0.43%, 0, 0, 1, 515.70
1606748250, 3266, 0, 3, 0, 0, 0.43%, 0, 0, 1, 509.48
1606748255, 3269, 1, 3, 0, 0, 0.43%, 0, 0, 1, 479.56
1606748260, 3271, 2, 3, 0, 0, 0.43%, 0, 0, 1, 385.35
1606748265, 3274, 2, 3, 0, 0, 0.43%, 0, 0, 1, 454.21
1606748270, 3278, 0, 3, 0, 0, 0.43%, 0, 0, 1, 482.65
1606748275, 3281, 0, 3, 0, 0, 0.43%, 0, 0, 1, 461.29
1606748280, 3284, 0, 3, 0, 0, 0.43%, 0, 0, 1, 477.45
1606748285, 3287, 1, 3, 0, 0, 0.43%, 0, 0, 1, 495.28
1606748290, 3291, 0, 3, 0, 0, 0.43%, 0, 0, 1, 508.59
1606748295, 3294, 1, 3, 0, 0, 0.43%, 0, 0, 1, 512.55
1606748300, 3297, 2, 3, 0, 0, 0.43%, 0, 0, 1, 515.46
1606748305, 3301, 0, 3, 0, 0, 0.43%, 0, 0, 1, 499.54
1606748311, 3304, 1, 3, 0, 0, 0.43%, 0, 0, 1, 493.83
1606748316, 3307, 1, 3, 0, 0, 0.43%, 0, 0, 1, 484.09
1606748321, 3310, 1, 3, 0, 0, 0.43%, 0, 0, 1, 459.94
1606748326, 3313, 2, 3, 0, 0, 0.43%, 0, 0, 1, 490.40
1606748331, 3316, 2, 3, 0, 0, 0.43%, 0, 0, 1, 468.56
1606748336, 3320, 0, 3, 0, 0, 0.43%, 0, 0, 1, 471.20
1606748341, 3323, 0, 3, 0, 0, 0.43%, 0, 0, 1, 458.39
1606748346, 3326, 0, 3, 0, 0, 0.43%, 0, 0, 1, 484.30
1606748351, 3329, 1, 3, 0, 0, 0.43%, 0, 0, 1, 493.39
1606748356, 3332, 2, 3, 0, 0, 0.43%, 0, 0, 1, 482.29
1606748361, 3335, 1, 3, 0, 0, 0.43%, 0, 0, 1, 447.73
1606748366, 3338, 1, 3, 0, 0, 0.43%, 0, 0, 1, 438.68
1606748371, 3341, 1, 3, 0, 0, 0.43%, 0, 0, 1, 453.53
1606748376, 3344, 2, 3, 0, 0, 0.43%, 0, 0, 1, 477.32
1606748381, 3347, 2, 3, 0, 0, 0.43%, 0, 0, 1, 464.69
1606748387, 3351, 0, 3, 0, 0, 0.43%, 0, 0, 1, 481.06
1606748392, 3354, 0, 3, 0, 0, 0.43%, 0, 0, 1, 452.02
1606748397, 3357, 0, 3, 0, 0, 0.43%, 0, 0, 1, 466.88
1606748402, 3360, 1, 3, 0, 0, 0.43%, 0, 0, 1, 489.56
1606748407, 3363, 2, 3, 0, 0, 0.43%, 0, 0, 1, 499.17
1606748412, 3366, 2, 3, 0, 0, 0.43%, 0, 0, 1, 462.86
1606748417, 3369, 2, 3, 0, 0, 0.43%, 0, 0, 1, 461.18
1606748422, 3373, 0, 3, 0, 0, 0.43%, 0, 0, 1, 483.70
1606748427, 3376, 1, 3, 0, 0, 0.43%, 0, 0, 1, 506.37
1606748432, 3379, 1, 3, 0, 0, 0.43%, 0, 0, 1, 490.56
1606748437, 3382, 2, 3, 0, 0, 0.43%, 0, 0, 1, 479.46
1606748443, 3386, 0, 3, 0, 0, 0.43%, 0, 0, 1, 495.62
1606748448, 3389, 1, 3, 0, 0, 0.43%, 0, 0, 1, 513.51
1606748453, 3392, 2, 3, 0, 0, 0.43%, 0, 0, 1, 517.26
1606748458, 3396, 0, 3, 0, 0, 0.43%, 0, 0, 1, 516.75
1606748463, 3399, 2, 3, 0, 0, 0.43%, 0, 0, 1, 514.73
1606748468, 3402, 2, 3, 0, 0, 0.43%, 0, 0, 1, 491.88
1606748473, 3405, 2, 3, 0, 0, 0.43%, 0, 0, 1, 465.39
1606748478, 3409, 0, 3, 0, 0, 0.43%, 0, 0, 1, 476.70
1606748483, 3412, 0, 3, 0, 0, 0.43%, 0, 0, 1, 488.30
1606748488, 3415, 1, 3, 0, 0, 0.43%, 0, 0, 1, 484.64
1606748493, 3418, 1, 3, 0, 0, 0.43%, 0, 0, 1, 475.24
1606748498, 3421, 2, 3, 0, 0, 0.43%, 0, 0, 1, 492.98
1606748503, 3425, 0, 3, 0, 0, 0.43%, 0, 0, 1, 494.44
1606748508, 3428, 0, 3, 0, 0, 0.43%, 0, 0, 1, 482.87
1606748513, 3431, 1, 3, 0, 0, 0.43%, 0, 0, 1, 494.07
1606748519, 3434, 2, 3, 0, 0, 0.43%, 0, 0, 1, 498.99
1606748524, 3438, 0, 3, 0, 0, 0.43%, 0, 0, 1, 502.45
1606748529, 3441, 1, 3, 0, 0, 0.43%, 0, 0, 1, 500.75
1606748534, 3444, 2, 3, 0, 0, 0.43%, 0, 0, 1, 499.26
1606748539, 3447, 2, 3, 0, 0, 0.43%, 0, 0, 1, 497.66
1606748544, 3451, 0, 3, 0, 0, 0.43%, 0, 0, 1, 475.88
1606748549, 3454, 1, 3, 0, 0, 0.43%, 0, 0, 1, 476.74
1606748554, 3457, 1, 3, 0, 0, 0.43%, 0, 0, 1, 473.71
1606748559, 3460, 2, 3, 0, 0, 0.43%, 0, 0, 1, 485.71
1606748564, 3463, 2, 3, 0, 0, 0.43%, 0, 0, 1, 480.77
1606748569, 3467, 0, 3, 0, 0, 0.43%, 0, 0, 1, 481.38
1606748574, 3470, 0, 3, 0, 0, 0.43%, 0, 0, 1, 491.51
1606748579, 3473, 1, 3, 0, 0, 0.43%, 0, 0, 1, 503.62
1606748585, 3476, 2, 3, 0, 0, 0.43%, 0, 0, 1, 500.65
1606748590, 3480, 0, 3, 0, 0, 0.43%, 0, 0, 1, 465.78
1606748595, 3483, 0, 3, 0, 0, 0.43%, 0, 0, 1, 484.73
1606748600, 3486, 1, 3, 0, 0, 0.43%, 0, 0, 1, 499.85
1606748605, 3489, 2, 3, 0, 0, 0.43%, 0, 0, 1, 500.92
1606748610, 3493, 0, 3, 0, 0, 0.43%, 0, 0, 1, 496.36
1606748615, 3495, 1, 3, 0, 0, 0.43%, 0, 0, 1, 374.21
1606748620, 3497, 1, 3, 0, 0, 0.43%, 0, 0, 1, 342.46
1606748625, 3499, 2, 3, 0, 0, 0.43%, 0, 0, 1, 336.12
1606748630, 3502, 0, 3, 0, 0, 0.43%, 0, 0, 1, 341.92
1606748635, 3504, 1, 3, 0, 0, 0.43%, 0, 0, 1, 360.31
1606748641, 3507, 2, 3, 0, 0, 0.43%, 0, 0, 1, 473.85
1606748646, 3511, 0, 3, 0, 0, 0.43%, 0, 0, 1, 485.49
1606748651, 3514, 0, 3, 0, 0, 0.43%, 0, 0, 1, 492.07
1606748656, 3517, 1, 3, 0, 0, 0.43%, 0, 0, 1, 494.68
1606748661, 3520, 2, 3, 0, 0, 0.43%, 0, 0, 1, 495.60
1606748666, 3524, 0, 3, 0, 0, 0.43%, 0, 0, 1, 485.57
1606748671, 3527, 1, 3, 0, 0, 0.43%, 0, 0, 1, 489.29
1606748676, 3530, 2, 3, 0, 0, 0.43%, 0, 0, 1, 493.29
1606748681, 3534, 0, 3, 0, 0, 0.43%, 0, 0, 1, 497.51
1606748687, 3537, 1, 3, 0, 0, 0.43%, 0, 0, 1, 486.15
1606748692, 3540, 2, 3, 0, 0, 0.43%, 0, 0, 1, 491.47
1606748697, 3544, 0, 3, 0, 0, 0.43%, 0, 0, 1, 499.68
1606748702, 3547, 0, 3, 0, 0, 0.43%, 0, 0, 1, 486.58
1606748707, 3550, 1, 3, 0, 0, 0.43%, 0, 0, 1, 485.99
1606748712, 3553, 1, 3, 0, 0, 0.43%, 0, 0, 1, 442.50
1606748717, 3556, 0, 3, 0, 0, 0.43%, 0, 0, 1, 415.75
1606748722, 3559, 1, 3, 0, 0, 0.43%, 0, 0, 1, 478.11
1606748728, 3562, 1, 3, 0, 0, 0.43%, 0, 0, 1, 441.03
1606748733, 3565, 0, 3, 0, 0, 0.43%, 0, 0, 1, 426.97
1606748738, 3568, 0, 3, 0, 0, 0.43%, 0, 0, 1, 446.89
1606748743, 3571, 1, 3, 0, 0, 0.43%, 0, 0, 1, 474.87
1606748748, 3574, 1, 3, 0, 0, 0.43%, 0, 0, 1, 476.79
1606748753, 3577, 1, 3, 0, 0, 0.43%, 0, 0, 1, 445.82
1606748758, 3580, 1, 3, 0, 0, 0.43%, 0, 0, 1, 461.95
1606748763, 3583, 1, 3, 0, 0, 0.43%, 0, 0, 1, 438.83
1606748768, 3586, 1, 3, 0, 0, 0.43%, 0, 0, 1, 444.35
1606748773, 3589, 0, 3, 0, 0, 0.43%, 0, 0, 1, 419.52
1606748779, 3591, 2, 3, 0, 0, 0.43%, 0, 0, 1, 413.41
1606748784, 3594, 2, 3, 0, 0, 0.43%, 0, 0, 1, 413.75
1606748789, 3597, 1, 3, 0, 0, 0.43%, 0, 0, 1, 405.72
1606748794, 3600, 0, 3, 0, 0, 0.43%, 0, 0, 1, 426.06
1606748799, 3603, 0, 3, 0, 0, 0.43%, 0, 0, 1, 441.61
1606748804, 3605, 2, 3, 0, 0, 0.43%, 0, 0, 1, 417.63
1606748809, 3608, 2, 3, 0, 0, 0.43%, 0, 0, 1, 450.25
1606748814, 3611, 1, 3, 0, 0, 0.43%, 0, 0, 1, 424.09
1606748819, 3614, 1, 3, 0, 0, 0.43%, 0, 0, 1, 443.38
1606748824, 3617, 0, 3, 0, 0, 0.43%, 0, 0, 1, 418.21
1606748829, 3619, 2, 3, 0, 0, 0.43%, 0, 0, 1, 415.70
1606748834, 3622, 2, 3, 0, 0, 0.43%, 0, 0, 1, 418.26
1606748840, 3625, 2, 3, 0, 0, 0.43%, 0, 0, 1, 437.18
1606748845, 3628, 1, 3, 0, 0, 0.43%, 0, 0, 1, 406.34
1606748850, 3631, 0, 3, 0, 0, 0.43%, 0, 0, 1, 415.25
1606748855, 3633, 2, 3, 0, 0, 0.43%, 0, 0, 1, 409.05
1606748860, 3636, 1, 3, 0, 0, 0.43%, 0, 0, 1, 398.27
1606748865, 3639, 1, 3, 0, 0, 0.43%, 0, 0, 1, 430.79
1606748870, 3642, 0, 3, 0, 0, 0.43%, 0, 0, 1, 440.36
1606748875, 3645, 0, 3, 0, 0, 0.43%, 0, 0, 1, 443.81
1606748880, 3647, 2, 3, 0, 0, 0.43%, 0, 0, 1, 435.00
1606748885, 3650, 2, 3, 0, 0, 0.43%, 0, 0, 1, 414.42
1606748890, 3653, 0, 3, 0, 0, 0.43%, 0, 0, 1, 391.99
1606748895, 3655, 2, 3, 0, 0, 0.43%, 0, 0, 1, 403.94
1606748900, 3658, 2, 3, 0, 0, 0.43%, 0, 0, 1, 421.78
1606748905, 3661, 0, 3, 0, 0, 0.43%, 0, 0, 1, 401.34
1606748911, 3663, 2, 3, 0, 0, 0.43%, 0, 0, 1, 380.23
1606748916, 3666, 1, 3, 0, 0, 0.43%, 0, 0, 1, 398.22
1606748921, 3669, 1, 3, 0, 0, 0.43%, 0, 0, 1, 432.33
1606748926, 3671, 2, 3, 0, 0, 0.43%, 0, 0, 1, 390.57
1606748931, 3673, 2, 3, 0, 0, 0.43%, 0, 0, 1, 334.33
1606748936, 3677, 0, 3, 0, 0, 0.43%, 0, 0, 1, 431.93
1606748941, 3679, 2, 3, 0, 0, 0.43%, 0, 0, 1, 411.06
1606748946, 3682, 1, 3, 0, 0, 0.43%, 0, 0, 1, 423.48
1606748951, 3685, 0, 3, 0, 0, 0.43%, 0, 0, 1, 413.61
1606748956, 3687, 1, 3, 0, 0, 0.43%, 0, 0, 1, 390.07
1606748962, 3690, 1, 3, 0, 0, 0.43%, 0, 0, 1, 397.99
1606748967, 3693, 0, 3, 0, 0, 0.43%, 0, 0, 1, 414.70
1606748972, 3695, 2, 3, 0, 0, 0.43%, 0, 0, 1, 420.57
1606748977, 3698, 1, 3, 0, 0, 0.43%, 0, 0, 1, 418.64
1606748982, 3701, 0, 3, 0, 0, 0.43%, 0, 0, 1, 403.23
1606748987, 3703, 1, 3, 0, 0, 0.43%, 0, 0, 1, 386.05
1606748992, 3706, 0, 3, 0, 0, 0.43%, 0, 0, 1, 385.11
1606748997, 3708, 1, 3, 0, 0, 0.43%, 0, 0, 1, 359.53
1606749002, 3710, 2, 3, 0, 0, 0.43%, 0, 0, 1, 364.62
1606749007, 3713, 1, 3, 0, 0, 0.43%, 0, 0, 1, 383.17
1606749012, 3715, 2, 3, 0, 0, 0.43%, 0, 0, 1, 391.90
1606749017, 3718, 1, 3, 0, 0, 0.43%, 0, 0, 1, 389.50
1606749022, 3721, 0, 3, 0, 0, 0.43%, 0, 0, 1, 388.55
1606749028, 3723, 2, 3, 0, 0, 0.43%, 0, 0, 1, 385.80
1606749033, 3726, 0, 3, 0, 0, 0.43%, 0, 0, 1, 372.07
1606749038, 3728, 2, 3, 0, 0, 0.43%, 0, 0, 1, 386.47
1606749043, 3731, 1, 3, 0, 0, 0.43%, 0, 0, 1, 387.00
1606749048, 3734, 0, 3, 0, 0, 0.43%, 0, 0, 1, 381.36
1606749053, 3736, 1, 3, 0, 0, 0.43%, 0, 0, 1, 384.16
1606749058, 3739, 1, 3, 0, 0, 0.43%, 0, 0, 1, 421.90
1606749063, 3742, 0, 3, 0, 0, 0.43%, 0, 0, 1, 411.76
1606749068, 3744, 2, 3, 0, 0, 0.43%, 0, 0, 1, 417.04
1606749074, 3747, 2, 3, 0, 0, 0.43%, 0, 0, 1, 420.26
1606749079, 3750, 1, 3, 0, 0, 0.43%, 0, 0, 1, 415.23
1606749084, 3753, 0, 3, 0, 0, 0.43%, 0, 0, 1, 415.42
1606749089, 3755, 2, 3, 0, 0, 0.43%, 0, 0, 1, 403.96
1606749094, 3758, 2, 3, 0, 0, 0.43%, 0, 0, 1, 431.43
1606749099, 3761, 2, 3, 0, 0, 0.43%, 0, 0, 1, 435.06
1606749104, 3764, 1, 3, 0, 0, 0.43%, 0, 0, 1, 419.07
1606749109, 3767, 0, 3, 0, 0, 0.43%, 0, 0, 1, 422.67
1606749114, 3770, 0, 3, 0, 0, 0.43%, 0, 0, 1, 419.38
1606749119, 3772, 2, 3, 0, 0, 0.43%, 0, 0, 1, 418.94
1606749125, 3775, 2, 3, 0, 0, 0.43%, 0, 0, 1, 431.29
1606749130, 3778, 1, 3, 0, 0, 0.43%, 0, 0, 1, 421.27
1606749135, 3781, 0, 3, 0, 0, 0.43%, 0, 0, 1, 418.62
1606749140, 3784, 0, 3, 0, 0, 0.43%, 0, 0, 1, 401.32
1606749145, 3786, 2, 3, 0, 0, 0.43%, 0, 0, 1, 408.26
1606749150, 3789, 1, 3, 0, 0, 0.43%, 0, 0, 1, 417.49
1606749155, 3792, 0, 3, 0, 0, 0.43%, 0, 0, 1, 401.11
1606749160, 3794, 2, 3, 0, 0, 0.43%, 0, 0, 1, 416.17
1606749165, 3797, 2, 3, 0, 0, 0.43%, 0, 0, 1, 427.27
1606749170, 3800, 1, 3, 0, 0, 0.43%, 0, 0, 1, 422.97
1606749175, 3803, 0, 3, 0, 0, 0.43%, 0, 0, 1, 416.02
1606749181, 3805, 2, 3, 0, 0, 0.43%, 0, 0, 1, 425.23
1606749186, 3808, 2, 3, 0, 0, 0.43%, 0, 0, 1, 428.02
1606749191, 3811, 1, 3, 0, 0, 0.43%, 0, 0, 1, 421.33
1606749196, 3814, 1, 3, 0, 0, 0.43%, 0, 0, 1, 435.88
1606749201, 3817, 0, 3, 0, 0, 0.43%, 0, 0, 1, 414.99
1606749206, 3819, 2, 3, 0, 0, 0.43%, 0, 0, 1, 417.89
1606749211, 3822, 2, 3, 0, 0, 0.43%, 0, 0, 1, 413.85
1606749216, 3825, 1, 3, 0, 0, 0.43%, 0, 0, 1, 407.39
1606749221, 3828, 0, 3, 0, 0, 0.43%, 0, 0, 1, 419.21
1606749226, 3830, 2, 3, 0, 0, 0.43%, 0, 0, 1, 405.02
1606749231, 3833, 1, 3, 0, 0, 0.43%, 0, 0, 1, 391.36
1606749237, 3836, 0, 3, 0, 0, 0.43%, 0, 0, 1, 388.49
1606749242, 3838, 2, 3, 0, 0, 0.43%, 0, 0, 1, 379.30
1606749247, 3841, 1, 3, 0, 0, 0.43%, 0, 0, 1, 390.32
1606749252, 3844, 0, 3, 0, 0, 0.43%, 0, 0, 1, 408.32
1606749257, 3846, 2, 3, 0, 0, 0.43%, 0, 0, 1, 413.00
1606749262, 3849, 1, 3, 0, 0, 0.43%, 0, 0, 1, 423.30
1606749267, 3852, 1, 3, 0, 0, 0.43%, 0, 0, 1, 425.91
1606749273, 3855, 1, 3, 0, 0, 0.43%, 0, 0, 1, 424.52
1606749278, 3858, 0, 3, 0, 0, 0.43%, 0, 0, 1, 422.25
1606749283, 3861, 0, 3, 0, 0, 0.43%, 0, 0, 1, 432.64
1606749288, 3863, 2, 3, 0, 0, 0.43%, 0, 0, 1, 408.16
1606749293, 3866, 1, 3, 0, 0, 0.43%, 0, 0, 1, 413.48
1606749298, 3869, 1, 3, 0, 0, 0.43%, 0, 0, 1, 421.66
1606749303, 3872, 0, 3, 0, 0, 0.43%, 0, 0, 1, 401.30
1606749308, 3874, 2, 3, 0, 0, 0.43%, 0, 0, 1, 402.02
1606749313, 3877, 1, 3, 0, 0, 0.43%, 0, 0, 1, 407.84
1606749318, 3880, 0, 3, 0, 0, 0.43%, 0, 0, 1, 407.37
1606749324, 3882, 2, 3, 0, 0, 0.43%, 0, 0, 1, 415.53
1606749329, 3885, 2, 3, 0, 0, 0.43%, 0, 0, 1, 412.62
1606749334, 3888, 1, 3, 0, 0, 0.43%, 0, 0, 1, 410.35
