# unix_time, cycles_done, cur_path, paths_total, pending_total, pending_favs, map_size, unique_crashes, unique_hangs, max_depth, execs_per_sec
1606739510, 0, 0, 3, 3, 1, 0.43%, 0, 0, 1, 648.65
1606739515, 2, 2, 3, 0, 0, 0.43%, 0, 0, 1, 433.52
1606739520, 5, 0, 3, 0, 0, 0.43%, 0, 0, 1, 388.51
1606739526, 7, 2, 3, 0, 0, 0.43%, 0, 0, 1, 378.97
1606739531, 10, 0, 3, 0, 0, 0.43%, 0, 0, 1, 381.74
1606739536, 12, 2, 3, 0, 0, 0.43%, 0, 0, 1, 378.39
1606739541, 15, 0, 3, 0, 0, 0.43%, 0, 0, 1, 377.86
1606739546, 17, 2, 3, 0, 0, 0.43%, 0, 0, 1, 376.37
1606739551, 20, 1, 3, 0, 0, 0.43%, 0, 0, 1, 377.84
1606739557, 22, 2, 3, 0, 0, 0.43%, 0, 0, 1, 371.71
1606739562, 25, 1, 3, 0, 0, 0.43%, 0, 0, 1, 373.04
1606739567, 27, 2, 3, 0, 0, 0.43%, 0, 0, 1, 365.24
1606739572, 30, 0, 3, 0, 0, 0.43%, 0, 0, 1, 354.96
1606739577, 32, 1, 3, 0, 0, 0.43%, 0, 0, 1, 347.02
1606739582, 34, 2, 3, 0, 0, 0.43%, 0, 0, 1, 358.14
1606739587, 37, 0, 3, 0, 0, 0.43%, 0, 0, 1, 354.80
1606739592, 39, 2, 3, 0, 0, 0.43%, 0, 0, 1, 367.95
1606739597, 42, 0, 3, 0, 0, 0.43%, 0, 0, 1, 367.34
1606739603, 44, 1, 3, 0, 0, 0.43%, 0, 0, 1, 371.90
1606739608, 47, 0, 3, 0, 0, 0.43%, 0, 0, 1, 370.42
1606739613, 49, 2, 3, 0, 0, 0.43%, 0, 0, 1, 376.56
1606739618, 52, 0, 3, 0, 0, 0.43%, 0, 0, 1, 376.58
1606739623, 54, 2, 3, 0, 0, 0.43%, 0, 0, 1, 379.52
1606739628, 57, 0, 3, 0, 0, 0.43%, 0, 0, 1, 360.81
1606739634, 59, 1, 3, 0, 0, 0.43%, 0, 0, 1, 350.93
1606739639, 61, 1, 3, 0, 0, 0.43%, 0, 0, 1, 316.75
1606739644, 63, 2, 3, 0, 0, 0.43%, 0, 0, 1, 355.34
1606739649, 66, 0, 3, 0, 0, 0.43%, 0, 0, 1, 364.19
1606739654, 68, 2, 3, 0, 0, 0.43%, 0, 0, 1, 368.66
1606739659, 71, 0, 3, 0, 0, 0.43%, 0, 0, 1, 373.33
1606739664, 73, 2, 3, 0, 0, 0.43%, 0, 0, 1, 367.49
1606739669, 76, 0, 3, 0, 0, 0.43%, 0, 0, 1, 359.30
1606739674, 78, 1, 3, 0, 0, 0.43%, 0, 0, 1, 369.39
1606739680, 80, 2, 3, 0, 0, 0.43%, 0, 0, 1, 338.68
1606739685, 82, 2, 3, 0, 0, 0.43%, 0, 0, 1, 307.00
1606739690, 85, 0, 3, 0, 0, 0.43%, 0, 0, 1, 338.56
1606739695, 87, 1, 3, 0, 0, 0.43%, 0, 0, 1, 351.24
1606739700, 89, 2, 3, 0, 0, 0.43%, 0, 0, 1, 354.26
1606739705, 92, 0, 3, 0, 0, 0.43%, 0, 0, 1, 358.64
1606739710, 94, 1, 3, 0, 0, 0.43%, 0, 0, 1, 368.54
1606739715, 97, 0, 3, 0, 0, 0.43%, 0, 0, 1, 376.83
1606739720, 99, 1, 3, 0, 0, 0.43%, 0, 0, 1, 376.86
1606739725, 101, 2, 3, 0, 0, 0.43%, 0, 0, 1, 365.63
1606739730, 104, 1, 3, 0, 0, 0.43%, 0, 0, 1, 373.22
1606739736, 106, 2, 3, 0, 0, 0.43%, 0, 0, 1, 366.20
1606739741, 109, 1, 3, 0, 0, 0.43%, 0, 0, 1, 369.78
1606739746, 111, 2, 3, 0, 0, 0.43%, 0, 0, 1, 360.18
1606739751, 114, 0, 3, 0, 0, 0.43%, 0, 0, 1, 356.88
1606739756, 116, 1, 3, 0, 0, 0.43%, 0, 0, 1, 356.27
1606739761, 118, 2, 3, 0, 0, 0.43%, 0, 0, 1, 349.74
1606739766, 121, 0, 3, 0, 0, 0.43%, 0, 0, 1, 358.63
1606739771, 123, 1, 3, 0, 0, 0.43%, 0, 0, 1, 367.34
1606739776, 126, 0, 3, 0, 0, 0.43%, 0, 0, 1, 370.55
1606739782, 128, 1, 3, 0, 0, 0.43%, 0, 0, 1, 371.32
1606739787, 130, 2, 3, 0, 0, 0.43%, 0, 0, 1, 371.59
1606739792, 133, 1, 3, 0, 0, 0.43%, 0, 0, 1, 367.77
1606739797, 135, 2, 3, 0, 0, 0.43%, 0, 0, 1, 373.98
1606739802, 138, 1, 3, 0, 0, 0.43%, 0, 0, 1, 376.92
1606739807, 140, 2, 3, 0, 0, 0.43%, 0, 0, 1, 376.83
1606739812, 143, 1, 3, 0, 0, 0.43%, 0, 0, 1, 374.12
1606739817, 145, 2, 3, 0, 0, 0.43%, 0, 0, 1, 375.68
1606739823, 148, 1, 3, 0, 0, 0.43%, 0, 0, 1, 377.45
1606739828, 151, 0, 3, 0, 0, 0.43%, 0, 0, 1, 375.10
1606739833, 153, 1, 3, 0, 0, 0.43%, 0, 0, 1, 375.70
1606739838, 156, 0, 3, 0, 0, 0.43%, 0, 0, 1, 378.42
1606739843, 158, 2, 3, 0, 0, 0.43%, 0, 0, 1, 377.84
1606739848, 161, 0, 3, 0, 0, 0.43%, 0, 0, 1, 376.07
1606739854, 163, 2, 3, 0, 0, 0.43%, 0, 0, 1, 376.45
1606739859, 166, 0, 3, 0, 0, 0.43%, 0, 0, 1, 378.06
1606739864, 168, 2, 3, 0, 0, 0.43%, 0, 0, 1, 378.63
1606739869, 171, 0, 3, 0, 0, 0.43%, 0, 0, 1, 361.53
1606739874, 173, 1, 3, 0, 0, 0.43%, 0, 0, 1, 371.27
1606739879, 176, 0, 3, 0, 0, 0.43%, 0, 0, 1, 378.79
1606739884, 178, 2, 3, 0, 0, 0.43%, 0, 0, 1, 379.93
1606739889, 181, 0, 3, 0, 0, 0.43%, 0, 0, 1, 378.81
1606739895, 183, 2, 3, 0, 0, 0.43%, 0, 0, 1, 368.96
1606739900, 186, 0, 3, 0, 0, 0.43%, 0, 0, 1, 371.42
1606739905, 188, 2, 3, 0, 0, 0.43%, 0, 0, 1, 370.21
1606739910, 191, 0, 3, 0, 0, 0.43%, 0, 0, 1, 374.92
1606739915, 193, 2, 3, 0, 0, 0.43%, 0, 0, 1, 364.99
1606739920, 196, 0, 3, 0, 0, 0.43%, 0, 0, 1, 358.33
1606739925, 198, 1, 3, 0, 0, 0.43%, 0, 0, 1, 363.52
1606739930, 200, 2, 3, 0, 0, 0.43%, 0, 0, 1, 365.73
1606739935, 203, 0, 3, 0, 0, 0.43%, 0, 0, 1, 355.13
1606739940, 205, 1, 3, 0, 0, 0.43%, 0, 0, 1, 360.62
1606739945, 207, 1, 3, 0, 0, 0.43%, 0, 0, 1, 338.63
1606739950, 209, 2, 3, 0, 0, 0.43%, 0, 0, 1, 357.17
1606739956, 212, 1, 3, 0, 0, 0.43%, 0, 0, 1, 368.50
1606739961, 214, 2, 3, 0, 0, 0.43%, 0, 0, 1, 375.93
1606739966, 217, 1, 3, 0, 0, 0.43%, 0, 0, 1, 376.75
1606739971, 219, 2, 3, 0, 0, 0.43%, 0, 0, 1, 368.12
1606739976, 222, 1, 3, 0, 0, 0.43%, 0, 0, 1, 374.69
1606739981, 224, 2, 3, 0, 0, 0.43%, 0, 0, 1, 370.05
1606739986, 227, 1, 3, 0, 0, 0.43%, 0, 0, 1, 370.49
1606739992, 229, 2, 3, 0, 0, 0.43%, 0, 0, 1, 369.23
1606739997, 232, 0, 3, 0, 0, 0.43%, 0, 0, 1, 368.35
1606740002, 234, 2, 3, 0, 0, 0.43%, 0, 0, 1, 366.77
1606740007, 236, 2, 3, 0, 0, 0.43%, 0, 0, 1, 331.61
1606740012, 239, 0, 3, 0, 0, 0.43%, 0, 0, 1, 344.12
1606740017, 241, 1, 3, 0, 0, 0.43%, 0, 0, 1, 353.83
1606740022, 243, 2, 3, 0, 0, 0.43%, 0, 0, 1, 370.30
1606740027, 246, 1, 3, 0, 0, 0.43%, 0, 0, 1, 364.37
1606740032, 248, 2, 3, 0, 0, 0.43%, 0, 0, 1, 361.42
1606740037, 251, 0, 3, 0, 0, 0.43%, 0, 0, 1, 363.44
1606740043, 253, 2, 3, 0, 0, 0.43%, 0, 0, 1, 366.60
1606740048, 256, 0, 3, 0, 0, 0.43%, 0, 0, 1, 354.33
1606740053, 258, 1, 3, 0, 0, 0.43%, 0, 0, 1, 367.94
1606740058, 260, 2, 3, 0, 0, 0.43%, 0, 0, 1, 371.62
1606740063, 263, 0, 3, 0, 0, 0.43%, 0, 0, 1, 359.98
1606740068, 265, 2, 3, 0, 0, 0.43%, 0, 0, 1, 372.63
1606740073, 268, 1, 3, 0, 0, 0.43%, 0, 0, 1, 371.45
1606740078, 270, 2, 3, 0, 0, 0.43%, 0, 0, 1, 369.97
1606740083, 273, 1, 3, 0, 0, 0.43%, 0, 0, 1, 368.67
1606740089, 275, 2, 3, 0, 0, 0.43%, 0, 0, 1, 367.23
1606740094, 278, 0, 3, 0, 0, 0.43%, 0, 0, 1, 366.35
1606740099, 280, 2, 3, 0, 0, 0.43%, 0, 0, 1, 375.79
1606740104, 283, 1, 3, 0, 0, 0.43%, 0, 0, 1, 369.35
1606740109, 285, 2, 3, 0, 0, 0.43%, 0, 0, 1, 374.04
1606740114, 288, 0, 3, 0, 0, 0.43%, 0, 0, 1, 366.38
1606740120, 290, 2, 3, 0, 0, 0.43%, 0, 0, 1, 370.17
1606740125, 293, 0, 3, 0, 0, 0.43%, 0, 0, 1, 375.33
1606740130, 295, 2, 3, 0, 0, 0.43%, 0, 0, 1, 366.83
1606740135, 298, 0, 3, 0, 0, 0.43%, 0, 0, 1, 359.66
1606740140, 300, 1, 3, 0, 0, 0.43%, 0, 0, 1, 362.93
1606740145, 303, 0, 3, 0, 0, 0.43%, 0, 0, 1, 367.90
1606740150, 305, 1, 3, 0, 0, 0.43%, 0, 0, 1, 361.40
1606740156, 307, 2, 3, 0, 0, 0.43%, 0, 0, 1, 357.55
1606740161, 310, 0, 3, 0, 0, 0.43%, 0, 0, 1, 360.37
1606740166, 312, 2, 3, 0, 0, 0.43%, 0, 0, 1, 360.93
1606740171, 315, 0, 3, 0, 0, 0.43%, 0, 0, 1, 363.63
1606740176, 317, 1, 3, 0, 0, 0.43%, 0, 0, 1, 354.00
1606740181, 319, 1, 3, 0, 0, 0.43%, 0, 0, 1, 299.61
1606740186, 321, 1, 3, 0, 0, 0.43%, 0, 0, 1, 341.97
1606740191, 324, 0, 3, 0, 0, 0.43%, 0, 0, 1, 369.56
1606740196, 326, 1, 3, 0, 0, 0.43%, 0, 0, 1, 368.72
1606740201, 329, 0, 3, 0, 0, 0.43%, 0, 0, 1, 372.07
1606740207, 331, 1, 3, 0, 0, 0.43%, 0, 0, 1, 373.66
1606740212, 334, 0, 3, 0, 0, 0.43%, 0, 0, 1, 362.99
1606740217, 336, 1, 3, 0, 0, 0.43%, 0, 0, 1, 371.92
1606740222, 338, 2, 3, 0, 0, 0.43%, 0, 0, 1, 369.24
1606740227, 341, 1, 3, 0, 0, 0.43%, 0, 0, 1, 377.57
1606740232, 343, 2, 3, 0, 0, 0.43%, 0, 0, 1, 375.90
1606740237, 346, 1, 3, 0, 0, 0.43%, 0, 0, 1, 376.78
1606740243, 349, 0, 3, 0, 0, 0.43%, 0, 0, 1, 376.05
1606740248, 351, 1, 3, 0, 0, 0.43%, 0, 0, 1, 375.74
1606740253, 353, 2, 3, 0, 0, 0.43%, 0, 0, 1, 356.24
1606740258, 356, 1, 3, 0, 0, 0.43%, 0, 0, 1, 369.68
1606740263, 358, 2, 3, 0, 0, 0.43%, 0, 0, 1, 372.38
1606740268, 361, 0, 3, 0, 0, 0.43%, 0, 0, 1, 344.33
1606740273, 363, 1, 3, 0, 0, 0.43%, 0, 0, 1, 333.96
1606740278, 365, 2, 3, 0, 0, 0.43%, 0, 0, 1, 349.58
1606740283, 367, 2, 3, 0, 0, 0.43%, 0, 0, 1, 352.99
1606740288, 370, 1, 3, 0, 0, 0.43%, 0, 0, 1, 371.84
1606740293, 372, 2, 3, 0, 0, 0.43%, 0, 0, 1, 368.38
1606740299, 375, 1, 3, 0, 0, 0.43%, 0, 0, 1, 370.71
1606740304, 377, 2, 3, 0, 0, 0.43%, 0, 0, 1, 349.15
1606740309, 379, 2, 3, 0, 0, 0.43%, 0, 0, 1, 344.77
1606740314, 382, 0, 3, 0, 0, 0.43%, 0, 0, 1, 343.09
1606740319, 384, 0, 3, 0, 0, 0.43%, 0, 0, 1, 332.01
1606740324, 386, 2, 3, 0, 0, 0.43%, 0, 0, 1, 363.48
1606740329, 389, 0, 3, 0, 0, 0.43%, 0, 0, 1, 371.50
1606740334, 391, 1, 3, 0, 0, 0.43%, 0, 0, 1, 358.24
1606740339, 393, 2, 3, 0, 0, 0.43%, 0, 0, 1, 356.67
1606740344, 396, 1, 3, 0, 0, 0.43%, 0, 0, 1, 371.16
1606740349, 398, 2, 3, 0, 0, 0.43%, 0, 0, 1, 365.57
1606740354, 401, 0, 3, 0, 0, 0.43%, 0, 0, 1, 362.29
1606740360, 403, 2, 3, 0, 0, 0.43%, 0, 0, 1, 370.01
1606740365, 406, 0, 3, 0, 0, 0.43%, 0, 0, 1, 356.59
1606740370, 408, 2, 3, 0, 0, 0.43%, 0, 0, 1, 371.85
1606740375, 411, 0, 3, 0, 0, 0.43%, 0, 0, 1, 363.67
1606740380, 413, 1, 3, 0, 0, 0.43%, 0, 0, 1, 365.97
1606740385, 415, 2, 3, 0, 0, 0.43%, 0, 0, 1, 366.32
1606740390, 418, 1, 3, 0, 0, 0.43%, 0, 0, 1, 365.69
1606740395, 420, 2, 3, 0, 0, 0.43%, 0, 0, 1, 371.39
1606740400, 423, 0, 3, 0, 0, 0.43%, 0, 0, 1, 363.81
1606740405, 425, 1, 3, 0, 0, 0.43%, 0, 0, 1, 356.29
1606740410, 427, 2, 3, 0, 0, 0.43%, 0, 0, 1, 352.63
1606740416, 430, 0, 3, 0, 0, 0.43%, 0, 0, 1, 355.49
1606740421, 432, 1, 3, 0, 0, 0.43%, 0, 0, 1, 350.76
1606740426, 434, 2, 3, 0, 0, 0.43%, 0, 0, 1, 362.04
1606740431, 437, 0, 3, 0, 0, 0.43%, 0, 0, 1, 360.67
1606740436, 439, 2, 3, 0, 0, 0.43%, 0, 0, 1, 370.71
1606740441, 442, 0, 3, 0, 0, 0.43%, 0, 0, 1, 376.92
1606740446, 444, 2, 3, 0, 0, 0.43%, 0, 0, 1, 377.02
1606740452, 447, 0, 3, 0, 0, 0.43%, 0, 0, 1, 361.42
1606740457, 449, 2, 3, 0, 0, 0.43%, 0, 0, 1, 370.81
1606740462, 452, 0, 3, 0, 0, 0.43%, 0, 0, 1, 361.66
1606740467, 454, 2, 3, 0, 0, 0.43%, 0, 0, 1, 365.05
1606740472, 457, 0, 3, 0, 0, 0.43%, 0, 0, 1, 375.37
1606740478, 459, 2, 3, 0, 0, 0.43%, 0, 0, 1, 364.83
1606740483, 462, 0, 3, 0, 0, 0.43%, 0, 0, 1, 371.44
1606740488, 464, 2, 3, 0, 0, 0.43%, 0, 0, 1, 372.79
1606740493, 467, 0, 3, 0, 0, 0.43%, 0, 0, 1, 375.78
1606740498, 469, 2, 3, 0, 0, 0.43%, 0, 0, 1, 375.86
1606740503, 472, 0, 3, 0, 0, 0.43%, 0, 0, 1, 372.70
1606740508, 474, 1, 3, 0, 0, 0.43%, 0, 0, 1, 366.52
1606740513, 476, 2, 3, 0, 0, 0.43%, 0, 0, 1, 362.55
1606740519, 479, 1, 3, 0, 0, 0.43%, 0, 0, 1, 367.16
1606740524, 481, 2, 3, 0, 0, 0.43%, 0, 0, 1, 363.44
1606740529, 484, 0, 3, 0, 0, 0.43%, 0, 0, 1, 358.75
1606740534, 486, 1, 3, 0, 0, 0.43%, 0, 0, 1, 366.09
1606740539, 489, 0, 3, 0, 0, 0.43%, 0, 0, 1, 370.96
1606740544, 491, 1, 3, 0, 0, 0.43%, 0, 0, 1, 354.14
1606740549, 493, 2, 3, 0, 0, 0.43%, 0, 0, 1, 367.34
1606740554, 496, 0, 3, 0, 0, 0.43%, 0, 0, 1, 357.43
1606740559, 498, 2, 3, 0, 0, 0.43%, 0, 0, 1, 365.78
1606740564, 501, 0, 3, 0, 0, 0.43%, 0, 0, 1, 365.31
1606740569, 503, 1, 3, 0, 0, 0.43%, 0, 0, 1, 354.31
1606740574, 505, 2, 3, 0, 0, 0.43%, 0, 0, 1, 360.95
1606740579, 508, 0, 3, 0, 0, 0.43%, 0, 0, 1, 366.58
1606740585, 510, 1, 3, 0, 0, 0.43%, 0, 0, 1, 363.57
1606740590, 513, 0, 3, 0, 0, 0.43%, 0, 0, 1, 365.68
1606740595, 515, 1, 3, 0, 0, 0.43%, 0, 0, 1, 373.92
1606740600, 518, 0, 3, 0, 0, 0.43%, 0, 0, 1, 376.47
1606740605, 520, 1, 3, 0, 0, 0.43%, 0, 0, 1, 375.54
1606740610, 523, 0, 3, 0, 0, 0.43%, 0, 0, 1, 368.17
1606740615, 525, 1, 3, 0, 0, 0.43%, 0, 0, 1, 369.48
1606740620, 527, 2, 3, 0, 0, 0.43%, 0, 0, 1, 370.62
1606740626, 530, 1, 3, 0, 0, 0.43%, 0, 0, 1, 370.86
1606740631, 532, 2, 3, 0, 0, 0.43%, 0, 0, 1, 368.66
1606740636, 535, 0, 3, 0, 0, 0.43%, 0, 0, 1, 366.50
1606740641, 537, 2, 3, 0, 0, 0.43%, 0, 0, 1, 367.08
1606740646, 540, 0, 3, 0, 0, 0.43%, 0, 0, 1, 371.89
1606740651, 542, 1, 3, 0, 0, 0.43%, 0, 0, 1, 368.06
1606740656, 544, 2, 3, 0, 0, 0.43%, 0, 0, 1, 364.16
1606740661, 547, 1, 3, 0, 0, 0.43%, 0, 0, 1, 370.14
1606740666, 549, 2, 3, 0, 0, 0.43%, 0, 0, 1, 369.18
1606740671, 552, 0, 3, 0, 0, 0.43%, 0, 0, 1, 368.70
1606740676, 554, 2, 3, 0, 0, 0.43%, 0, 0, 1, 366.42
1606740682, 557, 0, 3, 0, 0, 0.43%, 0, 0, 1, 366.64
1606740687, 559, 2, 3, 0, 0, 0.43%, 0, 0, 1, 375.48
1606740692, 562, 0, 3, 0, 0, 0.43%, 0, 0, 1, 370.89
1606740697, 564, 2, 3, 0, 0, 0.43%, 0, 0, 1, 368.12
1606740702, 567, 0, 3, 0, 0, 0.43%, 0, 0, 1, 370.99
1606740707, 569, 2, 3, 0, 0, 0.43%, 0, 0, 1, 367.75
1606740713, 572, 0, 3, 0, 0, 0.43%, 0, 0, 1, 371.42
1606740718, 574, 1, 3, 0, 0, 0.43%, 0, 0, 1, 369.80
1606740723, 576, 2, 3, 0, 0, 0.43%, 0, 0, 1, 362.76
1606740728, 579, 1, 3, 0, 0, 0.43%, 0, 0, 1, 374.59
1606740733, 582, 0, 3, 0, 0, 0.43%, 0, 0, 1, 377.61
1606740738, 584, 1, 3, 0, 0, 0.43%, 0, 0, 1, 377.94
1606740743, 587, 0, 3, 0, 0, 0.43%, 0, 0, 1, 378.69
1606740748, 589, 1, 3, 0, 0, 0.43%, 0, 0, 1, 372.13
1606740754, 592, 0, 3, 0, 0, 0.43%, 0, 0, 1, 376.33
1606740759, 594, 2, 3, 0, 0, 0.43%, 0, 0, 1, 378.10
1606740764, 597, 0, 3, 0, 0, 0.43%, 0, 0, 1, 372.77
1606740769, 599, 2, 3, 0, 0, 0.43%, 0, 0, 1, 373.91
1606740774, 602, 0, 3, 0, 0, 0.43%, 0, 0, 1, 371.33
1606740779, 604, 1, 3, 0, 0, 0.43%, 0, 0, 1, 368.72
1606740784, 607, 0, 3, 0, 0, 0.43%, 0, 0, 1, 378.63
1606740790, 609, 2, 3, 0, 0, 0.43%, 0, 0, 1, 373.88
1606740795, 612, 0, 3, 0, 0, 0.43%, 0, 0, 1, 364.55
1606740800, 614, 1, 3, 0, 0, 0.43%, 0, 0, 1, 367.55
1606740805, 616, 2, 3, 0, 0, 0.43%, 0, 0, 1, 369.10
1606740810, 619, 1, 3, 0, 0, 0.43%, 0, 0, 1, 371.90
1606740815, 621, 2, 3, 0, 0, 0.43%, 0, 0, 1, 366.60
1606740820, 624, 1, 3, 0, 0, 0.43%, 0, 0, 1, 367.97
1606740826, 626, 2, 3, 0, 0, 0.43%, 0, 0, 1, 373.84
1606740831, 629, 1, 3, 0, 0, 0.43%, 0, 0, 1, 360.12
1606740836, 631, 2, 3, 0, 0, 0.43%, 0, 0, 1, 371.17
1606740841, 634, 1, 3, 0, 0, 0.43%, 0, 0, 1, 372.62
1606740846, 636, 2, 3, 0, 0, 0.43%, 0, 0, 1, 363.52
1606740851, 639, 0, 3, 0, 0, 0.43%, 0, 0, 1, 353.36
1606740856, 641, 1, 3, 0, 0, 0.43%, 0, 0, 1, 364.81
1606740861, 643, 2, 3, 0, 0, 0.43%, 0, 0, 1, 368.94
1606740866, 646, 0, 3, 0, 0, 0.43%, 0, 0, 1, 357.42
1606740871, 648, 1, 3, 0, 0, 0.43%, 0, 0, 1, 357.65
1606740877, 651, 0, 3, 0, 0, 0.43%, 0, 0, 1, 354.85
1606740882, 653, 0, 3, 0, 0, 0.43%, 0, 0, 1, 341.79
1606740887, 655, 1, 3, 0, 0, 0.43%, 0, 0, 1, 348.88
1606740892, 658, 0, 3, 0, 0, 0.43%, 0, 0, 1, 355.89
1606740897, 660, 1, 3, 0, 0, 0.43%, 0, 0, 1, 360.22
1606740902, 662, 2, 3, 0, 0, 0.43%, 0, 0, 1, 361.11
1606740907, 665, 0, 3, 0, 0, 0.43%, 0, 0, 1, 362.31
1606740912, 667, 1, 3, 0, 0, 0.43%, 0, 0, 1, 353.27
1606740917, 669, 2, 3, 0, 0, 0.43%, 0, 0, 1, 356.85
1606740922, 672, 0, 3, 0, 0, 0.43%, 0, 0, 1, 361.11
1606740927, 674, 1, 3, 0, 0, 0.43%, 0, 0, 1, 363.65
1606740933, 677, 0, 3, 0, 0, 0.43%, 0, 0, 1, 373.34
1606740938, 679, 1, 3, 0, 0, 0.43%, 0, 0, 1, 375.84
1606740943, 682, 0, 3, 0, 0, 0.43%, 0, 0, 1, 377.00
1606740948, 684, 2, 3, 0, 0, 0.43%, 0, 0, 1, 377.51
1606740953, 687, 0, 3, 0, 0, 0.43%, 0, 0, 1, 377.11
1606740958, 689, 2, 3, 0, 0, 0.43%, 0, 0, 1, 377.30
1606740964, 692, 0, 3, 0, 0, 0.43%, 0, 0, 1, 366.15
1606740969, 694, 1, 3, 0, 0, 0.43%, 0, 0, 1, 353.73
1606740974, 697, 0, 3, 0, 0, 0.43%, 0, 0, 1, 367.45
1606740979, 699, 1, 3, 0, 0, 0.43%, 0, 0, 1, 368.67
1606740984, 701, 2, 3, 0, 0, 0.43%, 0, 0, 1, 370.72
1606740989, 704, 0, 3, 0, 0, 0.43%, 0, 0, 1, 364.20
1606740994, 706, 1, 3, 0, 0, 0.43%, 0, 0, 1, 353.90
1606740999, 708, 2, 3, 0, 0, 0.43%, 0, 0, 1, 354.68
1606741004, 711, 0, 3, 0, 0, 0.43%, 0, 0, 1, 350.06
1606741009, 713, 1, 3, 0, 0, 0.43%, 0, 0, 1, 343.24
1606741014, 715, 1, 3, 0, 0, 0.43%, 0, 0, 1, 343.32
1606741019, 717, 2, 3, 0, 0, 0.43%, 0, 0, 1, 347.73
1606741024, 720, 0, 3, 0, 0, 0.43%, 0, 0, 1, 349.41
1606741029, 722, 1, 3, 0, 0, 0.43%, 0, 0, 1, 346.97
1606741034, 724, 2, 3, 0, 0, 0.43%, 0, 0, 1, 346.71
1606741039, 727, 0, 3, 0, 0, 0.43%, 0, 0, 1, 356.04
1606741044, 729, 1, 3, 0, 0, 0.43%, 0, 0, 1, 352.01
1606741049, 731, 2, 3, 0, 0, 0.43%, 0, 0, 1, 351.07
1606741054, 734, 0, 3, 0, 0, 0.43%, 0, 0, 1, 343.32
1606741059, 736, 0, 3, 0, 0, 0.43%, 0, 0, 1, 348.04
1606741065, 738, 2, 3, 0, 0, 0.43%, 0, 0, 1, 352.27
1606741070, 741, 0, 3, 0, 0, 0.43%, 0, 0, 1, 355.73
1606741075, 743, 1, 3, 0, 0, 0.43%, 0, 0, 1, 361.47
1606741080, 745, 2, 3, 0, 0, 0.43%, 0, 0, 1, 371.66
1606741085, 748, 1, 3, 0, 0, 0.43%, 0, 0, 1, 374.64
1606741090, 750, 2, 3, 0, 0, 0.43%, 0, 0, 1, 366.06
1606741095, 753, 1, 3, 0, 0, 0.43%, 0, 0, 1, 374.06
1606741101, 756, 0, 3, 0, 0, 0.43%, 0, 0, 1, 373.99
1606741106, 758, 1, 3, 0, 0, 0.43%, 0, 0, 1, 373.91
1606741111, 761, 0, 3, 0, 0, 0.43%, 0, 0, 1, 374.83
1606741116, 763, 1, 3, 0, 0, 0.43%, 0, 0, 1, 375.72
1606741121, 765, 2, 3, 0, 0, 0.43%, 0, 0, 1, 359.39
1606741126, 768, 0, 3, 0, 0, 0.43%, 0, 0, 1, 358.65
1606741131, 770, 2, 3, 0, 0, 0.43%, 0, 0, 1, 372.89
1606741136, 773, 0, 3, 0, 0, 0.43%, 0, 0, 1, 366.62
1606741141, 775, 1, 3, 0, 0, 0.43%, 0, 0, 1, 361.20
1606741146, 777, 2, 3, 0, 0, 0.43%, 0, 0, 1, 368.35
1606741152, 780, 1, 3, 0, 0, 0.43%, 0, 0, 1, 360.04
1606741157, 782, 2, 3, 0, 0, 0.43%, 0, 0, 1, 361.67
1606741162, 785, 0, 3, 0, 0, 0.43%, 0, 0, 1, 361.36
1606741167, 787, 1, 3, 0, 0, 0.43%, 0, 0, 1, 366.79
1606741172, 790, 0, 3, 0, 0, 0.43%, 0, 0, 1, 373.33
1606741177, 792, 1, 3, 0, 0, 0.43%, 0, 0, 1, 373.77
1606741182, 795, 0, 3, 0, 0, 0.43%, 0, 0, 1, 372.83
1606741187, 797, 1, 3, 0, 0, 0.43%, 0, 0, 1, 362.52
1606741192, 799, 2, 3, 0, 0, 0.43%, 0, 0, 1, 353.58
1606741197, 802, 0, 3, 0, 0, 0.43%, 0, 0, 1, 357.77
1606741202, 804, 1, 3, 0, 0, 0.43%, 0, 0, 1, 370.56
1606741208, 807, 0, 3, 0, 0, 0.43%, 0, 0, 1, 371.74
1606741213, 809, 1, 3, 0, 0, 0.43%, 0, 0, 1, 361.01
1606741218, 811, 2, 3, 0, 0, 0.43%, 0, 0, 1, 360.01
1606741223, 814, 0, 3, 0, 0, 0.43%, 0, 0, 1, 358.15
1606741228, 816, 1, 3, 0, 0, 0.43%, 0, 0, 1, 352.50
1606741233, 818, 2, 3, 0, 0, 0.43%, 0, 0, 1, 364.89
1606741238, 821, 0, 3, 0, 0, 0.43%, 0, 0, 1, 362.57
1606741243, 823, 1, 3, 0, 0, 0.43%, 0, 0, 1, 367.07
1606741248, 826, 0, 3, 0, 0, 0.43%, 0, 0, 1, 364.06
1606741253, 828, 1, 3, 0, 0, 0.43%, 0, 0, 1, 367.77
1606741258, 830, 2, 3, 0, 0, 0.43%, 0, 0, 1, 361.88
1606741263, 833, 0, 3, 0, 0, 0.43%, 0, 0, 1, 366.00
1606741268, 835, 1, 3, 0, 0, 0.43%, 0, 0, 1, 363.69
1606741273, 837, 2, 3, 0, 0, 0.43%, 0, 0, 1, 350.85
1606741278, 840, 0, 3, 0, 0, 0.43%, 0, 0, 1, 351.12
1606741283, 842, 1, 3, 0, 0, 0.43%, 0, 0, 1, 352.49
1606741288, 845, 0, 3, 0, 0, 0.43%, 0, 0, 1, 364.10
1606741293, 847, 0, 3, 0, 0, 0.43%, 0, 0, 1, 341.52
1606741298, 849, 1, 3, 0, 0, 0.43%, 0, 0, 1, 361.81
1606741304, 852, 0, 3, 0, 0, 0.43%, 0, 0, 1, 371.79
1606741309, 854, 2, 3, 0, 0, 0.43%, 0, 0, 1, 374.96
1606741314, 857, 0, 3, 0, 0, 0.43%, 0, 0, 1, 376.15
1606741319, 859, 2, 3, 0, 0, 0.43%, 0, 0, 1, 371.61
1606741324, 862, 0, 3, 0, 0, 0.43%, 0, 0, 1, 363.05
1606741329, 864, 1, 3, 0, 0, 0.43%, 0, 0, 1, 367.57
1606741334, 866, 2, 3, 0, 0, 0.43%, 0, 0, 1, 360.05
1606741339, 869, 0, 3, 0, 0, 0.43%, 0, 0, 1, 359.05
1606741344, 871, 1, 3, 0, 0, 0.43%, 0, 0, 1, 354.85
1606741350, 873, 2, 3, 0, 0, 0.43%, 0, 0, 1, 338.88
1606741355, 876, 0, 3, 0, 0, 0.43%, 0, 0, 1, 340.73
1606741360, 878, 1, 3, 0, 0, 0.43%, 0, 0, 1, 347.40
1606741365, 880, 2, 3, 0, 0, 0.43%, 0, 0, 1, 351.03
1606741370, 883, 0, 3, 0, 0, 0.43%, 0, 0, 1, 354.53
1606741375, 885, 1, 3, 0, 0, 0.43%, 0, 0, 1, 356.28
1606741380, 887, 2, 3, 0, 0, 0.43%, 0, 0, 1, 356.94
1606741385, 890, 0, 3, 0, 0, 0.43%, 0, 0, 1, 356.31
1606741390, 892, 1, 3, 0, 0, 0.43%, 0, 0, 1, 357.88
1606741395, 894, 2, 3, 0, 0, 0.43%, 0, 0, 1, 355.06
1606741401, 897, 0, 3, 0, 0, 0.43%, 0, 0, 1, 356.22
1606741406, 899, 1, 3, 0, 0, 0.43%, 0, 0, 1, 357.89
1606741411, 901, 2, 3, 0, 0, 0.43%, 0, 0, 1, 356.12
1606741416, 904, 0, 3, 0, 0, 0.43%, 0, 0, 1, 353.70
1606741421, 906, 1, 3, 0, 0, 0.43%, 0, 0, 1, 355.00
1606741426, 908, 2, 3, 0, 0, 0.43%, 0, 0, 1, 351.32
1606741431, 911, 0, 3, 0, 0, 0.43%, 0, 0, 1, 355.90
1606741436, 913, 1, 3, 0, 0, 0.43%, 0, 0, 1, 353.64
1606741441, 916, 0, 3, 0, 0, 0.43%, 0, 0, 1, 356.83
1606741446, 918, 1, 3, 0, 0, 0.43%, 0, 0, 1, 358.39
1606741451, 920, 2, 3, 0, 0, 0.43%, 0, 0, 1, 356.01
1606741456, 922, 2, 3, 0, 0, 0.43%, 0, 0, 1, 345.21
1606741461, 925, 0, 3, 0, 0, 0.43%, 0, 0, 1, 353.73
1606741466, 927, 1, 3, 0, 0, 0.43%, 0, 0, 1, 354.48
1606741471, 929, 2, 3, 0, 0, 0.43%, 0, 0, 1, 358.26
1606741476, 932, 0, 3, 0, 0, 0.43%, 0, 0, 1, 355.91
1606741481, 934, 1, 3, 0, 0, 0.43%, 0, 0, 1, 354.82
1606741486, 936, 2, 3, 0, 0, 0.43%, 0, 0, 1, 338.28
1606741491, 939, 0, 3, 0, 0, 0.43%, 0, 0, 1, 351.75
1606741496, 941, 1, 3, 0, 0, 0.43%, 0, 0, 1, 341.38
1606741501, 943, 2, 3, 0, 0, 0.43%, 0, 0, 1, 347.88
1606741506, 946, 0, 3, 0, 0, 0.43%, 0, 0, 1, 354.45
1606741512, 948, 1, 3, 0, 0, 0.43%, 0, 0, 1, 357.33
1606741517, 950, 1, 3, 0, 0, 0.43%, 0, 0, 1, 350.59
1606741522, 952, 2, 3, 0, 0, 0.43%, 0, 0, 1, 356.92
1606741527, 955, 1, 3, 0, 0, 0.43%, 0, 0, 1, 357.36
1606741532, 957, 2, 3, 0, 0, 0.43%, 0, 0, 1, 354.07
1606741537, 959, 2, 3, 0, 0, 0.43%, 0, 0, 1, 337.29
1606741542, 962, 0, 3, 0, 0, 0.43%, 0, 0, 1, 321.21
1606741547, 964, 0, 3, 0, 0, 0.43%, 0, 0, 1, 322.69
1606741552, 966, 1, 3, 0, 0, 0.43%, 0, 0, 1, 341.38
1606741557, 968, 2, 3, 0, 0, 0.43%, 0, 0, 1, 349.84
1606741562, 971, 0, 3, 0, 0, 0.43%, 0, 0, 1, 354.20
1606741567, 973, 0, 3, 0, 0, 0.43%, 0, 0, 1, 342.58
1606741572, 975, 1, 3, 0, 0, 0.43%, 0, 0, 1, 312.46
1606741577, 977, 0, 3, 0, 0, 0.43%, 0, 0, 1, 273.59
1606741582, 978, 2, 3, 0, 0, 0.43%, 0, 0, 1, 264.83
1606741587, 980, 1, 3, 0, 0, 0.43%, 0, 0, 1, 273.81
1606741592, 982, 2, 3, 0, 0, 0.43%, 0, 0, 1, 316.81
1606741598, 984, 2, 3, 0, 0, 0.43%, 0, 0, 1, 331.40
1606741603, 987, 0, 3, 0, 0, 0.43%, 0, 0, 1, 334.68
1606741608, 989, 1, 3, 0, 0, 0.43%, 0, 0, 1, 344.39
1606741613, 991, 2, 3, 0, 0, 0.43%, 0, 0, 1, 334.10
1606741618, 993, 2, 3, 0, 0, 0.43%, 0, 0, 1, 330.65
1606741623, 996, 0, 3, 0, 0, 0.43%, 0, 0, 1, 336.86
1606741628, 998, 1, 3, 0, 0, 0.43%, 0, 0, 1, 343.44
1606741634, 1000, 2, 3, 0, 0, 0.43%, 0, 0, 1, 331.65
1606741639, 1002, 2, 3, 0, 0, 0.43%, 0, 0, 1, 338.27
1606741644, 1005, 0, 3, 0, 0, 0.43%, 0, 0, 1, 324.19
1606741649, 1007, 1, 3, 0, 0, 0.43%, 0, 0, 1, 339.25
1606741654, 1009, 1, 3, 0, 0, 0.43%, 0, 0, 1, 299.57
1606741659, 1011, 0, 3, 0, 0, 0.43%, 0, 0, 1, 270.89
1606741664, 1013, 1, 3, 0, 0, 0.43%, 0, 0, 1, 332.75
1606741669, 1015, 2, 3, 0, 0, 0.43%, 0, 0, 1, 345.25
1606741674, 1018, 0, 3, 0, 0, 0.43%, 0, 0, 1, 345.82
1606741679, 1020, 1, 3, 0, 0, 0.43%, 0, 0, 1, 347.00
1606741685, 1022, 2, 3, 0, 0, 0.43%, 0, 0, 1, 346.64
1606741690, 1025, 0, 3, 0, 0, 0.43%, 0, 0, 1, 347.29
1606741695, 1027, 1, 3, 0, 0, 0.43%, 0, 0, 1, 356.30
1606741700, 1029, 2, 3, 0, 0, 0.43%, 0, 0, 1, 356.82
1606741705, 1032, 0, 3, 0, 0, 0.43%, 0, 0, 1, 359.57
1606741710, 1034, 1, 3, 0, 0, 0.43%, 0, 0, 1, 362.43
1606741715, 1036, 2, 3, 0, 0, 0.43%, 0, 0, 1, 363.63
1606741720, 1039, 0, 3, 0, 0, 0.43%, 0, 0, 1, 361.52
1606741725, 1041, 1, 3, 0, 0, 0.43%, 0, 0, 1, 362.38
1606741730, 1043, 2, 3, 0, 0, 0.43%, 0, 0, 1, 354.06
1606741735, 1046, 0, 3, 0, 0, 0.43%, 0, 0, 1, 361.50
1606741740, 1048, 1, 3, 0, 0, 0.43%, 0, 0, 1, 356.18
1606741745, 1050, 2, 3, 0, 0, 0.43%, 0, 0, 1, 356.98
1606741750, 1053, 0, 3, 0, 0, 0.43%, 0, 0, 1, 339.39
1606741756, 1055, 1, 3, 0, 0, 0.43%, 0, 0, 1, 329.72
1606741761, 1057, 1, 3, 0, 0, 0.43%, 0, 0, 1, 334.18
1606741766, 1059, 2, 3, 0, 0, 0.43%, 0, 0, 1, 325.49
1606741771, 1061, 2, 3, 0, 0, 0.43%, 0, 0, 1, 319.93
1606741776, 1064, 0, 3, 0, 0, 0.43%, 0, 0, 1, 342.61
1606741781, 1066, 1, 3, 0, 0, 0.43%, 0, 0, 1, 346.02
1606741786, 1068, 1, 3, 0, 0, 0.43%, 0, 0, 1, 342.65
1606741791, 1071, 0, 3, 0, 0, 0.43%, 0, 0, 1, 348.15
1606741796, 1073, 0, 3, 0, 0, 0.43%, 0, 0, 1, 335.79
1606741801, 1075, 1, 3, 0, 0, 0.43%, 0, 0, 1, 347.69
1606741806, 1077, 2, 3, 0, 0, 0.43%, 0, 0, 1, 351.91
1606741811, 1079, 2, 3, 0, 0, 0.43%, 0, 0, 1, 327.62
1606741816, 1082, 0, 3, 0, 0, 0.43%, 0, 0, 1, 350.27
1606741821, 1084, 1, 3, 0, 0, 0.43%, 0, 0, 1, 357.22
1606741826, 1086, 2, 3, 0, 0, 0.43%, 0, 0, 1, 339.70
1606741831, 1089, 0, 3, 0, 0, 0.43%, 0, 0, 1, 362.52
1606741837, 1091, 2, 3, 0, 0, 0.43%, 0, 0, 1, 357.78
1606741842, 1094, 0, 3, 0, 0, 0.43%, 0, 0, 1, 359.84
1606741847, 1096, 1, 3, 0, 0, 0.43%, 0, 0, 1, 352.75
1606741852, 1098, 2, 3, 0, 0, 0.43%, 0, 0, 1, 365.62
1606741857, 1101, 0, 3, 0, 0, 0.43%, 0, 0, 1, 365.56
1606741862, 1103, 1, 3, 0, 0, 0.43%, 0, 0, 1, 365.63
1606741867, 1105, 1, 3, 0, 0, 0.43%, 0, 0, 1, 309.61
1606741872, 1107, 2, 3, 0, 0, 0.43%, 0, 0, 1, 350.64
1606741877, 1110, 1, 3, 0, 0, 0.43%, 0, 0, 1, 360.24
1606741882, 1112, 2, 3, 0, 0, 0.43%, 0, 0, 1, 364.24
1606741887, 1114, 2, 3, 0, 0, 0.43%, 0, 0, 1, 327.68
1606741892, 1116, 1, 3, 0, 0, 0.43%, 0, 0, 1, 277.00
1606741897, 1118, 1, 3, 0, 0, 0.43%, 0, 0, 1, 271.19
1606741902, 1120, 1, 3, 0, 0, 0.43%, 0, 0, 1, 287.37
1606741907, 1122, 0, 3, 0, 0, 0.43%, 0, 0, 1, 277.64
1606741912, 1124, 0, 3, 0, 0, 0.43%, 0, 0, 1, 280.68
1606741917, 1125, 2, 3, 0, 0, 0.43%, 0, 0, 1, 285.05
1606741922, 1127, 2, 3, 0, 0, 0.43%, 0, 0, 1, 310.27
1606741927, 1130, 0, 3, 0, 0, 0.43%, 0, 0, 1, 344.97
1606741933, 1132, 2, 3, 0, 0, 0.43%, 0, 0, 1, 362.26
1606741938, 1135, 0, 3, 0, 0, 0.43%, 0, 0, 1, 363.18
1606741943, 1137, 1, 3, 0, 0, 0.43%, 0, 0, 1, 361.59
1606741948, 1139, 2, 3, 0, 0, 0.43%, 0, 0, 1, 372.93
1606741953, 1142, 1, 3, 0, 0, 0.43%, 0, 0, 1, 377.71
1606741958, 1145, 0, 3, 0, 0, 0.43%, 0, 0, 1, 378.16
1606741963, 1147, 1, 3, 0, 0, 0.43%, 0, 0, 1, 378.37
1606741969, 1150, 0, 3, 0, 0, 0.43%, 0, 0, 1, 378.14
1606741974, 1152, 2, 3, 0, 0, 0.43%, 0, 0, 1, 371.98
1606741979, 1155, 0, 3, 0, 0, 0.43%, 0, 0, 1, 374.93
1606741984, 1157, 2, 3, 0, 0, 0.43%, 0, 0, 1, 378.34
1606741989, 1160, 0, 3, 0, 0, 0.43%, 0, 0, 1, 376.58
1606741994, 1162, 2, 3, 0, 0, 0.43%, 0, 0, 1, 379.28
1606742000, 1165, 1, 3, 0, 0, 0.43%, 0, 0, 1, 380.12
1606742005, 1167, 2, 3, 0, 0, 0.43%, 0, 0, 1, 380.65
1606742010, 1170, 1, 3, 0, 0, 0.43%, 0, 0, 1, 373.76
1606742015, 1172, 2, 3, 0, 0, 0.43%, 0, 0, 1, 376.08
1606742020, 1175, 1, 3, 0, 0, 0.43%, 0, 0, 1, 367.38
1606742025, 1177, 2, 3, 0, 0, 0.43%, 0, 0, 1, 372.67
1606742030, 1180, 1, 3, 0, 0, 0.43%, 0, 0, 1, 377.10
1606742036, 1182, 2, 3, 0, 0, 0.43%, 0, 0, 1, 366.05
1606742041, 1185, 1, 3, 0, 0, 0.43%, 0, 0, 1, 365.14
1606742046, 1187, 2, 3, 0, 0, 0.43%, 0, 0, 1, 377.06
1606742051, 1190, 1, 3, 0, 0, 0.43%, 0, 0, 1, 379.39
1606742056, 1192, 2, 3, 0, 0, 0.43%, 0, 0, 1, 375.55
1606742061, 1195, 1, 3, 0, 0, 0.43%, 0, 0, 1, 366.50
1606742066, 1197, 2, 3, 0, 0, 0.43%, 0, 0, 1, 364.72
1606742072, 1200, 1, 3, 0, 0, 0.43%, 0, 0, 1, 370.51
1606742077, 1202, 2, 3, 0, 0, 0.43%, 0, 0, 1, 372.83
1606742082, 1205, 1, 3, 0, 0, 0.43%, 0, 0, 1, 378.08
1606742087, 1207, 2, 3, 0, 0, 0.43%, 0, 0, 1, 379.59
1606742092, 1210, 1, 3, 0, 0, 0.43%, 0, 0, 1, 380.83
1606742097, 1212, 1, 3, 0, 0, 0.43%, 0, 0, 1, 332.73
1606742102, 1215, 0, 3, 0, 0, 0.43%, 0, 0, 1, 363.19
1606742108, 1217, 1, 3, 0, 0, 0.43%, 0, 0, 1, 375.82
1606742113, 1220, 0, 3, 0, 0, 0.43%, 0, 0, 1, 377.57
1606742118, 1222, 2, 3, 0, 0, 0.43%, 0, 0, 1, 373.26
1606742123, 1225, 0, 3, 0, 0, 0.43%, 0, 0, 1, 376.72
1606742128, 1227, 2, 3, 0, 0, 0.43%, 0, 0, 1, 377.13
1606742133, 1230, 0, 3, 0, 0, 0.43%, 0, 0, 1, 377.87
1606742139, 1232, 2, 3, 0, 0, 0.43%, 0, 0, 1, 375.43
1606742144, 1235, 0, 3, 0, 0, 0.43%, 0, 0, 1, 373.50
1606742149, 1237, 2, 3, 0, 0, 0.43%, 0, 0, 1, 376.54
1606742154, 1240, 1, 3, 0, 0, 0.43%, 0, 0, 1, 370.57
1606742159, 1242, 2, 3, 0, 0, 0.43%, 0, 0, 1, 365.97
1606742165, 1245, 1, 3, 0, 0, 0.43%, 0, 0, 1, 376.87
1606742170, 1247, 2, 3, 0, 0, 0.43%, 0, 0, 1, 379.39
1606742175, 1250, 1, 3, 0, 0, 0.43%, 0, 0, 1, 380.65
1606742180, 1253, 0, 3, 0, 0, 0.43%, 0, 0, 1, 380.88
1606742185, 1255, 1, 3, 0, 0, 0.43%, 0, 0, 1, 379.05
1606742190, 1258, 0, 3, 0, 0, 0.43%, 0, 0, 1, 380.64
1606742195, 1260, 2, 3, 0, 0, 0.43%, 0, 0, 1, 380.18
1606742201, 1263, 0, 3, 0, 0, 0.43%, 0, 0, 1, 379.58
1606742206, 1265, 2, 3, 0, 0, 0.43%, 0, 0, 1, 380.58
1606742211, 1268, 0, 3, 0, 0, 0.43%, 0, 0, 1, 366.58
1606742216, 1270, 2, 3, 0, 0, 0.43%, 0, 0, 1, 374.79
1606742221, 1273, 0, 3, 0, 0, 0.43%, 0, 0, 1, 379.12
1606742226, 1275, 2, 3, 0, 0, 0.43%, 0, 0, 1, 379.68
1606742231, 1278, 1, 3, 0, 0, 0.43%, 0, 0, 1, 379.61
1606742237, 1280, 2, 3, 0, 0, 0.43%, 0, 0, 1, 360.29
1606742242, 1283, 1, 3, 0, 0, 0.43%, 0, 0, 1, 370.69
1606742247, 1285, 1, 3, 0, 0, 0.43%, 0, 0, 1, 354.46
1606742252, 1287, 2, 3, 0, 0, 0.43%, 0, 0, 1, 356.73
1606742257, 1290, 1, 3, 0, 0, 0.43%, 0, 0, 1, 362.50
1606742262, 1292, 2, 3, 0, 0, 0.43%, 0, 0, 1, 372.01
1606742267, 1295, 1, 3, 0, 0, 0.43%, 0, 0, 1, 366.39
1606742273, 1297, 2, 3, 0, 0, 0.43%, 0, 0, 1, 369.34
1606742278, 1300, 1, 3, 0, 0, 0.43%, 0, 0, 1, 374.73
1606742283, 1302, 2, 3, 0, 0, 0.43%, 0, 0, 1, 370.48
1606742288, 1305, 1, 3, 0, 0, 0.43%, 0, 0, 1, 378.94
1606742293, 1308, 0, 3, 0, 0, 0.43%, 0, 0, 1, 380.93
1606742298, 1310, 1, 3, 0, 0, 0.43%, 0, 0, 1, 381.93
1606742304, 1313, 0, 3, 0, 0, 0.43%, 0, 0, 1, 383.24
1606742309, 1315, 2, 3, 0, 0, 0.43%, 0, 0, 1, 379.00
1606742314, 1318, 0, 3, 0, 0, 0.43%, 0, 0, 1, 381.49
1606742319, 1320, 2, 3, 0, 0, 0.43%, 0, 0, 1, 383.77
1606742324, 1323, 1, 3, 0, 0, 0.43%, 0, 0, 1, 384.09
1606742329, 1325, 2, 3, 0, 0, 0.43%, 0, 0, 1, 384.03
1606742334, 1328, 1, 3, 0, 0, 0.43%, 0, 0, 1, 383.48
1606742339, 1330, 2, 3, 0, 0, 0.43%, 0, 0, 1, 378.03
1606742344, 1333, 0, 3, 0, 0, 0.43%, 0, 0, 1, 349.76
1606742350, 1335, 2, 3, 0, 0, 0.43%, 0, 0, 1, 358.44
1606742355, 1338, 0, 3, 0, 0, 0.43%, 0, 0, 1, 373.90
1606742360, 1340, 2, 3, 0, 0, 0.43%, 0, 0, 1, 380.08
1606742365, 1343, 0, 3, 0, 0, 0.43%, 0, 0, 1, 377.60
1606742370, 1345, 2, 3, 0, 0, 0.43%, 0, 0, 1, 378.83
1606742375, 1348, 1, 3, 0, 0, 0.43%, 0, 0, 1, 381.47
1606742381, 1350, 2, 3, 0, 0, 0.43%, 0, 0, 1, 382.33
1606742386, 1353, 1, 3, 0, 0, 0.43%, 0, 0, 1, 381.86
1606742391, 1356, 0, 3, 0, 0, 0.43%, 0, 0, 1, 380.51
1606742396, 1358, 1, 3, 0, 0, 0.43%, 0, 0, 1, 380.35
1606742401, 1361, 0, 3, 0, 0, 0.43%, 0, 0, 1, 379.30
1606742406, 1363, 2, 3, 0, 0, 0.43%, 0, 0, 1, 378.86
1606742411, 1366, 0, 3, 0, 0, 0.43%, 0, 0, 1, 380.08
1606742417, 1368, 2, 3, 0, 0, 0.43%, 0, 0, 1, 380.92
1606742422, 1371, 0, 3, 0, 0, 0.43%, 0, 0, 1, 380.55
1606742427, 1373, 2, 3, 0, 0, 0.43%, 0, 0, 1, 378.08
1606742432, 1376, 1, 3, 0, 0, 0.43%, 0, 0, 1, 375.47
1606742437, 1378, 2, 3, 0, 0, 0.43%, 0, 0, 1, 356.87
1606742442, 1381, 0, 3, 0, 0, 0.43%, 0, 0, 1, 359.54
1606742447, 1383, 1, 3, 0, 0, 0.43%, 0, 0, 1, 352.02
1606742452, 1385, 2, 3, 0, 0, 0.43%, 0, 0, 1, 371.75
1606742457, 1388, 1, 3, 0, 0, 0.43%, 0, 0, 1, 378.26
1606742463, 1390, 2, 3, 0, 0, 0.43%, 0, 0, 1, 381.80
1606742468, 1393, 1, 3, 0, 0, 0.43%, 0, 0, 1, 381.92
1606742473, 1396, 0, 3, 0, 0, 0.43%, 0, 0, 1, 382.37
1606742478, 1398, 1, 3, 0, 0, 0.43%, 0, 0, 1, 382.33
1606742483, 1401, 0, 3, 0, 0, 0.43%, 0, 0, 1, 382.46
1606742488, 1403, 2, 3, 0, 0, 0.43%, 0, 0, 1, 381.60
1606742493, 1406, 0, 3, 0, 0, 0.43%, 0, 0, 1, 381.78
1606742498, 1408, 2, 3, 0, 0, 0.43%, 0, 0, 1, 381.50
1606742504, 1411, 0, 3, 0, 0, 0.43%, 0, 0, 1, 380.01
1606742509, 1413, 2, 3, 0, 0, 0.43%, 0, 0, 1, 380.01
1606742514, 1416, 1, 3, 0, 0, 0.43%, 0, 0, 1, 382.04
1606742519, 1418, 2, 3, 0, 0, 0.43%, 0, 0, 1, 380.59
1606742524, 1421, 1, 3, 0, 0, 0.43%, 0, 0, 1, 381.96
1606742529, 1424, 0, 3, 0, 0, 0.43%, 0, 0, 1, 381.77
1606742534, 1426, 1, 3, 0, 0, 0.43%, 0, 0, 1, 382.88
1606742539, 1429, 0, 3, 0, 0, 0.43%, 0, 0, 1, 382.18
1606742545, 1431, 2, 3, 0, 0, 0.43%, 0, 0, 1, 381.49
1606742550, 1434, 0, 3, 0, 0, 0.43%, 0, 0, 1, 381.25
1606742555, 1436, 2, 3, 0, 0, 0.43%, 0, 0, 1, 381.06
1606742560, 1439, 1, 3, 0, 0, 0.43%, 0, 0, 1, 380.29
1606742565, 1441, 2, 3, 0, 0, 0.43%, 0, 0, 1, 381.58
1606742570, 1444, 1, 3, 0, 0, 0.43%, 0, 0, 1, 380.91
1606742575, 1447, 0, 3, 0, 0, 0.43%, 0, 0, 1, 382.27
1606742581, 1449, 1, 3, 0, 0, 0.43%, 0, 0, 1, 379.27
1606742586, 1452, 0, 3, 0, 0, 0.43%, 0, 0, 1, 370.98
1606742591, 1454, 1, 3, 0, 0, 0.43%, 0, 0, 1, 373.75
1606742596, 1457, 0, 3, 0, 0, 0.43%, 0, 0, 1, 381.07
1606742601, 1459, 2, 3, 0, 0, 0.43%, 0, 0, 1, 381.96
1606742606, 1462, 0, 3, 0, 0, 0.43%, 0, 0, 1, 382.40
1606742612, 1464, 2, 3, 0, 0, 0.43%, 0, 0, 1, 374.10
1606742617, 1467, 0, 3, 0, 0, 0.43%, 0, 0, 1, 380.63
1606742622, 1469, 2, 3, 0, 0, 0.43%, 0, 0, 1, 382.44
1606742627, 1472, 1, 3, 0, 0, 0.43%, 0, 0, 1, 382.08
1606742632, 1474, 2, 3, 0, 0, 0.43%, 0, 0, 1, 382.17
1606742637, 1477, 1, 3, 0, 0, 0.43%, 0, 0, 1, 381.41
1606742642, 1480, 0, 3, 0, 0, 0.43%, 0, 0, 1, 382.08
1606742647, 1482, 1, 3, 0, 0, 0.43%, 0, 0, 1, 381.90
1606742653, 1485, 0, 3, 0, 0, 0.43%, 0, 0, 1, 382.69
1606742658, 1487, 2, 3, 0, 0, 0.43%, 0, 0, 1, 382.81
1606742663, 1490, 0, 3, 0, 0, 0.43%, 0, 0, 1, 383.65
1606742668, 1492, 2, 3, 0, 0, 0.43%, 0, 0, 1, 382.71
1606742673, 1495, 1, 3, 0, 0, 0.43%, 0, 0, 1, 377.35
1606742678, 1497, 2, 3, 0, 0, 0.43%, 0, 0, 1, 380.82
1606742683, 1500, 1, 3, 0, 0, 0.43%, 0, 0, 1, 383.68
1606742689, 1503, 0, 3, 0, 0, 0.43%, 0, 0, 1, 384.04
1606742694, 1505, 1, 3, 0, 0, 0.43%, 0, 0, 1, 382.97
1606742699, 1508, 0, 3, 0, 0, 0.43%, 0, 0, 1, 383.44
1606742704, 1510, 2, 3, 0, 0, 0.43%, 0, 0, 1, 383.38
1606742709, 1513, 0, 3, 0, 0, 0.43%, 0, 0, 1, 383.72
1606742714, 1515, 2, 3, 0, 0, 0.43%, 0, 0, 1, 383.68
1606742719, 1518, 1, 3, 0, 0, 0.43%, 0, 0, 1, 378.99
1606742724, 1520, 2, 3, 0, 0, 0.43%, 0, 0, 1, 382.68
1606742730, 1523, 1, 3, 0, 0, 0.43%, 0, 0, 1, 383.02
1606742735, 1526, 0, 3, 0, 0, 0.43%, 0, 0, 1, 383.52
1606742740, 1528, 2, 3, 0, 0, 0.43%, 0, 0, 1, 384.20
1606742745, 1531, 0, 3, 0, 0, 0.43%, 0, 0, 1, 383.49
1606742750, 1533, 2, 3, 0, 0, 0.43%, 0, 0, 1, 383.67
1606742755, 1536, 1, 3, 0, 0, 0.43%, 0, 0, 1, 383.70
1606742761, 1538, 2, 3, 0, 0, 0.43%, 0, 0, 1, 383.38
1606742766, 1541, 1, 3, 0, 0, 0.43%, 0, 0, 1, 383.92
1606742771, 1544, 0, 3, 0, 0, 0.43%, 0, 0, 1, 383.43
1606742776, 1546, 1, 3, 0, 0, 0.43%, 0, 0, 1, 382.98
1606742781, 1549, 0, 3, 0, 0, 0.43%, 0, 0, 1, 383.08
1606742786, 1551, 2, 3, 0, 0, 0.43%, 0, 0, 1, 383.45
1606742791, 1554, 1, 3, 0, 0, 0.43%, 0, 0, 1, 383.06
1606742797, 1556, 2, 3, 0, 0, 0.43%, 0, 0, 1, 381.91
1606742802, 1559, 1, 3, 0, 0, 0.43%, 0, 0, 1, 382.96
1606742807, 1562, 0, 3, 0, 0, 0.43%, 0, 0, 1, 383.51
1606742812, 1564, 1, 3, 0, 0, 0.43%, 0, 0, 1, 383.25
1606742817, 1567, 0, 3, 0, 0, 0.43%, 0, 0, 1, 384.49
1606742822, 1569, 2, 3, 0, 0, 0.43%, 0, 0, 1, 383.33
1606742827, 1572, 1, 3, 0, 0, 0.43%, 0, 0, 1, 383.64
1606742832, 1574, 2, 3, 0, 0, 0.43%, 0, 0, 1, 383.47
1606742838, 1577, 1, 3, 0, 0, 0.43%, 0, 0, 1, 382.80
1606742843, 1579, 2, 3, 0, 0, 0.43%, 0, 0, 1, 382.27
1606742848, 1582, 1, 3, 0, 0, 0.43%, 0, 0, 1, 382.60
1606742853, 1585, 0, 3, 0, 0, 0.43%, 0, 0, 1, 382.68
1606742858, 1587, 2, 3, 0, 0, 0.43%, 0, 0, 1, 383.59
1606742863, 1590, 0, 3, 0, 0, 0.43%, 0, 0, 1, 383.45
1606742868, 1592, 2, 3, 0, 0, 0.43%, 0, 0, 1, 383.30
1606742873, 1595, 1, 3, 0, 0, 0.43%, 0, 0, 1, 382.84
1606742879, 1597, 2, 3, 0, 0, 0.43%, 0, 0, 1, 382.72
1606742884, 1600, 1, 3, 0, 0, 0.43%, 0, 0, 1, 383.58
1606742889, 1603, 0, 3, 0, 0, 0.43%, 0, 0, 1, 382.39
1606742894, 1605, 1, 3, 0, 0, 0.43%, 0, 0, 1, 383.17
1606742899, 1608, 0, 3, 0, 0, 0.43%, 0, 0, 1, 383.97
1606742904, 1610, 2, 3, 0, 0, 0.43%, 0, 0, 1, 383.17
1606742909, 1613, 0, 3, 0, 0, 0.43%, 0, 0, 1, 383.34
1606742915, 1615, 2, 3, 0, 0, 0.43%, 0, 0, 1, 383.46
1606742920, 1618, 1, 3, 0, 0, 0.43%, 0, 0, 1, 378.75
1606742925, 1621, 0, 3, 0, 0, 0.43%, 0, 0, 1, 380.48
1606742930, 1623, 1, 3, 0, 0, 0.43%, 0, 0, 1, 382.83
1606742935, 1626, 0, 3, 0, 0, 0.43%, 0, 0, 1, 383.03
1606742940, 1628, 2, 3, 0, 0, 0.43%, 0, 0, 1, 383.23
1606742946, 1631, 0, 3, 0, 0, 0.43%, 0, 0, 1, 383.16
1606742951, 1633, 2, 3, 0, 0, 0.43%, 0, 0, 1, 382.47
1606742956, 1636, 1, 3, 0, 0, 0.43%, 0, 0, 1, 381.49
1606742961, 1638, 2, 3, 0, 0, 0.43%, 0, 0, 1, 381.95
1606742966, 1641, 1, 3, 0, 0, 0.43%, 0, 0, 1, 383.19
1606742971, 1644, 0, 3, 0, 0, 0.43%, 0, 0, 1, 382.99
1606742976, 1646, 1, 3, 0, 0, 0.43%, 0, 0, 1, 382.36
1606742981, 1649, 0, 3, 0, 0, 0.43%, 0, 0, 1, 382.03
1606742987, 1651, 2, 3, 0, 0, 0.43%, 0, 0, 1, 382.12
1606742992, 1654, 0, 3, 0, 0, 0.43%, 0, 0, 1, 383.03
1606742997, 1656, 2, 3, 0, 0, 0.43%, 0, 0, 1, 383.10
1606743002, 1659, 1, 3, 0, 0, 0.43%, 0, 0, 1, 382.78
1606743007, 1661, 2, 3, 0, 0, 0.43%, 0, 0, 1, 382.59
1606743012, 1664, 1, 3, 0, 0, 0.43%, 0, 0, 1, 383.53
1606743017, 1667, 0, 3, 0, 0, 0.43%, 0, 0, 1, 383.39
1606743022, 1669, 1, 3, 0, 0, 0.43%, 0, 0, 1, 383.07
1606743028, 1672, 0, 3, 0, 0, 0.43%, 0, 0, 1, 383.03
1606743033, 1674, 2, 3, 0, 0, 0.43%, 0, 0, 1, 382.44
1606743038, 1677, 0, 3, 0, 0, 0.43%, 0, 0, 1, 383.12
1606743043, 1679, 2, 3, 0, 0, 0.43%, 0, 0, 1, 379.75
1606743048, 1682, 1, 3, 0, 0, 0.43%, 0, 0, 1, 381.54
1606743053, 1684, 2, 3, 0, 0, 0.43%, 0, 0, 1, 382.18
1606743058, 1687, 1, 3, 0, 0, 0.43%, 0, 0, 1, 381.81
1606743063, 1689, 2, 3, 0, 0, 0.43%, 0, 0, 1, 382.82
1606743069, 1692, 1, 3, 0, 0, 0.43%, 0, 0, 1, 382.28
1606743074, 1695, 0, 3, 0, 0, 0.43%, 0, 0, 1, 382.71
1606743079, 1697, 1, 3, 0, 0, 0.43%, 0, 0, 1, 382.34
1606743084, 1700, 0, 3, 0, 0, 0.43%, 0, 0, 1, 383.55
1606743089, 1702, 2, 3, 0, 0, 0.43%, 0, 0, 1, 383.11
1606743094, 1705, 0, 3, 0, 0, 0.43%, 0, 0, 1, 382.96
1606743099, 1707, 2, 3, 0, 0, 0.43%, 0, 0, 1, 383.08
1606743104, 1710, 1, 3, 0, 0, 0.43%, 0, 0, 1, 383.67
1606743110, 1712, 2, 3, 0, 0, 0.43%, 0, 0, 1, 384.27
1606743115, 1715, 1, 3, 0, 0, 0.43%, 0, 0, 1, 384.04
1606743120, 1718, 0, 3, 0, 0, 0.43%, 0, 0, 1, 384.22
1606743125, 1720, 1, 3, 0, 0, 0.43%, 0, 0, 1, 378.46
1606743130, 1723, 0, 3, 0, 0, 0.43%, 0, 0, 1, 381.48
1606743135, 1725, 2, 3, 0, 0, 0.43%, 0, 0, 1, 382.09
1606743140, 1728, 0, 3, 0, 0, 0.43%, 0, 0, 1, 382.73
1606743146, 1730, 2, 3, 0, 0, 0.43%, 0, 0, 1, 382.58
1606743151, 1733, 1, 3, 0, 0, 0.43%, 0, 0, 1, 383.53
1606743156, 1735, 2, 3, 0, 0, 0.43%, 0, 0, 1, 382.95
1606743161, 1738, 1, 3, 0, 0, 0.43%, 0, 0, 1, 381.79
1606743166, 1741, 0, 3, 0, 0, 0.43%, 0, 0, 1, 380.94
1606743171, 1743, 1, 3, 0, 0, 0.43%, 0, 0, 1, 382.15
1606743176, 1746, 0, 3, 0, 0, 0.43%, 0, 0, 1, 382.13
1606743181, 1748, 2, 3, 0, 0, 0.43%, 0, 0, 1, 382.68
1606743187, 1751, 0, 3, 0, 0, 0.43%, 0, 0, 1, 381.50
1606743192, 1753, 2, 3, 0, 0, 0.43%, 0, 0, 1, 382.90
1606743197, 1756, 1, 3, 0, 0, 0.43%, 0, 0, 1, 383.20
1606743202, 1758, 2, 3, 0, 0, 0.43%, 0, 0, 1, 382.96
1606743207, 1761, 1, 3, 0, 0, 0.43%, 0, 0, 1, 383.38
1606743212, 1764, 0, 3, 0, 0, 0.43%, 0, 0, 1, 382.01
1606743217, 1766, 1, 3, 0, 0, 0.43%, 0, 0, 1, 382.47
1606743222, 1769, 0, 3, 0, 0, 0.43%, 0, 0, 1, 383.26
1606743228, 1771, 2, 3, 0, 0, 0.43%, 0, 0, 1, 383.05
1606743233, 1774, 0, 3, 0, 0, 0.43%, 0, 0, 1, 383.12
1606743238, 1776, 2, 3, 0, 0, 0.43%, 0, 0, 1, 382.43
1606743243, 1779, 0, 3, 0, 0, 0.43%, 0, 0, 1, 382.51
1606743248, 1781, 2, 3, 0, 0, 0.43%, 0, 0, 1, 383.56
1606743253, 1784, 1, 3, 0, 0, 0.43%, 0, 0, 1, 382.51
1606743258, 1786, 2, 3, 0, 0, 0.43%, 0, 0, 1, 382.38
1606743263, 1789, 1, 3, 0, 0, 0.43%, 0, 0, 1, 381.38
1606743269, 1792, 0, 3, 0, 0, 0.43%, 0, 0, 1, 382.16
1606743274, 1794, 1, 3, 0, 0, 0.43%, 0, 0, 1, 381.93
1606743279, 1797, 0, 3, 0, 0, 0.43%, 0, 0, 1, 381.54
1606743284, 1799, 2, 3, 0, 0, 0.43%, 0, 0, 1, 379.65
1606743289, 1802, 0, 3, 0, 0, 0.43%, 0, 0, 1, 382.24
1606743294, 1804, 2, 3, 0, 0, 0.43%, 0, 0, 1, 382.27
1606743299, 1807, 1, 3, 0, 0, 0.43%, 0, 0, 1, 382.62
1606743304, 1809, 2, 3, 0, 0, 0.43%, 0, 0, 1, 382.25
1606743310, 1812, 1, 3, 0, 0, 0.43%, 0, 0, 1, 382.53
1606743315, 1815, 0, 3, 0, 0, 0.43%, 0, 0, 1, 382.35
1606743320, 1817, 1, 3, 0, 0, 0.43%, 0, 0, 1, 382.30
1606743325, 1820, 0, 3, 0, 0, 0.43%, 0, 0, 1, 382.68
1606743330, 1822, 2, 3, 0, 0, 0.43%, 0, 0, 1, 382.53
1606743335, 1825, 0, 3, 0, 0, 0.43%, 0, 0, 1, 382.02
1606743340, 1827, 2, 3, 0, 0, 0.43%, 0, 0, 1, 382.31
1606743345, 1830, 1, 3, 0, 0, 0.43%, 0, 0, 1, 382.91
1606743351, 1832, 2, 3, 0, 0, 0.43%, 0, 0, 1, 382.57
1606743356, 1835, 1, 3, 0, 0, 0.43%, 0, 0, 1, 382.30
1606743361, 1838, 0, 3, 0, 0, 0.43%, 0, 0, 1, 382.62
1606743366, 1840, 1, 3, 0, 0, 0.43%, 0, 0, 1, 382.82
1606743371, 1843, 0, 3, 0, 0, 0.43%, 0, 0, 1, 382.61
1606743376, 1845, 1, 3, 0, 0, 0.43%, 0, 0, 1, 382.71
1606743381, 1848, 0, 3, 0, 0, 0.43%, 0, 0, 1, 382.68
1606743386, 1850, 2, 3, 0, 0, 0.43%, 0, 0, 1, 383.11
1606743392, 1853, 0, 3, 0, 0, 0.43%, 0, 0, 1, 382.58
1606743397, 1855, 2, 3, 0, 0, 0.43%, 0, 0, 1, 382.42
1606743402, 1858, 1, 3, 0, 0, 0.43%, 0, 0, 1, 382.44
1606743407, 1860, 2, 3, 0, 0, 0.43%, 0, 0, 1, 381.34
1606743412, 1863, 1, 3, 0, 0, 0.43%, 0, 0, 1, 383.07
1606743417, 1866, 0, 3, 0, 0, 0.43%, 0, 0, 1, 383.02
1606743422, 1868, 1, 3, 0, 0, 0.43%, 0, 0, 1, 383.10
1606743427, 1871, 0, 3, 0, 0, 0.43%, 0, 0, 1, 383.44
1606743433, 1873, 2, 3, 0, 0, 0.43%, 0, 0, 1, 382.89
1606743438, 1876, 1, 3, 0, 0, 0.43%, 0, 0, 1, 383.54
1606743443, 1878, 2, 3, 0, 0, 0.43%, 0, 0, 1, 383.29
1606743448, 1881, 1, 3, 0, 0, 0.43%, 0, 0, 1, 382.53
1606743453, 1884, 0, 3, 0, 0, 0.43%, 0, 0, 1, 382.91
1606743458, 1886, 1, 3, 0, 0, 0.43%, 0, 0, 1, 382.16
1606743463, 1889, 0, 3, 0, 0, 0.43%, 0, 0, 1, 382.42
1606743469, 1891, 2, 3, 0, 0, 0.43%, 0, 0, 1, 382.59
1606743474, 1894, 0, 3, 0, 0, 0.43%, 0, 0, 1, 382.31
1606743479, 1896, 2, 3, 0, 0, 0.43%, 0, 0, 1, 382.49
1606743484, 1899, 1, 3, 0, 0, 0.43%, 0, 0, 1, 382.27
1606743489, 1901, 2, 3, 0, 0, 0.43%, 0, 0, 1, 383.14
1606743494, 1904, 1, 3, 0, 0, 0.43%, 0, 0, 1, 382.69
1606743499, 1907, 0, 3, 0, 0, 0.43%, 0, 0, 1, 382.37
1606743504, 1909, 1, 3, 0, 0, 0.43%, 0, 0, 1, 381.77
1606743510, 1912, 0, 3, 0, 0, 0.43%, 0, 0, 1, 382.82
1606743515, 1914, 1, 3, 0, 0, 0.43%, 0, 0, 1, 381.74
1606743520, 1917, 0, 3, 0, 0, 0.43%, 0, 0, 1, 381.63
1606743525, 1919, 2, 3, 0, 0, 0.43%, 0, 0, 1, 382.04
1606743530, 1922, 0, 3, 0, 0, 0.43%, 0, 0, 1, 380.52
1606743535, 1924, 2, 3, 0, 0, 0.43%, 0, 0, 1, 382.65
1606743540, 1927, 1, 3, 0, 0, 0.43%, 0, 0, 1, 383.25
1606743545, 1929, 2, 3, 0, 0, 0.43%, 0, 0, 1, 382.92
1606743551, 1932, 1, 3, 0, 0, 0.43%, 0, 0, 1, 383.65
1606743556, 1935, 0, 3, 0, 0, 0.43%, 0, 0, 1, 383.15
1606743561, 1937, 2, 3, 0, 0, 0.43%, 0, 0, 1, 383.46
1606743566, 1940, 0, 3, 0, 0, 0.43%, 0, 0, 1, 383.36
1606743571, 1942, 2, 3, 0, 0, 0.43%, 0, 0, 1, 383.22
1606743576, 1945, 1, 3, 0, 0, 0.43%, 0, 0, 1, 382.31
1606743581, 1947, 2, 3, 0, 0, 0.43%, 0, 0, 1, 382.79
1606743587, 1950, 1, 3, 0, 0, 0.43%, 0, 0, 1, 382.37
1606743592, 1953, 0, 3, 0, 0, 0.43%, 0, 0, 1, 382.70
1606743597, 1955, 1, 3, 0, 0, 0.43%, 0, 0, 1, 382.75
1606743602, 1958, 0, 3, 0, 0, 0.43%, 0, 0, 1, 382.83
1606743607, 1960, 2, 3, 0, 0, 0.43%, 0, 0, 1, 383.56
1606743612, 1963, 0, 3, 0, 0, 0.43%, 0, 0, 1, 380.56
1606743617, 1965, 2, 3, 0, 0, 0.43%, 0, 0, 1, 382.70
1606743622, 1968, 1, 3, 0, 0, 0.43%, 0, 0, 1, 383.31
1606743628, 1970, 2, 3, 0, 0, 0.43%, 0, 0, 1, 383.04
1606743633, 1973, 1, 3, 0, 0, 0.43%, 0, 0, 1, 382.99
1606743638, 1976, 0, 3, 0, 0, 0.43%, 0, 0, 1, 382.81
1606743643, 1978, 1, 3, 0, 0, 0.43%, 0, 0, 1, 382.80
1606743648, 1981, 0, 3, 0, 0, 0.43%, 0, 0, 1, 383.46
1606743653, 1983, 2, 3, 0, 0, 0.43%, 0, 0, 1, 381.56
1606743658, 1986, 0, 3, 0, 0, 0.43%, 0, 0, 1, 381.92
1606743664, 1988, 2, 3, 0, 0, 0.43%, 0, 0, 1, 382.68
1606743669, 1991, 1, 3, 0, 0, 0.43%, 0, 0, 1, 382.60
1606743674, 1993, 2, 3, 0, 0, 0.43%, 0, 0, 1, 382.63
1606743679, 1996, 1, 3, 0, 0, 0.43%, 0, 0, 1, 383.20
1606743684, 1999, 0, 3, 0, 0, 0.43%, 0, 0, 1, 383.03
1606743689, 2001, 1, 3, 0, 0, 0.43%, 0, 0, 1, 382.99
1606743694, 2004, 0, 3, 0, 0, 0.43%, 0, 0, 1, 383.18
1606743699, 2006, 2, 3, 0, 0, 0.43%, 0, 0, 1, 382.82
1606743705, 2009, 0, 3, 0, 0, 0.43%, 0, 0, 1, 383.45
1606743710, 2011, 2, 3, 0, 0, 0.43%, 0, 0, 1, 382.63
1606743715, 2014, 1, 3, 0, 0, 0.43%, 0, 0, 1, 382.58
1606743720, 2016, 2, 3, 0, 0, 0.43%, 0, 0, 1, 383.20
1606743725, 2019, 1, 3, 0, 0, 0.43%, 0, 0, 1, 377.55
1606743730, 2022, 0, 3, 0, 0, 0.43%, 0, 0, 1, 382.20
1606743735, 2024, 1, 3, 0, 0, 0.43%, 0, 0, 1, 382.59
1606743740, 2027, 0, 3, 0, 0, 0.43%, 0, 0, 1, 383.17
1606743746, 2029, 2, 3, 0, 0, 0.43%, 0, 0, 1, 384.45
1606743751, 2032, 1, 3, 0, 0, 0.43%, 0, 0, 1, 384.64
1606743756, 2034, 2, 3, 0, 0, 0.43%, 0, 0, 1, 384.24
1606743761, 2037, 1, 3, 0, 0, 0.43%, 0, 0, 1, 384.18
1606743766, 2040, 0, 3, 0, 0, 0.43%, 0, 0, 1, 384.06
1606743771, 2042, 2, 3, 0, 0, 0.43%, 0, 0, 1, 384.26
1606743777, 2045, 0, 3, 0, 0, 0.43%, 0, 0, 1, 382.95
1606743782, 2047, 2, 3, 0, 0, 0.43%, 0, 0, 1, 383.57
1606743787, 2050, 1, 3, 0, 0, 0.43%, 0, 0, 1, 384.20
1606743792, 2053, 0, 3, 0, 0, 0.43%, 0, 0, 1, 383.91
1606743797, 2055, 1, 3, 0, 0, 0.43%, 0, 0, 1, 384.67
1606743802, 2058, 0, 3, 0, 0, 0.43%, 0, 0, 1, 384.37
1606743808, 2060, 2, 3, 0, 0, 0.43%, 0, 0, 1, 383.98
1606743813, 2063, 1, 3, 0, 0, 0.43%, 0, 0, 1, 383.78
1606743818, 2065, 2, 3, 0, 0, 0.43%, 0, 0, 1, 384.25
1606743823, 2068, 1, 3, 0, 0, 0.43%, 0, 0, 1, 384.49
1606743828, 2071, 0, 3, 0, 0, 0.43%, 0, 0, 1, 384.35
1606743833, 2073, 2, 3, 0, 0, 0.43%, 0, 0, 1, 384.79
1606743838, 2076, 0, 3, 0, 0, 0.43%, 0, 0, 1, 384.99
1606743844, 2078, 2, 3, 0, 0, 0.43%, 0, 0, 1, 385.32
1606743849, 2081, 1, 3, 0, 0, 0.43%, 0, 0, 1, 384.76
1606743854, 2083, 2, 3, 0, 0, 0.43%, 0, 0, 1, 384.80
1606743859, 2086, 1, 3, 0, 0, 0.43%, 0, 0, 1, 385.26
1606743864, 2089, 0, 3, 0, 0, 0.43%, 0, 0, 1, 384.77
1606743869, 2091, 2, 3, 0, 0, 0.43%, 0, 0, 1, 384.92
1606743874, 2094, 0, 3, 0, 0, 0.43%, 0, 0, 1, 383.94
1606743880, 2096, 2, 3, 0, 0, 0.43%, 0, 0, 1, 383.86
1606743885, 2099, 1, 3, 0, 0, 0.43%, 0, 0, 1, 384.12
1606743890, 2101, 2, 3, 0, 0, 0.43%, 0, 0, 1, 385.06
1606743895, 2104, 1, 3, 0, 0, 0.43%, 0, 0, 1, 381.41
1606743900, 2107, 0, 3, 0, 0, 0.43%, 0, 0, 1, 383.61
1606743905, 2109, 1, 3, 0, 0, 0.43%, 0, 0, 1, 384.67
1606743910, 2112, 0, 3, 0, 0, 0.43%, 0, 0, 1, 384.79
1606743916, 2114, 2, 3, 0, 0, 0.43%, 0, 0, 1, 384.19
1606743921, 2117, 1, 3, 0, 0, 0.43%, 0, 0, 1, 384.15
1606743926, 2120, 0, 3, 0, 0, 0.43%, 0, 0, 1, 384.47
1606743931, 2122, 1, 3, 0, 0, 0.43%, 0, 0, 1, 384.50
1606743936, 2125, 0, 3, 0, 0, 0.43%, 0, 0, 1, 383.16
1606743941, 2127, 2, 3, 0, 0, 0.43%, 0, 0, 1, 383.70
1606743947, 2130, 1, 3, 0, 0, 0.43%, 0, 0, 1, 384.27
1606743952, 2132, 2, 3, 0, 0, 0.43%, 0, 0, 1, 384.71
1606743957, 2135, 1, 3, 0, 0, 0.43%, 0, 0, 1, 384.12
1606743962, 2137, 2, 3, 0, 0, 0.43%, 0, 0, 1, 384.19
1606743967, 2140, 1, 3, 0, 0, 0.43%, 0, 0, 1, 384.20
1606743972, 2143, 0, 3, 0, 0, 0.43%, 0, 0, 1, 383.68
1606743977, 2145, 2, 3, 0, 0, 0.43%, 0, 0, 1, 384.14
1606743982, 2148, 0, 3, 0, 0, 0.43%, 0, 0, 1, 384.55
1606743988, 2150, 2, 3, 0, 0, 0.43%, 0, 0, 1, 384.05
1606743993, 2153, 1, 3, 0, 0, 0.43%, 0, 0, 1, 384.54
1606743998, 2155, 2, 3, 0, 0, 0.43%, 0, 0, 1, 384.56
1606744003, 2158, 1, 3, 0, 0, 0.43%, 0, 0, 1, 384.61
1606744008, 2161, 0, 3, 0, 0, 0.43%, 0, 0, 1, 384.42
1606744013, 2163, 2, 3, 0, 0, 0.43%, 0, 0, 1, 383.45
1606744018, 2166, 0, 3, 0, 0, 0.43%, 0, 0, 1, 384.20
1606744024, 2168, 2, 3, 0, 0, 0.43%, 0, 0, 1, 383.47
1606744029, 2171, 1, 3, 0, 0, 0.43%, 0, 0, 1, 385.01
1606744034, 2174, 0, 3, 0, 0, 0.43%, 0, 0, 1, 384.49
1606744039, 2176, 1, 3, 0, 0, 0.43%, 0, 0, 1, 384.46
1606744044, 2179, 0, 3, 0, 0, 0.43%, 0, 0, 1, 384.39
1606744049, 2181, 2, 3, 0, 0, 0.43%, 0, 0, 1, 384.34
1606744055, 2184, 1, 3, 0, 0, 0.43%, 0, 0, 1, 383.67
1606744060, 2186, 2, 3, 0, 0, 0.43%, 0, 0, 1, 384.65
1606744065, 2189, 1, 3, 0, 0, 0.43%, 0, 0, 1, 385.44
1606744070, 2192, 0, 3, 0, 0, 0.43%, 0, 0, 1, 384.61
1606744075, 2194, 2, 3, 0, 0, 0.43%, 0, 0, 1, 384.22
1606744080, 2197, 0, 3, 0, 0, 0.43%, 0, 0, 1, 384.76
1606744085, 2199, 2, 3, 0, 0, 0.43%, 0, 0, 1, 384.89
1606744091, 2202, 1, 3, 0, 0, 0.43%, 0, 0, 1, 384.02
1606744096, 2204, 2, 3, 0, 0, 0.43%, 0, 0, 1, 383.67
1606744101, 2207, 1, 3, 0, 0, 0.43%, 0, 0, 1, 384.54
1606744106, 2210, 0, 3, 0, 0, 0.43%, 0, 0, 1, 383.87
1606744111, 2212, 2, 3, 0, 0, 0.43%, 0, 0, 1, 383.07
1606744116, 2215, 0, 3, 0, 0, 0.43%, 0, 0, 1, 383.56
1606744122, 2217, 2, 3, 0, 0, 0.43%, 0, 0, 1, 384.23
1606744127, 2220, 1, 3, 0, 0, 0.43%, 0, 0, 1, 384.13
1606744132, 2223, 0, 3, 0, 0, 0.43%, 0, 0, 1, 383.93
1606744137, 2225, 1, 3, 0, 0, 0.43%, 0, 0, 1, 382.47
1606744142, 2228, 0, 3, 0, 0, 0.43%, 0, 0, 1, 380.99
1606744147, 2230, 2, 3, 0, 0, 0.43%, 0, 0, 1, 382.99
1606744152, 2233, 0, 3, 0, 0, 0.43%, 0, 0, 1, 383.17
1606744158, 2235, 2, 3, 0, 0, 0.43%, 0, 0, 1, 383.78
1606744163, 2238, 1, 3, 0, 0, 0.43%, 0, 0, 1, 383.81
1606744168, 2241, 0, 3, 0, 0, 0.43%, 0, 0, 1, 383.88
1606744173, 2243, 1, 3, 0, 0, 0.43%, 0, 0, 1, 384.37
1606744178, 2246, 0, 3, 0, 0, 0.43%, 0, 0, 1, 384.66
1606744183, 2248, 2, 3, 0, 0, 0.43%, 0, 0, 1, 384.74
1606744189, 2251, 1, 3, 0, 0, 0.43%, 0, 0, 1, 384.42
1606744194, 2253, 2, 3, 0, 0, 0.43%, 0, 0, 1, 384.92
1606744199, 2256, 1, 3, 0, 0, 0.43%, 0, 0, 1, 384.02
1606744204, 2259, 0, 3, 0, 0, 0.43%, 0, 0, 1, 384.89
1606744209, 2261, 2, 3, 0, 0, 0.43%, 0, 0, 1, 384.85
1606744214, 2264, 0, 3, 0, 0, 0.43%, 0, 0, 1, 384.16
1606744219, 2266, 2, 3, 0, 0, 0.43%, 0, 0, 1, 384.76
1606744225, 2269, 1, 3, 0, 0, 0.43%, 0, 0, 1, 384.07
1606744230, 2272, 0, 3, 0, 0, 0.43%, 0, 0, 1, 384.56
1606744235, 2274, 1, 3, 0, 0, 0.43%, 0, 0, 1, 384.32
1606744240, 2277, 0, 3, 0, 0, 0.43%, 0, 0, 1, 384.03
1606744245, 2279, 2, 3, 0, 0, 0.43%, 0, 0, 1, 384.32
1606744251, 2282, 1, 3, 0, 0, 0.43%, 0, 0, 1, 383.94
1606744256, 2284, 2, 3, 0, 0, 0.43%, 0, 0, 1, 384.12
1606744261, 2287, 1, 3, 0, 0, 0.43%, 0, 0, 1, 384.06
1606744266, 2290, 0, 3, 0, 0, 0.43%, 0, 0, 1, 382.20
1606744271, 2292, 2, 3, 0, 0, 0.43%, 0, 0, 1, 384.32
1606744276, 2295, 0, 3, 0, 0, 0.43%, 0, 0, 1, 384.35
1606744282, 2297, 2, 3, 0, 0, 0.43%, 0, 0, 1, 384.73
1606744287, 2300, 1, 3, 0, 0, 0.43%, 0, 0, 1, 384.35
1606744292, 2303, 0, 3, 0, 0, 0.43%, 0, 0, 1, 383.91
1606744297, 2305, 1, 3, 0, 0, 0.43%, 0, 0, 1, 384.34
1606744302, 2308, 0, 3, 0, 0, 0.43%, 0, 0, 1, 384.25
1606744307, 2310, 2, 3, 0, 0, 0.43%, 0, 0, 1, 384.31
1606744312, 2313, 0, 3, 0, 0, 0.43%, 0, 0, 1, 384.26
1606744317, 2315, 2, 3, 0, 0, 0.43%, 0, 0, 1, 385.04
1606744322, 2318, 1, 3, 0, 0, 0.43%, 0, 0, 1, 384.28
1606744328, 2320, 2, 3, 0, 0, 0.43%, 0, 0, 1, 378.06
1606744333, 2323, 1, 3, 0, 0, 0.43%, 0, 0, 1, 382.54
1606744338, 2326, 0, 3, 0, 0, 0.43%, 0, 0, 1, 384.38
1606744343, 2328, 1, 3, 0, 0, 0.43%, 0, 0, 1, 384.41
1606744348, 2331, 0, 3, 0, 0, 0.43%, 0, 0, 1, 384.74
1606744353, 2333, 2, 3, 0, 0, 0.43%, 0, 0, 1, 385.00
1606744358, 2336, 1, 3, 0, 0, 0.43%, 0, 0, 1, 384.23
1606744364, 2338, 2, 3, 0, 0, 0.43%, 0, 0, 1, 384.11
1606744369, 2341, 1, 3, 0, 0, 0.43%, 0, 0, 1, 384.76
1606744374, 2344, 0, 3, 0, 0, 0.43%, 0, 0, 1, 384.24
1606744379, 2346, 2, 3, 0, 0, 0.43%, 0, 0, 1, 384.40
1606744384, 2349, 0, 3, 0, 0, 0.43%, 0, 0, 1, 383.43
1606744389, 2351, 2, 3, 0, 0, 0.43%, 0, 0, 1, 383.01
1606744395, 2354, 1, 3, 0, 0, 0.43%, 0, 0, 1, 383.68
1606744400, 2356, 2, 3, 0, 0, 0.43%, 0, 0, 1, 384.54
1606744405, 2359, 1, 3, 0, 0, 0.43%, 0, 0, 1, 382.25
1606744410, 2362, 0, 3, 0, 0, 0.43%, 0, 0, 1, 383.23
1606744415, 2364, 2, 3, 0, 0, 0.43%, 0, 0, 1, 383.59
1606744420, 2367, 0, 3, 0, 0, 0.43%, 0, 0, 1, 384.21
1606744426, 2369, 2, 3, 0, 0, 0.43%, 0, 0, 1, 383.58
1606744431, 2372, 1, 3, 0, 0, 0.43%, 0, 0, 1, 383.99
1606744436, 2375, 0, 3, 0, 0, 0.43%, 0, 0, 1, 384.86
1606744441, 2377, 1, 3, 0, 0, 0.43%, 0, 0, 1, 381.18
1606744446, 2380, 0, 3, 0, 0, 0.43%, 0, 0, 1, 381.74
1606744451, 2382, 2, 3, 0, 0, 0.43%, 0, 0, 1, 381.84
1606744456, 2385, 0, 3, 0, 0, 0.43%, 0, 0, 1, 382.45
1606744462, 2387, 2, 3, 0, 0, 0.43%, 0, 0, 1, 382.89
1606744467, 2390, 1, 3, 0, 0, 0.43%, 0, 0, 1, 381.33
1606744472, 2392, 2, 3, 0, 0, 0.43%, 0, 0, 1, 382.68
1606744477, 2395, 1, 3, 0, 0, 0.43%, 0, 0, 1, 382.87
1606744482, 2398, 0, 3, 0, 0, 0.43%, 0, 0, 1, 382.84
1606744487, 2400, 1, 3, 0, 0, 0.43%, 0, 0, 1, 382.94
1606744492, 2403, 0, 3, 0, 0, 0.43%, 0, 0, 1, 383.24
1606744497, 2405, 2, 3, 0, 0, 0.43%, 0, 0, 1, 383.01
1606744503, 2408, 0, 3, 0, 0, 0.43%, 0, 0, 1, 382.38
1606744508, 2410, 2, 3, 0, 0, 0.43%, 0, 0, 1, 378.67
1606744513, 2413, 1, 3, 0, 0, 0.43%, 0, 0, 1, 380.44
1606744518, 2416, 0, 3, 0, 0, 0.43%, 0, 0, 1, 381.42
1606744523, 2418, 1, 3, 0, 0, 0.43%, 0, 0, 1, 381.35
1606744529, 2421, 0, 3, 0, 0, 0.43%, 0, 0, 1, 381.61
1606744534, 2423, 2, 3, 0, 0, 0.43%, 0, 0, 1, 381.02
1606744539, 2426, 0, 3, 0, 0, 0.43%, 0, 0, 1, 380.93
1606744544, 2428, 2, 3, 0, 0, 0.43%, 0, 0, 1, 380.89
1606744549, 2431, 1, 3, 0, 0, 0.43%, 0, 0, 1, 380.84
1606744554, 2433, 2, 3, 0, 0, 0.43%, 0, 0, 1, 381.41
1606744560, 2436, 1, 3, 0, 0, 0.43%, 0, 0, 1, 380.15
1606744565, 2439, 0, 3, 0, 0, 0.43%, 0, 0, 1, 380.56
1606744570, 2440, 2, 3, 0, 0, 0.43%, 0, 0, 1, 298.78
1606748112, 2441, 1, 3, 0, 0, 0.43%, 0, 0, 1, 0.00
1606748117, 2443, 2, 3, 0, 0, 0.43%, 0, 0, 1, 327.48
1606748122, 2446, 0, 3, 0, 0, 0.43%, 0, 0, 1, 362.69
1606748127, 2448, 2, 3, 0, 0, 0.43%, 0, 0, 1, 385.18
1606748132, 2451, 1, 3, 0, 0, 0.43%, 0, 0, 1, 390.91
1606748137, 2454, 0, 3, 0, 0, 0.43%, 0, 0, 1, 397.42
1606748143, 2456, 2, 3, 0, 0, 0.43%, 0, 0, 1, 396.83
1606748148, 2459, 0, 3, 0, 0, 0.43%, 0, 0, 1, 388.79
1606748153, 2461, 2, 3, 0, 0, 0.43%, 0, 0, 1, 396.87
1606748158, 2464, 1, 3, 0, 0, 0.43%, 0, 0, 1, 390.28
1606748163, 2467, 0, 3, 0, 0, 0.43%, 0, 0, 1, 384.10
1606748168, 2469, 2, 3, 0, 0, 0.43%, 0, 0, 1, 397.34
1606748174, 2472, 1, 3, 0, 0, 0.43%, 0, 0, 1, 388.24
1606748179, 2475, 0, 3, 0, 0, 0.43%, 0, 0, 1, 388.78
1606748184, 2477, 2, 3, 0, 0, 0.43%, 0, 0, 1, 392.90
1606748189, 2480, 0, 3, 0, 0, 0.43%, 0, 0, 1, 400.89
1606748194, 2482, 2, 3, 0, 0, 0.43%, 0, 0, 1, 401.35
1606748199, 2485, 1, 3, 0, 0, 0.43%, 0, 0, 1, 401.89
1606748204, 2488, 0, 3, 0, 0, 0.43%, 0, 0, 1, 401.93
1606748209, 2490, 2, 3, 0, 0, 0.43%, 0, 0, 1, 394.50
1606748214, 2493, 1, 3, 0, 0, 0.43%, 0, 0, 1, 399.18
1606748219, 2496, 0, 3, 0, 0, 0.43%, 0, 0, 1, 396.86
1606748225, 2498, 2, 3, 0, 0, 0.43%, 0, 0, 1, 401.04
1606748230, 2501, 1, 3, 0, 0, 0.43%, 0, 0, 1, 386.81
1606748235, 2503, 2, 3, 0, 0, 0.43%, 0, 0, 1, 388.12
1606748240, 2506, 1, 3, 0, 0, 0.43%, 0, 0, 1, 395.08
1606748245, 2509, 0, 3, 0, 0, 0.43%, 0, 0, 1, 392.59
1606748250, 2511, 2, 3, 0, 0, 0.43%, 0, 0, 1, 391.70
1606748255, 2514, 0, 3, 0, 0, 0.43%, 0, 0, 1, 375.65
1606748260, 2516, 1, 3, 0, 0, 0.43%, 0, 0, 1, 344.94
1606748265, 2518, 2, 3, 0, 0, 0.43%, 0, 0, 1, 374.11
1606748270, 2521, 1, 3, 0, 0, 0.43%, 0, 0, 1, 383.12
1606748275, 2524, 0, 3, 0, 0, 0.43%, 0, 0, 1, 371.14
1606748281, 2526, 1, 3, 0, 0, 0.43%, 0, 0, 1, 379.29
1606748286, 2529, 0, 3, 0, 0, 0.43%, 0, 0, 1, 386.18
1606748291, 2531, 1, 3, 0, 0, 0.43%, 0, 0, 1, 390.08
1606748296, 2534, 0, 3, 0, 0, 0.43%, 0, 0, 1, 392.08
1606748301, 2536, 2, 3, 0, 0, 0.43%, 0, 0, 1, 392.47
1606748306, 2539, 0, 3, 0, 0, 0.43%, 0, 0, 1, 383.26
1606748311, 2541, 2, 3, 0, 0, 0.43%, 0, 0, 1, 383.01
1606748316, 2544, 0, 3, 0, 0, 0.43%, 0, 0, 1, 379.84
1606748321, 2546, 2, 3, 0, 0, 0.43%, 0, 0, 1, 370.45
1606748326, 2549, 0, 3, 0, 0, 0.43%, 0, 0, 1, 382.51
1606748331, 2551, 2, 3, 0, 0, 0.43%, 0, 0, 1, 369.71
1606748336, 2554, 0, 3, 0, 0, 0.43%, 0, 0, 1, 377.09
1606748341, 2556, 1, 3, 0, 0, 0.43%, 0, 0, 1, 367.73
1606748346, 2559, 0, 3, 0, 0, 0.43%, 0, 0, 1, 377.65
1606748351, 2561, 1, 3, 0, 0, 0.43%, 0, 0, 1, 381.73
1606748356, 2564, 0, 3, 0, 0, 0.43%, 0, 0, 1, 377.06
1606748361, 2566, 1, 3, 0, 0, 0.43%, 0, 0, 1, 362.12
1606748366, 2568, 2, 3, 0, 0, 0.43%, 0, 0, 1, 357.87
1606748371, 2571, 0, 3, 0, 0, 0.43%, 0, 0, 1, 367.10
1606748376, 2573, 2, 3, 0, 0, 0.43%, 0, 0, 1, 375.42
1606748382, 2576, 0, 3, 0, 0, 0.43%, 0, 0, 1, 372.24
1606748387, 2578, 1, 3, 0, 0, 0.43%, 0, 0, 1, 375.46
1606748392, 2581, 0, 3, 0, 0, 0.43%, 0, 0, 1, 366.00
1606748397, 2583, 1, 3, 0, 0, 0.43%, 0, 0, 1, 371.96
1606748402, 2586, 0, 3, 0, 0, 0.43%, 0, 0, 1, 382.95
1606748407, 2588, 1, 3, 0, 0, 0.43%, 0, 0, 1, 384.54
1606748412, 2591, 0, 3, 0, 0, 0.43%, 0, 0, 1, 372.34
1606748417, 2593, 1, 3, 0, 0, 0.43%, 0, 0, 1, 363.08
1606748422, 2595, 2, 3, 0, 0, 0.43%, 0, 0, 1, 378.07
1606748427, 2598, 1, 3, 0, 0, 0.43%, 0, 0, 1, 386.03
1606748432, 2601, 0, 3, 0, 0, 0.43%, 0, 0, 1, 381.64
1606748437, 2603, 1, 3, 0, 0, 0.43%, 0, 0, 1, 376.70
1606748442, 2605, 2, 3, 0, 0, 0.43%, 0, 0, 1, 382.02
1606748447, 2608, 1, 3, 0, 0, 0.43%, 0, 0, 1, 387.65
1606748453, 2611, 0, 3, 0, 0, 0.43%, 0, 0, 1, 389.05
1606748458, 2613, 2, 3, 0, 0, 0.43%, 0, 0, 1, 390.86
1606748463, 2616, 1, 3, 0, 0, 0.43%, 0, 0, 1, 388.98
1606748468, 2618, 2, 3, 0, 0, 0.43%, 0, 0, 1, 378.53
1606748473, 2621, 0, 3, 0, 0, 0.43%, 0, 0, 1, 366.80
1606748478, 2623, 2, 3, 0, 0, 0.43%, 0, 0, 1, 375.18
1606748483, 2626, 1, 3, 0, 0, 0.43%, 0, 0, 1, 382.26
1606748488, 2628, 2, 3, 0, 0, 0.43%, 0, 0, 1, 379.72
1606748493, 2631, 1, 3, 0, 0, 0.43%, 0, 0, 1, 374.38
1606748498, 2633, 2, 3, 0, 0, 0.43%, 0, 0, 1, 383.47
1606748504, 2636, 1, 3, 0, 0, 0.43%, 0, 0, 1, 380.86
1606748509, 2638, 2, 3, 0, 0, 0.43%, 0, 0, 1, 375.42
1606748514, 2641, 1, 3, 0, 0, 0.43%, 0, 0, 1, 381.28
1606748519, 2643, 2, 3, 0, 0, 0.43%, 0, 0, 1, 383.81
1606748524, 2646, 1, 3, 0, 0, 0.43%, 0, 0, 1, 385.68
1606748529, 2648, 2, 3, 0, 0, 0.43%, 0, 0, 1, 383.51
1606748534, 2651, 1, 3, 0, 0, 0.43%, 0, 0, 1, 384.51
1606748539, 2654, 0, 3, 0, 0, 0.43%, 0, 0, 1, 384.59
1606748544, 2656, 1, 3, 0, 0, 0.43%, 0, 0, 1, 371.44
1606748549, 2659, 0, 3, 0, 0, 0.43%, 0, 0, 1, 374.68
1606748554, 2661, 1, 3, 0, 0, 0.43%, 0, 0, 1, 375.87
1606748559, 2664, 0, 3, 0, 0, 0.43%, 0, 0, 1, 376.25
1606748565, 2666, 1, 3, 0, 0, 0.43%, 0, 0, 1, 372.73
1606748570, 2669, 0, 3, 0, 0, 0.43%, 0, 0, 1, 374.12
1606748575, 2671, 1, 3, 0, 0, 0.43%, 0, 0, 1, 379.79
1606748580, 2674, 0, 3, 0, 0, 0.43%, 0, 0, 1, 384.30
1606748585, 2676, 1, 3, 0, 0, 0.43%, 0, 0, 1, 382.73
1606748590, 2679, 0, 3, 0, 0, 0.43%, 0, 0, 1, 375.10
1606748595, 2681, 2, 3, 0, 0, 0.43%, 0, 0, 1, 378.16
1606748600, 2684, 0, 3, 0, 0, 0.43%, 0, 0, 1, 382.44
1606748605, 2686, 2, 3, 0, 0, 0.43%, 0, 0, 1, 386.45
1606748611, 2689, 0, 3, 0, 0, 0.43%, 0, 0, 1, 371.21
1606748616, 2691, 0, 3, 0, 0, 0.43%, 0, 0, 1, 301.63
1606748621, 2692, 2, 3, 0, 0, 0.43%, 0, 0, 1, 287.11
1606748626, 2694, 2, 3, 0, 0, 0.43%, 0, 0, 1, 289.21
1606748631, 2696, 2, 3, 0, 0, 0.43%, 0, 0, 1, 289.36
1606748636, 2698, 2, 3, 0, 0, 0.43%, 0, 0, 1, 309.69
1606748641, 2701, 0, 3, 0, 0, 0.43%, 0, 0, 1, 369.57
1606748646, 2703, 2, 3, 0, 0, 0.43%, 0, 0, 1, 376.93
1606748651, 2706, 0, 3, 0, 0, 0.43%, 0, 0, 1, 383.12
1606748656, 2708, 2, 3, 0, 0, 0.43%, 0, 0, 1, 383.92
1606748661, 2711, 1, 3, 0, 0, 0.43%, 0, 0, 1, 384.80
1606748666, 2713, 2, 3, 0, 0, 0.43%, 0, 0, 1, 378.61
1606748671, 2716, 1, 3, 0, 0, 0.43%, 0, 0, 1, 381.30
1606748677, 2719, 0, 3, 0, 0, 0.43%, 0, 0, 1, 383.51
1606748682, 2721, 2, 3, 0, 0, 0.43%, 0, 0, 1, 384.88
1606748687, 2724, 0, 3, 0, 0, 0.43%, 0, 0, 1, 378.88
1606748692, 2726, 1, 3, 0, 0, 0.43%, 0, 0, 1, 378.11
1606748697, 2729, 0, 3, 0, 0, 0.43%, 0, 0, 1, 382.99
1606748702, 2731, 2, 3, 0, 0, 0.43%, 0, 0, 1, 376.36
1606748707, 2734, 0, 3, 0, 0, 0.43%, 0, 0, 1, 375.14
1606748712, 2736, 1, 3, 0, 0, 0.43%, 0, 0, 1, 361.77
1606748717, 2738, 2, 3, 0, 0, 0.43%, 0, 0, 1, 359.77
1606748722, 2741, 1, 3, 0, 0, 0.43%, 0, 0, 1, 374.40
1606748727, 2743, 2, 3, 0, 0, 0.43%, 0, 0, 1, 369.59
1606748732, 2746, 0, 3, 0, 0, 0.43%, 0, 0, 1, 364.35
1606748737, 2748, 1, 3, 0, 0, 0.43%, 0, 0, 1, 370.52
1606748742, 2751, 0, 3, 0, 0, 0.43%, 0, 0, 1, 381.23
1606748748, 2753, 2, 3, 0, 0, 0.43%, 0, 0, 1, 375.72
1606748753, 2756, 0, 3, 0, 0, 0.43%, 0, 0, 1, 370.91
1606748758, 2758, 1, 3, 0, 0, 0.43%, 0, 0, 1, 375.55
1606748763, 2760, 2, 3, 0, 0, 0.43%, 0, 0, 1, 370.40
1606748768, 2763, 1, 3, 0, 0, 0.43%, 0, 0, 1, 362.46
1606748773, 2765, 2, 3, 0, 0, 0.43%, 0, 0, 1, 354.37
1606748778, 2768, 0, 3, 0, 0, 0.43%, 0, 0, 1, 371.64
1606748783, 2770, 1, 3, 0, 0, 0.43%, 0, 0, 1, 358.89
1606748788, 2773, 0, 3, 0, 0, 0.43%, 0, 0, 1, 371.05
1606748793, 2775, 1, 3, 0, 0, 0.43%, 0, 0, 1, 356.70
1606748799, 2778, 0, 3, 0, 0, 0.43%, 0, 0, 1, 367.19
1606748804, 2780, 0, 3, 0, 0, 0.43%, 0, 0, 1, 353.36
1606748809, 2782, 2, 3, 0, 0, 0.43%, 0, 0, 1, 373.68
1606748814, 2785, 0, 3, 0, 0, 0.43%, 0, 0, 1, 355.15
1606748819, 2787, 1, 3, 0, 0, 0.43%, 0, 0, 1, 366.46
1606748824, 2789, 2, 3, 0, 0, 0.43%, 0, 0, 1, 361.26
1606748829, 2792, 0, 3, 0, 0, 0.43%, 0, 0, 1, 360.23
1606748834, 2794, 1, 3, 0, 0, 0.43%, 0, 0, 1, 362.42
1606748839, 2797, 0, 3, 0, 0, 0.43%, 0, 0, 1, 362.77
1606748844, 2799, 1, 3, 0, 0, 0.43%, 0, 0, 1, 355.22
1606748849, 2801, 2, 3, 0, 0, 0.43%, 0, 0, 1, 355.51
1606748854, 2804, 0, 3, 0, 0, 0.43%, 0, 0, 1, 359.00
1606748859, 2806, 1, 3, 0, 0, 0.43%, 0, 0, 1, 351.83
1606748864, 2808, 2, 3, 0, 0, 0.43%, 0, 0, 1, 346.79
1606748869, 2811, 0, 3, 0, 0, 0.43%, 0, 0, 1, 358.01
1606748874, 2813, 1, 3, 0, 0, 0.43%, 0, 0, 1, 361.80
1606748879, 2815, 2, 3, 0, 0, 0.43%, 0, 0, 1, 359.55
1606748885, 2818, 0, 3, 0, 0, 0.43%, 0, 0, 1, 359.08
1606748890, 2820, 1, 3, 0, 0, 0.43%, 0, 0, 1, 353.68
1606748895, 2822, 2, 3, 0, 0, 0.43%, 0, 0, 1, 353.89
1606748900, 2825, 0, 3, 0, 0, 0.43%, 0, 0, 1, 347.90
1606748905, 2827, 0, 3, 0, 0, 0.43%, 0, 0, 1, 342.54
1606748910, 2829, 1, 3, 0, 0, 0.43%, 0, 0, 1, 354.84
1606748915, 2832, 0, 3, 0, 0, 0.43%, 0, 0, 1, 355.36
1606748920, 2834, 0, 3, 0, 0, 0.43%, 0, 0, 1, 359.08
1606748925, 2836, 2, 3, 0, 0, 0.43%, 0, 0, 1, 364.36
1606748930, 2838, 1, 3, 0, 0, 0.43%, 0, 0, 1, 281.46
1606748935, 2840, 2, 3, 0, 0, 0.43%, 0, 0, 1, 355.62
1606748940, 2843, 0, 3, 0, 0, 0.43%, 0, 0, 1, 361.03
1606748945, 2845, 2, 3, 0, 0, 0.43%, 0, 0, 1, 364.61
1606748950, 2848, 0, 3, 0, 0, 0.43%, 0, 0, 1, 369.08
1606748955, 2850, 1, 3, 0, 0, 0.43%, 0, 0, 1, 355.15
1606748960, 2852, 2, 3, 0, 0, 0.43%, 0, 0, 1, 343.39
1606748965, 2854, 2, 3, 0, 0, 0.43%, 0, 0, 1, 332.77
1606748971, 2857, 0, 3, 0, 0, 0.43%, 0, 0, 1, 350.87
1606748976, 2859, 2, 3, 0, 0, 0.43%, 0, 0, 1, 366.34
1606748981, 2862, 0, 3, 0, 0, 0.43%, 0, 0, 1, 365.18
1606748986, 2864, 1, 3, 0, 0, 0.43%, 0, 0, 1, 353.83
1606748991, 2866, 2, 3, 0, 0, 0.43%, 0, 0, 1, 353.10
1606748996, 2869, 0, 3, 0, 0, 0.43%, 0, 0, 1, 350.01
1606749001, 2871, 1, 3, 0, 0, 0.43%, 0, 0, 1, 346.91
1606749006, 2873, 2, 3, 0, 0, 0.43%, 0, 0, 1, 346.08
1606749011, 2876, 0, 3, 0, 0, 0.43%, 0, 0, 1, 349.79
1606749017, 2878, 0, 3, 0, 0, 0.43%, 0, 0, 1, 336.27
1606749022, 2880, 2, 3, 0, 0, 0.43%, 0, 0, 1, 350.65
1606749027, 2882, 2, 3, 0, 0, 0.43%, 0, 0, 1, 347.18
1606749032, 2885, 0, 3, 0, 0, 0.43%, 0, 0, 1, 344.18
1606749037, 2887, 1, 3, 0, 0, 0.43%, 0, 0, 1, 347.10
1606749042, 2889, 2, 3, 0, 0, 0.43%, 0, 0, 1, 352.96
1606749047, 2892, 0, 3, 0, 0, 0.43%, 0, 0, 1, 345.98
1606749052, 2894, 1, 3, 0, 0, 0.43%, 0, 0, 1, 345.40
1606749057, 2896, 2, 3, 0, 0, 0.43%, 0, 0, 1, 353.06
1606749062, 2899, 0, 3, 0, 0, 0.43%, 0, 0, 1, 355.24
1606749067, 2901, 1, 3, 0, 0, 0.43%, 0, 0, 1, 359.25
1606749072, 2903, 2, 3, 0, 0, 0.43%, 0, 0, 1, 357.19
1606749077, 2906, 0, 3, 0, 0, 0.43%, 0, 0, 1, 353.48
1606749082, 2908, 1, 3, 0, 0, 0.43%, 0, 0, 1, 357.58
1606749088, 2910, 2, 3, 0, 0, 0.43%, 0, 0, 1, 341.20
1606749093, 2913, 0, 3, 0, 0, 0.43%, 0, 0, 1, 354.05
1606749098, 2915, 1, 3, 0, 0, 0.43%, 0, 0, 1, 358.50
1606749103, 2917, 2, 3, 0, 0, 0.43%, 0, 0, 1, 358.87
1606749108, 2920, 0, 3, 0, 0, 0.43%, 0, 0, 1, 353.78
1606749113, 2922, 1, 3, 0, 0, 0.43%, 0, 0, 1, 355.70
1606749118, 2924, 2, 3, 0, 0, 0.43%, 0, 0, 1, 361.20
1606749123, 2927, 0, 3, 0, 0, 0.43%, 0, 0, 1, 360.23
1606749128, 2929, 1, 3, 0, 0, 0.43%, 0, 0, 1, 351.54
1606749133, 2931, 2, 3, 0, 0, 0.43%, 0, 0, 1, 357.03
1606749138, 2934, 0, 3, 0, 0, 0.43%, 0, 0, 1, 353.68
1606749143, 2936, 1, 3, 0, 0, 0.43%, 0, 0, 1, 347.98
1606749148, 2938, 2, 3, 0, 0, 0.43%, 0, 0, 1, 357.67
1606749153, 2941, 0, 3, 0, 0, 0.43%, 0, 0, 1, 353.25
1606749158, 2943, 1, 3, 0, 0, 0.43%, 0, 0, 1, 360.35
1606749163, 2945, 2, 3, 0, 0, 0.43%, 0, 0, 1, 360.76
1606749168, 2948, 0, 3, 0, 0, 0.43%, 0, 0, 1, 357.94
1606749174, 2950, 1, 3, 0, 0, 0.43%, 0, 0, 1, 359.98
1606749179, 2953, 0, 3, 0, 0, 0.43%, 0, 0, 1, 360.53
1606749184, 2955, 1, 3, 0, 0, 0.43%, 0, 0, 1, 362.50
1606749189, 2957, 2, 3, 0, 0, 0.43%, 0, 0, 1, 360.17
1606749194, 2960, 0, 3, 0, 0, 0.43%, 0, 0, 1, 363.42
1606749199, 2962, 1, 3, 0, 0, 0.43%, 0, 0, 1, 361.30
1606749204, 2964, 2, 3, 0, 0, 0.43%, 0, 0, 1, 360.92
1606749209, 2967, 0, 3, 0, 0, 0.43%, 0, 0, 1, 354.42
1606749214, 2969, 1, 3, 0, 0, 0.43%, 0, 0, 1, 355.81
1606749219, 2971, 2, 3, 0, 0, 0.43%, 0, 0, 1, 358.70
1606749224, 2974, 0, 3, 0, 0, 0.43%, 0, 0, 1, 359.63
1606749229, 2976, 1, 3, 0, 0, 0.43%, 0, 0, 1, 353.93
1606749234, 2978, 2, 3, 0, 0, 0.43%, 0, 0, 1, 349.69
1606749239, 2981, 0, 3, 0, 0, 0.43%, 0, 0, 1, 348.82
1606749244, 2983, 1, 3, 0, 0, 0.43%, 0, 0, 1, 348.59
1606749249, 2985, 2, 3, 0, 0, 0.43%, 0, 0, 1, 345.39
1606749255, 2988, 0, 3, 0, 0, 0.43%, 0, 0, 1, 351.62
1606749260, 2990, 1, 3, 0, 0, 0.43%, 0, 0, 1, 354.04
1606749265, 2992, 2, 3, 0, 0, 0.43%, 0, 0, 1, 357.67
1606749270, 2995, 0, 3, 0, 0, 0.43%, 0, 0, 1, 358.00
1606749275, 2997, 1, 3, 0, 0, 0.43%, 0, 0, 1, 358.28
1606749280, 2999, 2, 3, 0, 0, 0.43%, 0, 0, 1, 360.75
1606749285, 3002, 0, 3, 0, 0, 0.43%, 0, 0, 1, 359.50
1606749290, 3004, 1, 3, 0, 0, 0.43%, 0, 0, 1, 356.14
1606749295, 3006, 2, 3, 0, 0, 0.43%, 0, 0, 1, 353.74
1606749300, 3009, 0, 3, 0, 0, 0.43%, 0, 0, 1, 355.03
1606749305, 3011, 1, 3, 0, 0, 0.43%, 0, 0, 1, 345.81
1606749310, 3013, 2, 3, 0, 0, 0.43%, 0, 0, 1, 353.39
1606749315, 3016, 0, 3, 0, 0, 0.43%, 0, 0, 1, 358.76
1606749320, 3018, 1, 3, 0, 0, 0.43%, 0, 0, 1, 355.97
1606749325, 3020, 2, 3, 0, 0, 0.43%, 0, 0, 1, 354.76
1606749330, 3023, 0, 3, 0, 0, 0.43%, 0, 0, 1, 360.73
1606749335, 3025, 2, 3, 0, 0, 0.43%, 0, 0, 1, 363.00
