# unix_time, cycles_done, cur_path, paths_total, pending_total, pending_favs, map_size, unique_crashes, unique_hangs, max_depth, execs_per_sec
1606739510, 0, 0, 3, 3, 1, 0.43%, 0, 0, 1, 685.71
1606739515, 1, 0, 3, 2, 0, 0.43%, 0, 0, 1, 439.97
1606739520, 1, 1, 3, 1, 0, 0.43%, 0, 0, 1, 388.35
1606739526, 2, 2, 3, 0, 0, 0.43%, 0, 0, 1, 380.03
1606739531, 5, 0, 3, 0, 0, 0.43%, 0, 0, 1, 381.85
1606739536, 7, 2, 3, 0, 0, 0.43%, 0, 0, 1, 378.61
1606739541, 10, 1, 3, 0, 0, 0.43%, 0, 0, 1, 377.99
1606739546, 12, 2, 3, 0, 0, 0.43%, 0, 0, 1, 376.13
1606739551, 15, 1, 3, 0, 0, 0.43%, 0, 0, 1, 377.27
1606739557, 17, 2, 3, 0, 0, 0.43%, 0, 0, 1, 371.45
1606739562, 20, 1, 3, 0, 0, 0.43%, 0, 0, 1, 372.75
1606739567, 22, 2, 3, 0, 0, 0.43%, 0, 0, 1, 365.10
1606739572, 25, 0, 3, 0, 0, 0.43%, 0, 0, 1, 355.08
1606739577, 27, 1, 3, 0, 0, 0.43%, 0, 0, 1, 347.09
1606739582, 29, 2, 3, 0, 0, 0.43%, 0, 0, 1, 357.83
1606739587, 32, 0, 3, 0, 0, 0.43%, 0, 0, 1, 355.13
1606739592, 34, 2, 3, 0, 0, 0.43%, 0, 0, 1, 367.77
1606739597, 37, 0, 3, 0, 0, 0.43%, 0, 0, 1, 367.06
1606739603, 39, 1, 3, 0, 0, 0.43%, 0, 0, 1, 371.80
1606739608, 42, 0, 3, 0, 0, 0.43%, 0, 0, 1, 370.12
1606739613, 44, 2, 3, 0, 0, 0.43%, 0, 0, 1, 376.33
1606739618, 47, 0, 3, 0, 0, 0.43%, 0, 0, 1, 375.03
1606739623, 49, 2, 3, 0, 0, 0.43%, 0, 0, 1, 379.29
1606739628, 52, 0, 3, 0, 0, 0.43%, 0, 0, 1, 359.45
1606739634, 54, 1, 3, 0, 0, 0.43%, 0, 0, 1, 350.07
1606739639, 56, 1, 3, 0, 0, 0.43%, 0, 0, 1, 321.02
1606739644, 58, 2, 3, 0, 0, 0.43%, 0, 0, 1, 354.09
1606739649, 61, 0, 3, 0, 0, 0.43%, 0, 0, 1, 362.99
1606739654, 63, 2, 3, 0, 0, 0.43%, 0, 0, 1, 368.54
1606739659, 66, 0, 3, 0, 0, 0.43%, 0, 0, 1, 373.38
1606739664, 68, 2, 3, 0, 0, 0.43%, 0, 0, 1, 367.11
1606739669, 71, 0, 3, 0, 0, 0.43%, 0, 0, 1, 358.40
1606739674, 73, 1, 3, 0, 0, 0.43%, 0, 0, 1, 368.19
1606739679, 75, 2, 3, 0, 0, 0.43%, 0, 0, 1, 337.82
1606739685, 77, 2, 3, 0, 0, 0.43%, 0, 0, 1, 305.70
1606739690, 79, 2, 3, 0, 0, 0.43%, 0, 0, 1, 338.52
1606739695, 82, 1, 3, 0, 0, 0.43%, 0, 0, 1, 350.98
1606739700, 84, 2, 3, 0, 0, 0.43%, 0, 0, 1, 355.27
1606739705, 87, 0, 3, 0, 0, 0.43%, 0, 0, 1, 356.43
1606739710, 89, 1, 3, 0, 0, 0.43%, 0, 0, 1, 368.51
1606739715, 92, 0, 3, 0, 0, 0.43%, 0, 0, 1, 375.94
1606739721, 94, 1, 3, 0, 0, 0.43%, 0, 0, 1, 375.50
1606739726, 96, 2, 3, 0, 0, 0.43%, 0, 0, 1, 366.20
1606739731, 99, 1, 3, 0, 0, 0.43%, 0, 0, 1, 370.98
1606739736, 101, 2, 3, 0, 0, 0.43%, 0, 0, 1, 364.89
1606739741, 104, 0, 3, 0, 0, 0.43%, 0, 0, 1, 367.33
1606739746, 106, 2, 3, 0, 0, 0.43%, 0, 0, 1, 357.92
1606739751, 109, 0, 3, 0, 0, 0.43%, 0, 0, 1, 354.69
1606739756, 111, 1, 3, 0, 0, 0.43%, 0, 0, 1, 354.78
1606739761, 113, 1, 3, 0, 0, 0.43%, 0, 0, 1, 349.02
1606739766, 115, 2, 3, 0, 0, 0.43%, 0, 0, 1, 357.29
1606739771, 118, 0, 3, 0, 0, 0.43%, 0, 0, 1, 366.47
1606739776, 120, 2, 3, 0, 0, 0.43%, 0, 0, 1, 369.49
1606739782, 123, 0, 3, 0, 0, 0.43%, 0, 0, 1, 370.26
1606739787, 125, 2, 3, 0, 0, 0.43%, 0, 0, 1, 369.50
1606739792, 128, 0, 3, 0, 0, 0.43%, 0, 0, 1, 367.54
1606739797, 130, 2, 3, 0, 0, 0.43%, 0, 0, 1, 373.58
1606739802, 133, 0, 3, 0, 0, 0.43%, 0, 0, 1, 376.56
1606739807, 135, 2, 3, 0, 0, 0.43%, 0, 0, 1, 376.46
1606739813, 138, 1, 3, 0, 0, 0.43%, 0, 0, 1, 373.95
1606739818, 140, 2, 3, 0, 0, 0.43%, 0, 0, 1, 376.21
1606739823, 143, 1, 3, 0, 0, 0.43%, 0, 0, 1, 377.27
1606739828, 145, 2, 3, 0, 0, 0.43%, 0, 0, 1, 374.91
1606739833, 148, 1, 3, 0, 0, 0.43%, 0, 0, 1, 375.48
1606739838, 151, 0, 3, 0, 0, 0.43%, 0, 0, 1, 378.11
1606739844, 153, 1, 3, 0, 0, 0.43%, 0, 0, 1, 377.07
1606739849, 156, 0, 3, 0, 0, 0.43%, 0, 0, 1, 376.47
1606739854, 158, 2, 3, 0, 0, 0.43%, 0, 0, 1, 376.13
1606739859, 161, 0, 3, 0, 0, 0.43%, 0, 0, 1, 376.85
1606739864, 163, 2, 3, 0, 0, 0.43%, 0, 0, 1, 377.87
1606739869, 166, 0, 3, 0, 0, 0.43%, 0, 0, 1, 359.30
1606739875, 168, 2, 3, 0, 0, 0.43%, 0, 0, 1, 372.15
1606739880, 171, 0, 3, 0, 0, 0.43%, 0, 0, 1, 377.34
1606739885, 173, 2, 3, 0, 0, 0.43%, 0, 0, 1, 379.34
1606739890, 176, 1, 3, 0, 0, 0.43%, 0, 0, 1, 377.26
1606739895, 178, 2, 3, 0, 0, 0.43%, 0, 0, 1, 368.94
1606739901, 181, 0, 3, 0, 0, 0.43%, 0, 0, 1, 364.94
1606739906, 183, 2, 3, 0, 0, 0.43%, 0, 0, 1, 369.25
1606739911, 186, 1, 3, 0, 0, 0.43%, 0, 0, 1, 374.87
1606739916, 188, 2, 3, 0, 0, 0.43%, 0, 0, 1, 363.13
1606739921, 191, 0, 3, 0, 0, 0.43%, 0, 0, 1, 357.79
1606739926, 193, 1, 3, 0, 0, 0.43%, 0, 0, 1, 362.27
1606739931, 195, 2, 3, 0, 0, 0.43%, 0, 0, 1, 364.27
1606739936, 198, 0, 3, 0, 0, 0.43%, 0, 0, 1, 356.58
1606739941, 200, 1, 3, 0, 0, 0.43%, 0, 0, 1, 355.57
1606739946, 202, 2, 3, 0, 0, 0.43%, 0, 0, 1, 338.80
1606739952, 205, 0, 3, 0, 0, 0.43%, 0, 0, 1, 365.06
1606739957, 207, 2, 3, 0, 0, 0.43%, 0, 0, 1, 370.21
1606739962, 210, 0, 3, 0, 0, 0.43%, 0, 0, 1, 376.50
1606739967, 212, 2, 3, 0, 0, 0.43%, 0, 0, 1, 376.03
1606739972, 215, 0, 3, 0, 0, 0.43%, 0, 0, 1, 371.46
1606739977, 217, 2, 3, 0, 0, 0.43%, 0, 0, 1, 369.74
1606739982, 220, 0, 3, 0, 0, 0.43%, 0, 0, 1, 360.99
1606739988, 222, 1, 3, 0, 0, 0.43%, 0, 0, 1, 364.34
1606739993, 225, 0, 3, 0, 0, 0.43%, 0, 0, 1, 367.52
1606739998, 227, 1, 3, 0, 0, 0.43%, 0, 0, 1, 367.05
1606740003, 229, 2, 3, 0, 0, 0.43%, 0, 0, 1, 353.49
1606740008, 232, 0, 3, 0, 0, 0.43%, 0, 0, 1, 329.31
1606740013, 234, 1, 3, 0, 0, 0.43%, 0, 0, 1, 342.25
1606740018, 236, 2, 3, 0, 0, 0.43%, 0, 0, 1, 362.46
1606740024, 239, 0, 3, 0, 0, 0.43%, 0, 0, 1, 367.36
1606740029, 241, 2, 3, 0, 0, 0.43%, 0, 0, 1, 370.28
1606740034, 244, 0, 3, 0, 0, 0.43%, 0, 0, 1, 362.20
1606740039, 246, 1, 3, 0, 0, 0.43%, 0, 0, 1, 368.08
1606740044, 248, 2, 3, 0, 0, 0.43%, 0, 0, 1, 362.08
1606740049, 251, 0, 3, 0, 0, 0.43%, 0, 0, 1, 360.96
1606740054, 253, 1, 3, 0, 0, 0.43%, 0, 0, 1, 368.46
1606740059, 256, 0, 3, 0, 0, 0.43%, 0, 0, 1, 372.85
1606740064, 258, 1, 3, 0, 0, 0.43%, 0, 0, 1, 365.15
1606740069, 261, 0, 3, 0, 0, 0.43%, 0, 0, 1, 372.63
1606740074, 263, 1, 3, 0, 0, 0.43%, 0, 0, 1, 372.89
1606740079, 265, 2, 3, 0, 0, 0.43%, 0, 0, 1, 371.01
1606740084, 268, 1, 3, 0, 0, 0.43%, 0, 0, 1, 371.45
1606740089, 270, 2, 3, 0, 0, 0.43%, 0, 0, 1, 369.70
1606740095, 273, 0, 3, 0, 0, 0.43%, 0, 0, 1, 365.36
1606740100, 275, 2, 3, 0, 0, 0.43%, 0, 0, 1, 376.05
1606740105, 278, 0, 3, 0, 0, 0.43%, 0, 0, 1, 368.97
1606740110, 280, 2, 3, 0, 0, 0.43%, 0, 0, 1, 373.22
1606740115, 283, 0, 3, 0, 0, 0.43%, 0, 0, 1, 368.55
1606740120, 285, 1, 3, 0, 0, 0.43%, 0, 0, 1, 370.76
1606740125, 288, 0, 3, 0, 0, 0.43%, 0, 0, 1, 375.42
1606740130, 290, 1, 3, 0, 0, 0.43%, 0, 0, 1, 366.51
1606740135, 292, 2, 3, 0, 0, 0.43%, 0, 0, 1, 360.38
1606740140, 295, 0, 3, 0, 0, 0.43%, 0, 0, 1, 363.78
1606740146, 297, 2, 3, 0, 0, 0.43%, 0, 0, 1, 367.62
1606740151, 300, 0, 3, 0, 0, 0.43%, 0, 0, 1, 362.54
1606740156, 302, 1, 3, 0, 0, 0.43%, 0, 0, 1, 352.98
1606740161, 304, 2, 3, 0, 0, 0.43%, 0, 0, 1, 360.19
1606740166, 307, 0, 3, 0, 0, 0.43%, 0, 0, 1, 359.91
1606740171, 309, 1, 3, 0, 0, 0.43%, 0, 0, 1, 363.47
1606740176, 311, 2, 3, 0, 0, 0.43%, 0, 0, 1, 353.88
1606740181, 313, 2, 3, 0, 0, 0.43%, 0, 0, 1, 296.70
1606740186, 316, 0, 3, 0, 0, 0.43%, 0, 0, 1, 342.84
1606740192, 318, 2, 3, 0, 0, 0.43%, 0, 0, 1, 369.17
1606740197, 321, 0, 3, 0, 0, 0.43%, 0, 0, 1, 368.54
1606740202, 323, 1, 3, 0, 0, 0.43%, 0, 0, 1, 372.15
1606740207, 326, 0, 3, 0, 0, 0.43%, 0, 0, 1, 373.36
1606740212, 328, 1, 3, 0, 0, 0.43%, 0, 0, 1, 362.72
1606740217, 330, 2, 3, 0, 0, 0.43%, 0, 0, 1, 372.73
1606740222, 333, 1, 3, 0, 0, 0.43%, 0, 0, 1, 369.10
1606740227, 335, 2, 3, 0, 0, 0.43%, 0, 0, 1, 376.94
1606740233, 338, 1, 3, 0, 0, 0.43%, 0, 0, 1, 375.52
1606740238, 341, 0, 3, 0, 0, 0.43%, 0, 0, 1, 376.07
1606740243, 343, 1, 3, 0, 0, 0.43%, 0, 0, 1, 375.91
1606740248, 346, 0, 3, 0, 0, 0.43%, 0, 0, 1, 375.26
1606740253, 348, 1, 3, 0, 0, 0.43%, 0, 0, 1, 359.07
1606740258, 351, 0, 3, 0, 0, 0.43%, 0, 0, 1, 371.00
1606740263, 353, 1, 3, 0, 0, 0.43%, 0, 0, 1, 372.73
1606740269, 355, 2, 3, 0, 0, 0.43%, 0, 0, 1, 339.40
1606740274, 357, 2, 3, 0, 0, 0.43%, 0, 0, 1, 329.78
1606740279, 360, 0, 3, 0, 0, 0.43%, 0, 0, 1, 352.28
1606740284, 362, 1, 3, 0, 0, 0.43%, 0, 0, 1, 356.50
1606740289, 365, 0, 3, 0, 0, 0.43%, 0, 0, 1, 372.69
1606740294, 367, 2, 3, 0, 0, 0.43%, 0, 0, 1, 370.07
1606740299, 370, 0, 3, 0, 0, 0.43%, 0, 0, 1, 367.97
1606740304, 372, 1, 3, 0, 0, 0.43%, 0, 0, 1, 340.76
1606740309, 374, 1, 3, 0, 0, 0.43%, 0, 0, 1, 342.18
1606740314, 376, 2, 3, 0, 0, 0.43%, 0, 0, 1, 342.09
1606740319, 379, 0, 3, 0, 0, 0.43%, 0, 0, 1, 342.29
1606740325, 381, 1, 3, 0, 0, 0.43%, 0, 0, 1, 366.13
1606740330, 384, 0, 3, 0, 0, 0.43%, 0, 0, 1, 372.33
1606740335, 386, 1, 3, 0, 0, 0.43%, 0, 0, 1, 360.44
1606740340, 388, 2, 3, 0, 0, 0.43%, 0, 0, 1, 353.28
1606740345, 391, 0, 3, 0, 0, 0.43%, 0, 0, 1, 369.86
1606740350, 393, 2, 3, 0, 0, 0.43%, 0, 0, 1, 364.82
1606740355, 396, 0, 3, 0, 0, 0.43%, 0, 0, 1, 362.81
1606740360, 398, 1, 3, 0, 0, 0.43%, 0, 0, 1, 371.86
1606740365, 400, 2, 3, 0, 0, 0.43%, 0, 0, 1, 359.45
1606740370, 403, 1, 3, 0, 0, 0.43%, 0, 0, 1, 372.16
1606740375, 405, 2, 3, 0, 0, 0.43%, 0, 0, 1, 363.30
1606740380, 408, 0, 3, 0, 0, 0.43%, 0, 0, 1, 367.40
1606740385, 410, 1, 3, 0, 0, 0.43%, 0, 0, 1, 366.42
1606740390, 412, 2, 3, 0, 0, 0.43%, 0, 0, 1, 366.26
1606740396, 415, 1, 3, 0, 0, 0.43%, 0, 0, 1, 371.36
1606740401, 417, 2, 3, 0, 0, 0.43%, 0, 0, 1, 363.68
1606740406, 420, 0, 3, 0, 0, 0.43%, 0, 0, 1, 356.65
1606740411, 422, 1, 3, 0, 0, 0.43%, 0, 0, 1, 351.57
1606740416, 424, 2, 3, 0, 0, 0.43%, 0, 0, 1, 354.55
1606740421, 426, 2, 3, 0, 0, 0.43%, 0, 0, 1, 348.78
1606740426, 429, 1, 3, 0, 0, 0.43%, 0, 0, 1, 362.04
1606740431, 431, 2, 3, 0, 0, 0.43%, 0, 0, 1, 359.62
1606740436, 434, 0, 3, 0, 0, 0.43%, 0, 0, 1, 370.46
1606740441, 436, 2, 3, 0, 0, 0.43%, 0, 0, 1, 376.89
1606740447, 439, 0, 3, 0, 0, 0.43%, 0, 0, 1, 376.93
1606740452, 441, 2, 3, 0, 0, 0.43%, 0, 0, 1, 361.90
1606740457, 444, 0, 3, 0, 0, 0.43%, 0, 0, 1, 370.91
1606740462, 446, 2, 3, 0, 0, 0.43%, 0, 0, 1, 364.23
1606740467, 449, 0, 3, 0, 0, 0.43%, 0, 0, 1, 364.06
1606740472, 451, 1, 3, 0, 0, 0.43%, 0, 0, 1, 375.00
1606740477, 454, 0, 3, 0, 0, 0.43%, 0, 0, 1, 367.82
1606740482, 456, 1, 3, 0, 0, 0.43%, 0, 0, 1, 370.31
1606740487, 458, 2, 3, 0, 0, 0.43%, 0, 0, 1, 371.63
1606740493, 461, 1, 3, 0, 0, 0.43%, 0, 0, 1, 375.47
1606740498, 463, 2, 3, 0, 0, 0.43%, 0, 0, 1, 375.14
1606740503, 466, 1, 3, 0, 0, 0.43%, 0, 0, 1, 370.85
1606740508, 468, 2, 3, 0, 0, 0.43%, 0, 0, 1, 363.03
1606740513, 471, 0, 3, 0, 0, 0.43%, 0, 0, 1, 358.91
1606740518, 473, 1, 3, 0, 0, 0.43%, 0, 0, 1, 368.04
1606740523, 475, 2, 3, 0, 0, 0.43%, 0, 0, 1, 362.48
1606740528, 478, 0, 3, 0, 0, 0.43%, 0, 0, 1, 355.04
1606740533, 480, 2, 3, 0, 0, 0.43%, 0, 0, 1, 363.13
1606740538, 483, 0, 3, 0, 0, 0.43%, 0, 0, 1, 369.64
1606740543, 485, 1, 3, 0, 0, 0.43%, 0, 0, 1, 365.21
1606740548, 487, 2, 3, 0, 0, 0.43%, 0, 0, 1, 368.43
1606740553, 490, 1, 3, 0, 0, 0.43%, 0, 0, 1, 359.71
1606740559, 492, 2, 3, 0, 0, 0.43%, 0, 0, 1, 363.53
1606740564, 495, 0, 3, 0, 0, 0.43%, 0, 0, 1, 369.34
1606740569, 497, 1, 3, 0, 0, 0.43%, 0, 0, 1, 356.64
1606740574, 499, 2, 3, 0, 0, 0.43%, 0, 0, 1, 361.90
1606740579, 502, 0, 3, 0, 0, 0.43%, 0, 0, 1, 364.45
1606740584, 504, 2, 3, 0, 0, 0.43%, 0, 0, 1, 365.75
1606740589, 507, 0, 3, 0, 0, 0.43%, 0, 0, 1, 363.02
1606740594, 509, 1, 3, 0, 0, 0.43%, 0, 0, 1, 372.02
1606740599, 512, 0, 3, 0, 0, 0.43%, 0, 0, 1, 378.35
1606740604, 514, 1, 3, 0, 0, 0.43%, 0, 0, 1, 374.72
1606740609, 516, 2, 3, 0, 0, 0.43%, 0, 0, 1, 367.46
1606740614, 519, 1, 3, 0, 0, 0.43%, 0, 0, 1, 367.34
1606740619, 521, 2, 3, 0, 0, 0.43%, 0, 0, 1, 370.26
1606740625, 524, 1, 3, 0, 0, 0.43%, 0, 0, 1, 373.64
1606740630, 526, 2, 3, 0, 0, 0.43%, 0, 0, 1, 370.95
1606740635, 529, 0, 3, 0, 0, 0.43%, 0, 0, 1, 366.51
1606740640, 531, 1, 3, 0, 0, 0.43%, 0, 0, 1, 366.34
1606740645, 534, 0, 3, 0, 0, 0.43%, 0, 0, 1, 371.00
1606740650, 536, 1, 3, 0, 0, 0.43%, 0, 0, 1, 369.16
1606740655, 539, 0, 3, 0, 0, 0.43%, 0, 0, 1, 365.46
1606740660, 541, 1, 3, 0, 0, 0.43%, 0, 0, 1, 366.93
1606740665, 543, 2, 3, 0, 0, 0.43%, 0, 0, 1, 370.96
1606740670, 546, 0, 3, 0, 0, 0.43%, 0, 0, 1, 367.81
1606740675, 548, 1, 3, 0, 0, 0.43%, 0, 0, 1, 364.77
1606740681, 551, 0, 3, 0, 0, 0.43%, 0, 0, 1, 367.33
1606740686, 553, 2, 3, 0, 0, 0.43%, 0, 0, 1, 374.87
1606740691, 556, 0, 3, 0, 0, 0.43%, 0, 0, 1, 375.58
1606740696, 558, 1, 3, 0, 0, 0.43%, 0, 0, 1, 367.75
1606740701, 561, 0, 3, 0, 0, 0.43%, 0, 0, 1, 368.13
1606740706, 563, 1, 3, 0, 0, 0.43%, 0, 0, 1, 372.51
1606740711, 566, 0, 3, 0, 0, 0.43%, 0, 0, 1, 374.98
1606740716, 568, 1, 3, 0, 0, 0.43%, 0, 0, 1, 372.20
1606740722, 570, 2, 3, 0, 0, 0.43%, 0, 0, 1, 357.37
1606740727, 573, 1, 3, 0, 0, 0.43%, 0, 0, 1, 373.29
1606740732, 575, 2, 3, 0, 0, 0.43%, 0, 0, 1, 377.31
1606740737, 578, 1, 3, 0, 0, 0.43%, 0, 0, 1, 377.75
1606740742, 581, 0, 3, 0, 0, 0.43%, 0, 0, 1, 378.16
1606740747, 583, 1, 3, 0, 0, 0.43%, 0, 0, 1, 370.59
1606740752, 585, 2, 3, 0, 0, 0.43%, 0, 0, 1, 376.56
1606740757, 588, 1, 3, 0, 0, 0.43%, 0, 0, 1, 378.60
1606740763, 591, 0, 3, 0, 0, 0.43%, 0, 0, 1, 375.79
1606740768, 593, 1, 3, 0, 0, 0.43%, 0, 0, 1, 371.50
1606740773, 596, 0, 3, 0, 0, 0.43%, 0, 0, 1, 369.98
1606740778, 598, 1, 3, 0, 0, 0.43%, 0, 0, 1, 366.03
1606740783, 601, 0, 3, 0, 0, 0.43%, 0, 0, 1, 376.97
1606740788, 603, 1, 3, 0, 0, 0.43%, 0, 0, 1, 371.56
1606740794, 606, 0, 3, 0, 0, 0.43%, 0, 0, 1, 367.11
1606740799, 608, 1, 3, 0, 0, 0.43%, 0, 0, 1, 365.60
1606740804, 610, 2, 3, 0, 0, 0.43%, 0, 0, 1, 366.77
1606740809, 613, 1, 3, 0, 0, 0.43%, 0, 0, 1, 373.49
1606740814, 615, 2, 3, 0, 0, 0.43%, 0, 0, 1, 366.98
1606740819, 618, 0, 3, 0, 0, 0.43%, 0, 0, 1, 362.56
1606740824, 620, 2, 3, 0, 0, 0.43%, 0, 0, 1, 370.37
1606740830, 623, 0, 3, 0, 0, 0.43%, 0, 0, 1, 358.87
1606740835, 625, 2, 3, 0, 0, 0.43%, 0, 0, 1, 369.60
1606740840, 628, 0, 3, 0, 0, 0.43%, 0, 0, 1, 368.55
1606740845, 630, 1, 3, 0, 0, 0.43%, 0, 0, 1, 360.35
1606740850, 633, 0, 3, 0, 0, 0.43%, 0, 0, 1, 360.07
1606740855, 635, 1, 3, 0, 0, 0.43%, 0, 0, 1, 360.01
1606740861, 637, 2, 3, 0, 0, 0.43%, 0, 0, 1, 365.26
1606740866, 640, 0, 3, 0, 0, 0.43%, 0, 0, 1, 358.33
1606740871, 642, 2, 3, 0, 0, 0.43%, 0, 0, 1, 357.01
1606740876, 645, 0, 3, 0, 0, 0.43%, 0, 0, 1, 361.05
1606740881, 647, 0, 3, 0, 0, 0.43%, 0, 0, 1, 344.35
1606740886, 649, 1, 3, 0, 0, 0.43%, 0, 0, 1, 341.83
1606740891, 652, 0, 3, 0, 0, 0.43%, 0, 0, 1, 354.73
1606740896, 654, 1, 3, 0, 0, 0.43%, 0, 0, 1, 355.21
1606740902, 656, 2, 3, 0, 0, 0.43%, 0, 0, 1, 361.20
1606740907, 659, 0, 3, 0, 0, 0.43%, 0, 0, 1, 362.41
1606740912, 661, 1, 3, 0, 0, 0.43%, 0, 0, 1, 354.76
1606740917, 663, 2, 3, 0, 0, 0.43%, 0, 0, 1, 356.70
1606740922, 666, 0, 3, 0, 0, 0.43%, 0, 0, 1, 361.25
1606740927, 668, 2, 3, 0, 0, 0.43%, 0, 0, 1, 363.89
1606740932, 671, 0, 3, 0, 0, 0.43%, 0, 0, 1, 372.97
1606740937, 673, 2, 3, 0, 0, 0.43%, 0, 0, 1, 375.38
1606740943, 676, 1, 3, 0, 0, 0.43%, 0, 0, 1, 376.56
1606740948, 678, 2, 3, 0, 0, 0.43%, 0, 0, 1, 377.21
1606740953, 681, 1, 3, 0, 0, 0.43%, 0, 0, 1, 373.35
1606740958, 683, 2, 3, 0, 0, 0.43%, 0, 0, 1, 375.91
1606740963, 686, 1, 3, 0, 0, 0.43%, 0, 0, 1, 368.13
1606740968, 688, 1, 3, 0, 0, 0.43%, 0, 0, 1, 352.81
1606740973, 691, 0, 3, 0, 0, 0.43%, 0, 0, 1, 366.62
1606740978, 693, 1, 3, 0, 0, 0.43%, 0, 0, 1, 368.99
1606740983, 695, 2, 3, 0, 0, 0.43%, 0, 0, 1, 370.99
1606740988, 698, 1, 3, 0, 0, 0.43%, 0, 0, 1, 364.27
1606740993, 700, 2, 3, 0, 0, 0.43%, 0, 0, 1, 357.34
1606740998, 702, 2, 3, 0, 0, 0.43%, 0, 0, 1, 353.82
1606741003, 705, 0, 3, 0, 0, 0.43%, 0, 0, 1, 352.61
1606741009, 707, 1, 3, 0, 0, 0.43%, 0, 0, 1, 342.97
1606741014, 709, 2, 3, 0, 0, 0.43%, 0, 0, 1, 342.93
1606741019, 712, 0, 3, 0, 0, 0.43%, 0, 0, 1, 347.76
1606741024, 714, 1, 3, 0, 0, 0.43%, 0, 0, 1, 348.63
1606741029, 716, 2, 3, 0, 0, 0.43%, 0, 0, 1, 346.86
1606741034, 719, 0, 3, 0, 0, 0.43%, 0, 0, 1, 347.75
1606741039, 721, 1, 3, 0, 0, 0.43%, 0, 0, 1, 356.06
1606741044, 723, 2, 3, 0, 0, 0.43%, 0, 0, 1, 349.50
1606741050, 726, 0, 3, 0, 0, 0.43%, 0, 0, 1, 349.25
1606741055, 728, 1, 3, 0, 0, 0.43%, 0, 0, 1, 343.68
1606741060, 730, 2, 3, 0, 0, 0.43%, 0, 0, 1, 347.88
1606741065, 732, 2, 3, 0, 0, 0.43%, 0, 0, 1, 351.42
1606741070, 735, 1, 3, 0, 0, 0.43%, 0, 0, 1, 356.28
1606741075, 737, 2, 3, 0, 0, 0.43%, 0, 0, 1, 361.81
1606741080, 740, 0, 3, 0, 0, 0.43%, 0, 0, 1, 371.67
1606741085, 742, 2, 3, 0, 0, 0.43%, 0, 0, 1, 374.76
1606741090, 745, 0, 3, 0, 0, 0.43%, 0, 0, 1, 365.61
1606741096, 747, 2, 3, 0, 0, 0.43%, 0, 0, 1, 373.80
1606741101, 750, 0, 3, 0, 0, 0.43%, 0, 0, 1, 373.68
1606741106, 752, 2, 3, 0, 0, 0.43%, 0, 0, 1, 373.84
1606741111, 755, 0, 3, 0, 0, 0.43%, 0, 0, 1, 375.23
1606741116, 757, 2, 3, 0, 0, 0.43%, 0, 0, 1, 375.52
1606741121, 760, 0, 3, 0, 0, 0.43%, 0, 0, 1, 359.31
1606741126, 762, 1, 3, 0, 0, 0.43%, 0, 0, 1, 358.97
1606741131, 765, 0, 3, 0, 0, 0.43%, 0, 0, 1, 372.97
1606741136, 767, 1, 3, 0, 0, 0.43%, 0, 0, 1, 366.31
1606741141, 769, 2, 3, 0, 0, 0.43%, 0, 0, 1, 360.85
1606741147, 772, 0, 3, 0, 0, 0.43%, 0, 0, 1, 368.57
1606741152, 774, 1, 3, 0, 0, 0.43%, 0, 0, 1, 360.03
1606741157, 777, 0, 3, 0, 0, 0.43%, 0, 0, 1, 361.76
1606741162, 779, 1, 3, 0, 0, 0.43%, 0, 0, 1, 361.15
1606741167, 781, 2, 3, 0, 0, 0.43%, 0, 0, 1, 366.87
1606741172, 784, 0, 3, 0, 0, 0.43%, 0, 0, 1, 372.89
1606741177, 786, 2, 3, 0, 0, 0.43%, 0, 0, 1, 373.46
1606741182, 789, 0, 3, 0, 0, 0.43%, 0, 0, 1, 372.58
1606741187, 791, 1, 3, 0, 0, 0.43%, 0, 0, 1, 362.36
1606741192, 793, 2, 3, 0, 0, 0.43%, 0, 0, 1, 354.13
1606741197, 796, 1, 3, 0, 0, 0.43%, 0, 0, 1, 358.35
1606741203, 798, 2, 3, 0, 0, 0.43%, 0, 0, 1, 370.81
1606741208, 801, 1, 3, 0, 0, 0.43%, 0, 0, 1, 371.80
1606741213, 803, 2, 3, 0, 0, 0.43%, 0, 0, 1, 361.46
1606741218, 806, 0, 3, 0, 0, 0.43%, 0, 0, 1, 358.85
1606741223, 808, 1, 3, 0, 0, 0.43%, 0, 0, 1, 359.25
1606741228, 810, 2, 3, 0, 0, 0.43%, 0, 0, 1, 352.25
1606741233, 813, 0, 3, 0, 0, 0.43%, 0, 0, 1, 364.35
1606741238, 815, 1, 3, 0, 0, 0.43%, 0, 0, 1, 364.12
1606741243, 818, 0, 3, 0, 0, 0.43%, 0, 0, 1, 367.62
1606741248, 820, 1, 3, 0, 0, 0.43%, 0, 0, 1, 364.09
1606741253, 822, 2, 3, 0, 0, 0.43%, 0, 0, 1, 368.15
1606741258, 825, 0, 3, 0, 0, 0.43%, 0, 0, 1, 357.60
1606741263, 827, 1, 3, 0, 0, 0.43%, 0, 0, 1, 367.51
1606741268, 829, 2, 3, 0, 0, 0.43%, 0, 0, 1, 364.16
1606741273, 832, 0, 3, 0, 0, 0.43%, 0, 0, 1, 350.07
1606741278, 834, 1, 3, 0, 0, 0.43%, 0, 0, 1, 350.96
1606741283, 836, 2, 3, 0, 0, 0.43%, 0, 0, 1, 352.40
1606741288, 839, 0, 3, 0, 0, 0.43%, 0, 0, 1, 360.80
1606741293, 841, 1, 3, 0, 0, 0.43%, 0, 0, 1, 332.11
1606741299, 843, 2, 3, 0, 0, 0.43%, 0, 0, 1, 359.95
1606741304, 846, 1, 3, 0, 0, 0.43%, 0, 0, 1, 371.32
1606741309, 848, 2, 3, 0, 0, 0.43%, 0, 0, 1, 374.83
1606741314, 851, 1, 3, 0, 0, 0.43%, 0, 0, 1, 375.99
1606741319, 853, 2, 3, 0, 0, 0.43%, 0, 0, 1, 369.10
1606741324, 856, 1, 3, 0, 0, 0.43%, 0, 0, 1, 361.97
1606741330, 858, 2, 3, 0, 0, 0.43%, 0, 0, 1, 366.84
1606741335, 861, 0, 3, 0, 0, 0.43%, 0, 0, 1, 360.15
1606741340, 863, 1, 3, 0, 0, 0.43%, 0, 0, 1, 359.81
1606741345, 865, 2, 3, 0, 0, 0.43%, 0, 0, 1, 353.38
1606741350, 868, 0, 3, 0, 0, 0.43%, 0, 0, 1, 336.19
1606741355, 870, 1, 3, 0, 0, 0.43%, 0, 0, 1, 336.58
1606741360, 872, 2, 3, 0, 0, 0.43%, 0, 0, 1, 347.00
1606741365, 874, 2, 3, 0, 0, 0.43%, 0, 0, 1, 350.58
1606741370, 877, 0, 3, 0, 0, 0.43%, 0, 0, 1, 354.57
1606741375, 879, 1, 3, 0, 0, 0.43%, 0, 0, 1, 356.42
1606741381, 882, 0, 3, 0, 0, 0.43%, 0, 0, 1, 356.51
1606741386, 884, 1, 3, 0, 0, 0.43%, 0, 0, 1, 357.30
1606741391, 886, 2, 3, 0, 0, 0.43%, 0, 0, 1, 357.46
1606741396, 889, 0, 3, 0, 0, 0.43%, 0, 0, 1, 355.67
1606741401, 891, 1, 3, 0, 0, 0.43%, 0, 0, 1, 356.71
1606741406, 893, 2, 3, 0, 0, 0.43%, 0, 0, 1, 358.30
1606741411, 896, 0, 3, 0, 0, 0.43%, 0, 0, 1, 356.20
1606741416, 898, 1, 3, 0, 0, 0.43%, 0, 0, 1, 354.80
1606741421, 900, 2, 3, 0, 0, 0.43%, 0, 0, 1, 355.73
1606741426, 903, 0, 3, 0, 0, 0.43%, 0, 0, 1, 349.23
1606741431, 905, 1, 3, 0, 0, 0.43%, 0, 0, 1, 353.90
1606741436, 907, 2, 3, 0, 0, 0.43%, 0, 0, 1, 355.26
1606741441, 910, 0, 3, 0, 0, 0.43%, 0, 0, 1, 357.13
1606741446, 912, 1, 3, 0, 0, 0.43%, 0, 0, 1, 358.20
1606741451, 914, 2, 3, 0, 0, 0.43%, 0, 0, 1, 353.41
1606741456, 917, 0, 3, 0, 0, 0.43%, 0, 0, 1, 344.76
1606741461, 919, 1, 3, 0, 0, 0.43%, 0, 0, 1, 353.57
1606741466, 921, 2, 3, 0, 0, 0.43%, 0, 0, 1, 355.50
1606741472, 924, 0, 3, 0, 0, 0.43%, 0, 0, 1, 358.34
1606741477, 926, 1, 3, 0, 0, 0.43%, 0, 0, 1, 355.06
1606741482, 928, 2, 3, 0, 0, 0.43%, 0, 0, 1, 348.09
1606741487, 931, 0, 3, 0, 0, 0.43%, 0, 0, 1, 338.72
1606741492, 933, 0, 3, 0, 0, 0.43%, 0, 0, 1, 350.44
1606741497, 935, 1, 3, 0, 0, 0.43%, 0, 0, 1, 342.82
1606741502, 937, 2, 3, 0, 0, 0.43%, 0, 0, 1, 349.00
1606741507, 940, 0, 3, 0, 0, 0.43%, 0, 0, 1, 350.72
1606741512, 942, 1, 3, 0, 0, 0.43%, 0, 0, 1, 354.74
1606741517, 944, 2, 3, 0, 0, 0.43%, 0, 0, 1, 352.67
1606741522, 947, 0, 3, 0, 0, 0.43%, 0, 0, 1, 358.34
1606741527, 949, 1, 3, 0, 0, 0.43%, 0, 0, 1, 357.54
1606741532, 951, 2, 3, 0, 0, 0.43%, 0, 0, 1, 353.19
1606741538, 954, 0, 3, 0, 0, 0.43%, 0, 0, 1, 333.98
1606741543, 956, 0, 3, 0, 0, 0.43%, 0, 0, 1, 320.44
1606741548, 958, 1, 3, 0, 0, 0.43%, 0, 0, 1, 329.46
1606741553, 960, 1, 3, 0, 0, 0.43%, 0, 0, 1, 337.63
1606741558, 963, 0, 3, 0, 0, 0.43%, 0, 0, 1, 350.60
1606741563, 965, 1, 3, 0, 0, 0.43%, 0, 0, 1, 350.34
1606741568, 967, 1, 3, 0, 0, 0.43%, 0, 0, 1, 342.57
1606741573, 969, 2, 3, 0, 0, 0.43%, 0, 0, 1, 302.47
1606741578, 971, 1, 3, 0, 0, 0.43%, 0, 0, 1, 267.87
1606741583, 973, 0, 3, 0, 0, 0.43%, 0, 0, 1, 271.59
1606741588, 974, 2, 3, 0, 0, 0.43%, 0, 0, 1, 262.64
1606741593, 977, 0, 3, 0, 0, 0.43%, 0, 0, 1, 323.35
1606741598, 979, 0, 3, 0, 0, 0.43%, 0, 0, 1, 325.19
1606741604, 981, 1, 3, 0, 0, 0.43%, 0, 0, 1, 337.10
1606741609, 983, 2, 3, 0, 0, 0.43%, 0, 0, 1, 346.45
1606741614, 985, 2, 3, 0, 0, 0.43%, 0, 0, 1, 322.44
1606741619, 988, 0, 3, 0, 0, 0.43%, 0, 0, 1, 319.24
1606741624, 990, 0, 3, 0, 0, 0.43%, 0, 0, 1, 340.72
1606741629, 992, 1, 3, 0, 0, 0.43%, 0, 0, 1, 343.88
1606741634, 994, 2, 3, 0, 0, 0.43%, 0, 0, 1, 326.67
1606741639, 997, 0, 3, 0, 0, 0.43%, 0, 0, 1, 337.42
1606741645, 999, 0, 3, 0, 0, 0.43%, 0, 0, 1, 312.90
1606741650, 1001, 0, 3, 0, 0, 0.43%, 0, 0, 1, 336.60
1606741655, 1003, 0, 3, 0, 0, 0.43%, 0, 0, 1, 288.65
1606741660, 1004, 2, 3, 0, 0, 0.43%, 0, 0, 1, 270.78
1606741665, 1007, 0, 3, 0, 0, 0.43%, 0, 0, 1, 336.00
1606741670, 1009, 1, 3, 0, 0, 0.43%, 0, 0, 1, 346.02
1606741675, 1011, 2, 3, 0, 0, 0.43%, 0, 0, 1, 348.23
1606741680, 1014, 0, 3, 0, 0, 0.43%, 0, 0, 1, 347.89
1606741685, 1016, 1, 3, 0, 0, 0.43%, 0, 0, 1, 345.27
1606741690, 1018, 2, 3, 0, 0, 0.43%, 0, 0, 1, 348.36
1606741695, 1021, 0, 3, 0, 0, 0.43%, 0, 0, 1, 356.93
1606741700, 1023, 1, 3, 0, 0, 0.43%, 0, 0, 1, 355.96
1606741706, 1025, 2, 3, 0, 0, 0.43%, 0, 0, 1, 359.76
1606741711, 1028, 0, 3, 0, 0, 0.43%, 0, 0, 1, 363.13
1606741716, 1030, 1, 3, 0, 0, 0.43%, 0, 0, 1, 363.74
1606741721, 1032, 2, 3, 0, 0, 0.43%, 0, 0, 1, 361.18
1606741726, 1035, 1, 3, 0, 0, 0.43%, 0, 0, 1, 361.82
1606741731, 1037, 2, 3, 0, 0, 0.43%, 0, 0, 1, 356.90
1606741736, 1040, 0, 3, 0, 0, 0.43%, 0, 0, 1, 361.83
1606741741, 1042, 1, 3, 0, 0, 0.43%, 0, 0, 1, 356.94
1606741746, 1044, 2, 3, 0, 0, 0.43%, 0, 0, 1, 356.50
1606741751, 1046, 2, 3, 0, 0, 0.43%, 0, 0, 1, 331.59
1606741756, 1049, 0, 3, 0, 0, 0.43%, 0, 0, 1, 333.86
1606741761, 1051, 1, 3, 0, 0, 0.43%, 0, 0, 1, 337.41
1606741766, 1053, 1, 3, 0, 0, 0.43%, 0, 0, 1, 323.69
1606741771, 1055, 1, 3, 0, 0, 0.43%, 0, 0, 1, 322.34
1606741776, 1057, 2, 3, 0, 0, 0.43%, 0, 0, 1, 338.97
1606741781, 1060, 0, 3, 0, 0, 0.43%, 0, 0, 1, 346.51
1606741787, 1062, 1, 3, 0, 0, 0.43%, 0, 0, 1, 339.80
1606741792, 1064, 2, 3, 0, 0, 0.43%, 0, 0, 1, 347.93
1606741797, 1066, 2, 3, 0, 0, 0.43%, 0, 0, 1, 322.78
1606741802, 1069, 0, 3, 0, 0, 0.43%, 0, 0, 1, 342.45
1606741807, 1071, 0, 3, 0, 0, 0.43%, 0, 0, 1, 344.58
1606741812, 1073, 1, 3, 0, 0, 0.43%, 0, 0, 1, 329.48
1606741817, 1075, 2, 3, 0, 0, 0.43%, 0, 0, 1, 350.55
1606741822, 1078, 0, 3, 0, 0, 0.43%, 0, 0, 1, 357.56
1606741827, 1080, 1, 3, 0, 0, 0.43%, 0, 0, 1, 341.89
1606741832, 1082, 2, 3, 0, 0, 0.43%, 0, 0, 1, 364.08
1606741837, 1085, 0, 3, 0, 0, 0.43%, 0, 0, 1, 353.75
1606741842, 1087, 1, 3, 0, 0, 0.43%, 0, 0, 1, 362.08
1606741847, 1089, 2, 3, 0, 0, 0.43%, 0, 0, 1, 351.93
1606741852, 1092, 1, 3, 0, 0, 0.43%, 0, 0, 1, 366.31
1606741857, 1094, 2, 3, 0, 0, 0.43%, 0, 0, 1, 364.62
1606741862, 1097, 0, 3, 0, 0, 0.43%, 0, 0, 1, 364.16
1606741867, 1099, 0, 3, 0, 0, 0.43%, 0, 0, 1, 317.36
1606741873, 1101, 1, 3, 0, 0, 0.43%, 0, 0, 1, 353.83
1606741878, 1103, 2, 3, 0, 0, 0.43%, 0, 0, 1, 360.23
1606741883, 1106, 1, 3, 0, 0, 0.43%, 0, 0, 1, 364.81
1606741888, 1108, 1, 3, 0, 0, 0.43%, 0, 0, 1, 313.90
1606741893, 1110, 0, 3, 0, 0, 0.43%, 0, 0, 1, 281.67
1606741898, 1111, 2, 3, 0, 0, 0.43%, 0, 0, 1, 271.09
1606741903, 1113, 2, 3, 0, 0, 0.43%, 0, 0, 1, 285.30
1606741908, 1115, 2, 3, 0, 0, 0.43%, 0, 0, 1, 275.41
1606741913, 1117, 1, 3, 0, 0, 0.43%, 0, 0, 1, 279.98
1606741918, 1119, 1, 3, 0, 0, 0.43%, 0, 0, 1, 304.12
1606741923, 1121, 2, 3, 0, 0, 0.43%, 0, 0, 1, 311.64
1606741929, 1124, 0, 3, 0, 0, 0.43%, 0, 0, 1, 341.91
1606741934, 1126, 1, 3, 0, 0, 0.43%, 0, 0, 1, 364.57
1606741939, 1128, 2, 3, 0, 0, 0.43%, 0, 0, 1, 365.38
1606741944, 1131, 0, 3, 0, 0, 0.43%, 0, 0, 1, 361.48
1606741949, 1133, 2, 3, 0, 0, 0.43%, 0, 0, 1, 374.29
1606741954, 1136, 1, 3, 0, 0, 0.43%, 0, 0, 1, 377.55
1606741959, 1138, 2, 3, 0, 0, 0.43%, 0, 0, 1, 377.73
1606741964, 1141, 1, 3, 0, 0, 0.43%, 0, 0, 1, 377.84
1606741970, 1143, 2, 3, 0, 0, 0.43%, 0, 0, 1, 378.05
1606741975, 1146, 1, 3, 0, 0, 0.43%, 0, 0, 1, 373.49
1606741980, 1148, 2, 3, 0, 0, 0.43%, 0, 0, 1, 375.59
1606741985, 1151, 1, 3, 0, 0, 0.43%, 0, 0, 1, 376.09
1606741990, 1154, 0, 3, 0, 0, 0.43%, 0, 0, 1, 376.61
1606741995, 1156, 1, 3, 0, 0, 0.43%, 0, 0, 1, 379.53
1606742000, 1159, 0, 3, 0, 0, 0.43%, 0, 0, 1, 380.50
1606742006, 1161, 2, 3, 0, 0, 0.43%, 0, 0, 1, 380.69
1606742011, 1164, 0, 3, 0, 0, 0.43%, 0, 0, 1, 375.70
1606742016, 1166, 2, 3, 0, 0, 0.43%, 0, 0, 1, 377.15
1606742021, 1169, 0, 3, 0, 0, 0.43%, 0, 0, 1, 365.97
1606742026, 1171, 2, 3, 0, 0, 0.43%, 0, 0, 1, 372.60
1606742031, 1174, 0, 3, 0, 0, 0.43%, 0, 0, 1, 378.92
1606742037, 1176, 1, 3, 0, 0, 0.43%, 0, 0, 1, 370.60
1606742042, 1179, 0, 3, 0, 0, 0.43%, 0, 0, 1, 368.89
1606742047, 1181, 2, 3, 0, 0, 0.43%, 0, 0, 1, 376.49
1606742052, 1184, 0, 3, 0, 0, 0.43%, 0, 0, 1, 379.68
1606742057, 1186, 2, 3, 0, 0, 0.43%, 0, 0, 1, 375.28
1606742062, 1189, 0, 3, 0, 0, 0.43%, 0, 0, 1, 367.08
1606742067, 1191, 1, 3, 0, 0, 0.43%, 0, 0, 1, 366.04
1606742072, 1193, 2, 3, 0, 0, 0.43%, 0, 0, 1, 372.89
1606742078, 1196, 1, 3, 0, 0, 0.43%, 0, 0, 1, 374.84
1606742083, 1199, 0, 3, 0, 0, 0.43%, 0, 0, 1, 378.62
1606742088, 1201, 1, 3, 0, 0, 0.43%, 0, 0, 1, 379.30
1606742093, 1204, 0, 3, 0, 0, 0.43%, 0, 0, 1, 373.11
1606742098, 1206, 0, 3, 0, 0, 0.43%, 0, 0, 1, 331.77
1606742103, 1208, 2, 3, 0, 0, 0.43%, 0, 0, 1, 366.94
1606742108, 1211, 0, 3, 0, 0, 0.43%, 0, 0, 1, 375.36
1606742114, 1213, 2, 3, 0, 0, 0.43%, 0, 0, 1, 377.82
1606742119, 1216, 1, 3, 0, 0, 0.43%, 0, 0, 1, 374.31
1606742124, 1218, 2, 3, 0, 0, 0.43%, 0, 0, 1, 376.53
1606742129, 1221, 1, 3, 0, 0, 0.43%, 0, 0, 1, 377.42
1606742134, 1223, 2, 3, 0, 0, 0.43%, 0, 0, 1, 377.42
1606742139, 1226, 1, 3, 0, 0, 0.43%, 0, 0, 1, 375.53
1606742145, 1229, 0, 3, 0, 0, 0.43%, 0, 0, 1, 374.60
1606742150, 1231, 1, 3, 0, 0, 0.43%, 0, 0, 1, 376.38
1606742155, 1233, 2, 3, 0, 0, 0.43%, 0, 0, 1, 369.92
1606742160, 1236, 1, 3, 0, 0, 0.43%, 0, 0, 1, 366.32
1606742165, 1238, 2, 3, 0, 0, 0.43%, 0, 0, 1, 377.52
1606742170, 1241, 1, 3, 0, 0, 0.43%, 0, 0, 1, 379.65
1606742175, 1244, 0, 3, 0, 0, 0.43%, 0, 0, 1, 380.38
1606742180, 1246, 1, 3, 0, 0, 0.43%, 0, 0, 1, 380.46
1606742186, 1249, 0, 3, 0, 0, 0.43%, 0, 0, 1, 379.01
1606742191, 1251, 1, 3, 0, 0, 0.43%, 0, 0, 1, 380.23
1606742196, 1254, 0, 3, 0, 0, 0.43%, 0, 0, 1, 379.32
1606742201, 1256, 2, 3, 0, 0, 0.43%, 0, 0, 1, 379.00
1606742206, 1259, 0, 3, 0, 0, 0.43%, 0, 0, 1, 380.47
1606742211, 1261, 2, 3, 0, 0, 0.43%, 0, 0, 1, 364.11
1606742216, 1264, 0, 3, 0, 0, 0.43%, 0, 0, 1, 375.51
1606742222, 1266, 2, 3, 0, 0, 0.43%, 0, 0, 1, 379.71
1606742227, 1269, 1, 3, 0, 0, 0.43%, 0, 0, 1, 379.08
1606742232, 1271, 2, 3, 0, 0, 0.43%, 0, 0, 1, 379.71
1606742237, 1274, 1, 3, 0, 0, 0.43%, 0, 0, 1, 362.74
1606742242, 1276, 2, 3, 0, 0, 0.43%, 0, 0, 1, 371.25
1606742247, 1279, 0, 3, 0, 0, 0.43%, 0, 0, 1, 350.01
1606742252, 1281, 1, 3, 0, 0, 0.43%, 0, 0, 1, 354.66
1606742258, 1283, 2, 3, 0, 0, 0.43%, 0, 0, 1, 365.16
1606742263, 1286, 1, 3, 0, 0, 0.43%, 0, 0, 1, 374.38
1606742268, 1288, 2, 3, 0, 0, 0.43%, 0, 0, 1, 365.23
1606742273, 1291, 1, 3, 0, 0, 0.43%, 0, 0, 1, 369.64
1606742278, 1293, 2, 3, 0, 0, 0.43%, 0, 0, 1, 374.09
1606742283, 1296, 0, 3, 0, 0, 0.43%, 0, 0, 1, 368.80
1606742288, 1298, 2, 3, 0, 0, 0.43%, 0, 0, 1, 378.50
1606742293, 1301, 1, 3, 0, 0, 0.43%, 0, 0, 1, 381.18
1606742299, 1303, 2, 3, 0, 0, 0.43%, 0, 0, 1, 382.14
1606742304, 1306, 1, 3, 0, 0, 0.43%, 0, 0, 1, 381.70
1606742309, 1309, 0, 3, 0, 0, 0.43%, 0, 0, 1, 378.21
1606742314, 1311, 1, 3, 0, 0, 0.43%, 0, 0, 1, 382.57
1606742319, 1314, 0, 3, 0, 0, 0.43%, 0, 0, 1, 384.61
1606742324, 1316, 2, 3, 0, 0, 0.43%, 0, 0, 1, 384.89
1606742329, 1319, 0, 3, 0, 0, 0.43%, 0, 0, 1, 384.59
1606742334, 1321, 2, 3, 0, 0, 0.43%, 0, 0, 1, 383.87
1606742340, 1324, 1, 3, 0, 0, 0.43%, 0, 0, 1, 376.98
1606742345, 1326, 1, 3, 0, 0, 0.43%, 0, 0, 1, 350.35
1606742350, 1329, 0, 3, 0, 0, 0.43%, 0, 0, 1, 355.56
1606742355, 1331, 1, 3, 0, 0, 0.43%, 0, 0, 1, 375.03
1606742360, 1334, 0, 3, 0, 0, 0.43%, 0, 0, 1, 380.45
1606742365, 1336, 2, 3, 0, 0, 0.43%, 0, 0, 1, 377.04
1606742370, 1339, 0, 3, 0, 0, 0.43%, 0, 0, 1, 379.20
1606742376, 1341, 2, 3, 0, 0, 0.43%, 0, 0, 1, 381.66
1606742381, 1344, 1, 3, 0, 0, 0.43%, 0, 0, 1, 381.66
1606742386, 1346, 2, 3, 0, 0, 0.43%, 0, 0, 1, 381.85
1606742391, 1349, 1, 3, 0, 0, 0.43%, 0, 0, 1, 380.97
1606742396, 1352, 0, 3, 0, 0, 0.43%, 0, 0, 1, 380.34
1606742401, 1354, 1, 3, 0, 0, 0.43%, 0, 0, 1, 379.12
1606742407, 1357, 0, 3, 0, 0, 0.43%, 0, 0, 1, 378.11
1606742412, 1359, 1, 3, 0, 0, 0.43%, 0, 0, 1, 380.10
1606742417, 1362, 0, 3, 0, 0, 0.43%, 0, 0, 1, 380.38
1606742422, 1364, 2, 3, 0, 0, 0.43%, 0, 0, 1, 380.81
1606742427, 1367, 0, 3, 0, 0, 0.43%, 0, 0, 1, 378.30
1606742432, 1369, 2, 3, 0, 0, 0.43%, 0, 0, 1, 375.44
1606742437, 1372, 0, 3, 0, 0, 0.43%, 0, 0, 1, 358.88
1606742442, 1374, 1, 3, 0, 0, 0.43%, 0, 0, 1, 361.41
1606742447, 1376, 2, 3, 0, 0, 0.43%, 0, 0, 1, 349.94
1606742453, 1379, 0, 3, 0, 0, 0.43%, 0, 0, 1, 371.79
1606742458, 1381, 2, 3, 0, 0, 0.43%, 0, 0, 1, 378.28
1606742463, 1384, 0, 3, 0, 0, 0.43%, 0, 0, 1, 381.74
1606742468, 1386, 2, 3, 0, 0, 0.43%, 0, 0, 1, 381.73
1606742473, 1389, 1, 3, 0, 0, 0.43%, 0, 0, 1, 382.37
1606742478, 1391, 2, 3, 0, 0, 0.43%, 0, 0, 1, 382.47
1606742483, 1394, 1, 3, 0, 0, 0.43%, 0, 0, 1, 382.42
1606742488, 1397, 0, 3, 0, 0, 0.43%, 0, 0, 1, 381.96
1606742494, 1399, 1, 3, 0, 0, 0.43%, 0, 0, 1, 381.76
1606742499, 1402, 0, 3, 0, 0, 0.43%, 0, 0, 1, 381.42
1606742504, 1404, 2, 3, 0, 0, 0.43%, 0, 0, 1, 380.33
1606742509, 1407, 0, 3, 0, 0, 0.43%, 0, 0, 1, 380.85
1606742514, 1409, 2, 3, 0, 0, 0.43%, 0, 0, 1, 382.15
1606742519, 1412, 1, 3, 0, 0, 0.43%, 0, 0, 1, 380.60
1606742524, 1414, 2, 3, 0, 0, 0.43%, 0, 0, 1, 382.42
1606742529, 1417, 1, 3, 0, 0, 0.43%, 0, 0, 1, 381.96
1606742535, 1420, 0, 3, 0, 0, 0.43%, 0, 0, 1, 383.12
1606742540, 1422, 1, 3, 0, 0, 0.43%, 0, 0, 1, 380.28
1606742545, 1425, 0, 3, 0, 0, 0.43%, 0, 0, 1, 381.15
1606742550, 1427, 1, 3, 0, 0, 0.43%, 0, 0, 1, 380.24
1606742555, 1430, 0, 3, 0, 0, 0.43%, 0, 0, 1, 380.69
1606742560, 1432, 2, 3, 0, 0, 0.43%, 0, 0, 1, 380.04
1606742565, 1435, 0, 3, 0, 0, 0.43%, 0, 0, 1, 380.92
1606742571, 1437, 2, 3, 0, 0, 0.43%, 0, 0, 1, 380.48
1606742576, 1440, 1, 3, 0, 0, 0.43%, 0, 0, 1, 381.91
1606742581, 1442, 2, 3, 0, 0, 0.43%, 0, 0, 1, 379.31
1606742586, 1445, 1, 3, 0, 0, 0.43%, 0, 0, 1, 368.07
1606742591, 1447, 2, 3, 0, 0, 0.43%, 0, 0, 1, 373.94
1606742596, 1450, 1, 3, 0, 0, 0.43%, 0, 0, 1, 380.86
1606742601, 1452, 2, 3, 0, 0, 0.43%, 0, 0, 1, 381.65
1606742607, 1455, 1, 3, 0, 0, 0.43%, 0, 0, 1, 382.01
1606742612, 1458, 0, 3, 0, 0, 0.43%, 0, 0, 1, 374.73
1606742617, 1460, 1, 3, 0, 0, 0.43%, 0, 0, 1, 380.25
1606742622, 1463, 0, 3, 0, 0, 0.43%, 0, 0, 1, 382.64
1606742627, 1465, 2, 3, 0, 0, 0.43%, 0, 0, 1, 381.93
1606742632, 1468, 0, 3, 0, 0, 0.43%, 0, 0, 1, 382.24
1606742637, 1470, 2, 3, 0, 0, 0.43%, 0, 0, 1, 381.27
1606742643, 1473, 1, 3, 0, 0, 0.43%, 0, 0, 1, 381.98
1606742648, 1475, 2, 3, 0, 0, 0.43%, 0, 0, 1, 381.60
1606742653, 1478, 1, 3, 0, 0, 0.43%, 0, 0, 1, 382.56
1606742658, 1481, 0, 3, 0, 0, 0.43%, 0, 0, 1, 382.74
1606742663, 1483, 1, 3, 0, 0, 0.43%, 0, 0, 1, 383.65
1606742668, 1486, 0, 3, 0, 0, 0.43%, 0, 0, 1, 383.05
1606742673, 1488, 1, 3, 0, 0, 0.43%, 0, 0, 1, 377.42
1606742678, 1491, 0, 3, 0, 0, 0.43%, 0, 0, 1, 381.04
1606742684, 1493, 2, 3, 0, 0, 0.43%, 0, 0, 1, 384.06
1606742689, 1496, 1, 3, 0, 0, 0.43%, 0, 0, 1, 384.13
1606742694, 1498, 2, 3, 0, 0, 0.43%, 0, 0, 1, 383.09
1606742699, 1501, 1, 3, 0, 0, 0.43%, 0, 0, 1, 383.17
1606742704, 1504, 0, 3, 0, 0, 0.43%, 0, 0, 1, 383.25
1606742709, 1506, 1, 3, 0, 0, 0.43%, 0, 0, 1, 383.70
1606742714, 1509, 0, 3, 0, 0, 0.43%, 0, 0, 1, 383.35
1606742719, 1511, 2, 3, 0, 0, 0.43%, 0, 0, 1, 379.32
1606742725, 1514, 0, 3, 0, 0, 0.43%, 0, 0, 1, 382.38
1606742730, 1516, 2, 3, 0, 0, 0.43%, 0, 0, 1, 383.15
1606742735, 1519, 1, 3, 0, 0, 0.43%, 0, 0, 1, 383.40
1606742740, 1521, 2, 3, 0, 0, 0.43%, 0, 0, 1, 384.17
1606742745, 1524, 1, 3, 0, 0, 0.43%, 0, 0, 1, 383.51
1606742750, 1527, 0, 3, 0, 0, 0.43%, 0, 0, 1, 383.51
1606742755, 1529, 1, 3, 0, 0, 0.43%, 0, 0, 1, 383.53
1606742761, 1532, 0, 3, 0, 0, 0.43%, 0, 0, 1, 383.29
1606742766, 1534, 2, 3, 0, 0, 0.43%, 0, 0, 1, 383.84
1606742771, 1537, 1, 3, 0, 0, 0.43%, 0, 0, 1, 383.27
1606742776, 1539, 2, 3, 0, 0, 0.43%, 0, 0, 1, 383.74
1606742781, 1542, 1, 3, 0, 0, 0.43%, 0, 0, 1, 383.28
1606742786, 1545, 0, 3, 0, 0, 0.43%, 0, 0, 1, 383.44
1606742791, 1547, 1, 3, 0, 0, 0.43%, 0, 0, 1, 383.01
1606742797, 1550, 0, 3, 0, 0, 0.43%, 0, 0, 1, 381.75
1606742802, 1552, 2, 3, 0, 0, 0.43%, 0, 0, 1, 382.88
1606742807, 1555, 1, 3, 0, 0, 0.43%, 0, 0, 1, 383.48
1606742812, 1557, 2, 3, 0, 0, 0.43%, 0, 0, 1, 382.99
1606742817, 1560, 1, 3, 0, 0, 0.43%, 0, 0, 1, 384.39
1606742822, 1563, 0, 3, 0, 0, 0.43%, 0, 0, 1, 383.37
1606742827, 1565, 1, 3, 0, 0, 0.43%, 0, 0, 1, 383.76
1606742833, 1568, 0, 3, 0, 0, 0.43%, 0, 0, 1, 383.88
1606742838, 1570, 2, 3, 0, 0, 0.43%, 0, 0, 1, 383.04
1606742843, 1573, 0, 3, 0, 0, 0.43%, 0, 0, 1, 382.31
1606742848, 1575, 2, 3, 0, 0, 0.43%, 0, 0, 1, 382.67
1606742853, 1578, 1, 3, 0, 0, 0.43%, 0, 0, 1, 382.70
1606742858, 1581, 0, 3, 0, 0, 0.43%, 0, 0, 1, 383.59
1606742863, 1583, 1, 3, 0, 0, 0.43%, 0, 0, 1, 383.60
1606742869, 1586, 0, 3, 0, 0, 0.43%, 0, 0, 1, 383.15
1606742874, 1588, 2, 3, 0, 0, 0.43%, 0, 0, 1, 383.03
1606742879, 1591, 0, 3, 0, 0, 0.43%, 0, 0, 1, 382.94
1606742884, 1593, 2, 3, 0, 0, 0.43%, 0, 0, 1, 383.57
1606742889, 1596, 1, 3, 0, 0, 0.43%, 0, 0, 1, 382.45
1606742894, 1598, 2, 3, 0, 0, 0.43%, 0, 0, 1, 383.10
1606742899, 1601, 1, 3, 0, 0, 0.43%, 0, 0, 1, 384.34
1606742904, 1604, 0, 3, 0, 0, 0.43%, 0, 0, 1, 383.52
1606742910, 1606, 1, 3, 0, 0, 0.43%, 0, 0, 1, 383.84
1606742915, 1609, 0, 3, 0, 0, 0.43%, 0, 0, 1, 383.81
1606742920, 1611, 2, 3, 0, 0, 0.43%, 0, 0, 1, 378.96
1606742925, 1614, 1, 3, 0, 0, 0.43%, 0, 0, 1, 380.87
1606742930, 1616, 2, 3, 0, 0, 0.43%, 0, 0, 1, 383.05
1606742935, 1619, 1, 3, 0, 0, 0.43%, 0, 0, 1, 383.39
1606742941, 1622, 0, 3, 0, 0, 0.43%, 0, 0, 1, 383.32
1606742946, 1624, 1, 3, 0, 0, 0.43%, 0, 0, 1, 383.33
1606742951, 1627, 0, 3, 0, 0, 0.43%, 0, 0, 1, 382.47
1606742956, 1629, 2, 3, 0, 0, 0.43%, 0, 0, 1, 381.58
1606742961, 1632, 0, 3, 0, 0, 0.43%, 0, 0, 1, 382.03
1606742966, 1634, 2, 3, 0, 0, 0.43%, 0, 0, 1, 383.23
1606742971, 1637, 1, 3, 0, 0, 0.43%, 0, 0, 1, 383.15
1606742976, 1639, 2, 3, 0, 0, 0.43%, 0, 0, 1, 382.49
1606742982, 1642, 1, 3, 0, 0, 0.43%, 0, 0, 1, 382.19
1606742987, 1645, 0, 3, 0, 0, 0.43%, 0, 0, 1, 382.28
1606742992, 1647, 1, 3, 0, 0, 0.43%, 0, 0, 1, 383.16
1606742997, 1650, 0, 3, 0, 0, 0.43%, 0, 0, 1, 383.23
1606743002, 1652, 2, 3, 0, 0, 0.43%, 0, 0, 1, 382.72
1606743007, 1655, 0, 3, 0, 0, 0.43%, 0, 0, 1, 382.09
1606743012, 1657, 2, 3, 0, 0, 0.43%, 0, 0, 1, 383.25
1606743018, 1660, 1, 3, 0, 0, 0.43%, 0, 0, 1, 383.32
1606743023, 1662, 2, 3, 0, 0, 0.43%, 0, 0, 1, 382.54
1606743028, 1665, 1, 3, 0, 0, 0.43%, 0, 0, 1, 383.07
1606743033, 1668, 0, 3, 0, 0, 0.43%, 0, 0, 1, 382.51
1606743038, 1670, 1, 3, 0, 0, 0.43%, 0, 0, 1, 382.74
1606743043, 1673, 0, 3, 0, 0, 0.43%, 0, 0, 1, 379.93
1606743048, 1675, 2, 3, 0, 0, 0.43%, 0, 0, 1, 381.57
1606743053, 1678, 0, 3, 0, 0, 0.43%, 0, 0, 1, 382.32
1606743059, 1680, 2, 3, 0, 0, 0.43%, 0, 0, 1, 381.63
1606743064, 1683, 1, 3, 0, 0, 0.43%, 0, 0, 1, 382.88
1606743069, 1685, 2, 3, 0, 0, 0.43%, 0, 0, 1, 382.26
1606743074, 1688, 1, 3, 0, 0, 0.43%, 0, 0, 1, 382.73
1606743079, 1690, 2, 3, 0, 0, 0.43%, 0, 0, 1, 382.39
1606743084, 1693, 1, 3, 0, 0, 0.43%, 0, 0, 1, 383.37
1606743089, 1696, 0, 3, 0, 0, 0.43%, 0, 0, 1, 383.23
1606743094, 1698, 2, 3, 0, 0, 0.43%, 0, 0, 1, 383.05
1606743100, 1701, 0, 3, 0, 0, 0.43%, 0, 0, 1, 383.04
1606743105, 1703, 2, 3, 0, 0, 0.43%, 0, 0, 1, 383.72
1606743110, 1706, 1, 3, 0, 0, 0.43%, 0, 0, 1, 384.21
1606743115, 1708, 2, 3, 0, 0, 0.43%, 0, 0, 1, 383.96
1606743120, 1711, 1, 3, 0, 0, 0.43%, 0, 0, 1, 384.11
1606743125, 1714, 0, 3, 0, 0, 0.43%, 0, 0, 1, 378.26
1606743130, 1716, 1, 3, 0, 0, 0.43%, 0, 0, 1, 381.71
1606743136, 1719, 0, 3, 0, 0, 0.43%, 0, 0, 1, 382.30
1606743141, 1721, 2, 3, 0, 0, 0.43%, 0, 0, 1, 383.04
1606743146, 1724, 0, 3, 0, 0, 0.43%, 0, 0, 1, 382.60
1606743151, 1726, 2, 3, 0, 0, 0.43%, 0, 0, 1, 383.29
1606743156, 1729, 1, 3, 0, 0, 0.43%, 0, 0, 1, 382.78
1606743161, 1731, 2, 3, 0, 0, 0.43%, 0, 0, 1, 380.75
1606743166, 1734, 1, 3, 0, 0, 0.43%, 0, 0, 1, 380.89
1606743171, 1736, 2, 3, 0, 0, 0.43%, 0, 0, 1, 382.20
1606743177, 1739, 1, 3, 0, 0, 0.43%, 0, 0, 1, 382.34
1606743182, 1742, 0, 3, 0, 0, 0.43%, 0, 0, 1, 381.51
1606743187, 1744, 1, 3, 0, 0, 0.43%, 0, 0, 1, 381.46
1606743192, 1747, 0, 3, 0, 0, 0.43%, 0, 0, 1, 382.77
1606743197, 1749, 2, 3, 0, 0, 0.43%, 0, 0, 1, 383.17
1606743202, 1752, 1, 3, 0, 0, 0.43%, 0, 0, 1, 383.47
1606743207, 1754, 2, 3, 0, 0, 0.43%, 0, 0, 1, 383.50
1606743212, 1757, 1, 3, 0, 0, 0.43%, 0, 0, 1, 382.05
1606743218, 1760, 0, 3, 0, 0, 0.43%, 0, 0, 1, 382.89
1606743223, 1762, 1, 3, 0, 0, 0.43%, 0, 0, 1, 383.56
1606743228, 1765, 0, 3, 0, 0, 0.43%, 0, 0, 1, 383.33
1606743233, 1767, 2, 3, 0, 0, 0.43%, 0, 0, 1, 383.47
1606743238, 1770, 0, 3, 0, 0, 0.43%, 0, 0, 1, 382.55
1606743243, 1772, 2, 3, 0, 0, 0.43%, 0, 0, 1, 382.44
1606743248, 1775, 1, 3, 0, 0, 0.43%, 0, 0, 1, 383.30
1606743254, 1777, 2, 3, 0, 0, 0.43%, 0, 0, 1, 382.71
1606743259, 1780, 1, 3, 0, 0, 0.43%, 0, 0, 1, 382.18
1606743264, 1783, 0, 3, 0, 0, 0.43%, 0, 0, 1, 380.98
1606743269, 1785, 1, 3, 0, 0, 0.43%, 0, 0, 1, 382.18
1606743274, 1788, 0, 3, 0, 0, 0.43%, 0, 0, 1, 382.02
1606743279, 1790, 2, 3, 0, 0, 0.43%, 0, 0, 1, 381.29
1606743284, 1793, 0, 3, 0, 0, 0.43%, 0, 0, 1, 379.94
1606743289, 1795, 2, 3, 0, 0, 0.43%, 0, 0, 1, 382.20
1606743295, 1798, 1, 3, 0, 0, 0.43%, 0, 0, 1, 382.34
1606743300, 1800, 2, 3, 0, 0, 0.43%, 0, 0, 1, 382.69
1606743305, 1803, 1, 3, 0, 0, 0.43%, 0, 0, 1, 382.25
1606743310, 1806, 0, 3, 0, 0, 0.43%, 0, 0, 1, 382.87
1606743315, 1808, 1, 3, 0, 0, 0.43%, 0, 0, 1, 382.54
1606743320, 1811, 0, 3, 0, 0, 0.43%, 0, 0, 1, 382.72
1606743325, 1813, 2, 3, 0, 0, 0.43%, 0, 0, 1, 383.06
1606743330, 1816, 0, 3, 0, 0, 0.43%, 0, 0, 1, 383.06
1606743336, 1818, 2, 3, 0, 0, 0.43%, 0, 0, 1, 382.36
1606743341, 1821, 1, 3, 0, 0, 0.43%, 0, 0, 1, 381.81
1606743346, 1823, 2, 3, 0, 0, 0.43%, 0, 0, 1, 382.92
1606743351, 1826, 1, 3, 0, 0, 0.43%, 0, 0, 1, 382.64
1606743356, 1829, 0, 3, 0, 0, 0.43%, 0, 0, 1, 382.13
1606743361, 1831, 1, 3, 0, 0, 0.43%, 0, 0, 1, 382.64
1606743366, 1834, 0, 3, 0, 0, 0.43%, 0, 0, 1, 382.85
1606743371, 1836, 1, 3, 0, 0, 0.43%, 0, 0, 1, 382.69
1606743377, 1839, 0, 3, 0, 0, 0.43%, 0, 0, 1, 382.75
1606743382, 1841, 2, 3, 0, 0, 0.43%, 0, 0, 1, 382.91
1606743387, 1844, 0, 3, 0, 0, 0.43%, 0, 0, 1, 382.94
1606743392, 1846, 2, 3, 0, 0, 0.43%, 0, 0, 1, 382.79
1606743397, 1849, 1, 3, 0, 0, 0.43%, 0, 0, 1, 382.45
1606743402, 1851, 2, 3, 0, 0, 0.43%, 0, 0, 1, 382.73
1606743407, 1854, 1, 3, 0, 0, 0.43%, 0, 0, 1, 381.68
1606743412, 1857, 0, 3, 0, 0, 0.43%, 0, 0, 1, 382.87
1606743418, 1859, 1, 3, 0, 0, 0.43%, 0, 0, 1, 382.91
1606743423, 1862, 0, 3, 0, 0, 0.43%, 0, 0, 1, 383.00
1606743428, 1864, 2, 3, 0, 0, 0.43%, 0, 0, 1, 383.23
1606743433, 1867, 0, 3, 0, 0, 0.43%, 0, 0, 1, 383.20
1606743438, 1869, 2, 3, 0, 0, 0.43%, 0, 0, 1, 383.66
1606743443, 1872, 1, 3, 0, 0, 0.43%, 0, 0, 1, 382.68
1606743448, 1874, 2, 3, 0, 0, 0.43%, 0, 0, 1, 382.34
1606743454, 1877, 1, 3, 0, 0, 0.43%, 0, 0, 1, 382.34
1606743459, 1880, 0, 3, 0, 0, 0.43%, 0, 0, 1, 381.80
1606743464, 1882, 1, 3, 0, 0, 0.43%, 0, 0, 1, 382.42
1606743469, 1885, 0, 3, 0, 0, 0.43%, 0, 0, 1, 382.45
1606743474, 1887, 2, 3, 0, 0, 0.43%, 0, 0, 1, 382.31
1606743479, 1890, 0, 3, 0, 0, 0.43%, 0, 0, 1, 382.30
1606743484, 1892, 2, 3, 0, 0, 0.43%, 0, 0, 1, 382.05
1606743489, 1895, 1, 3, 0, 0, 0.43%, 0, 0, 1, 383.00
1606743495, 1897, 2, 3, 0, 0, 0.43%, 0, 0, 1, 382.48
1606743500, 1900, 1, 3, 0, 0, 0.43%, 0, 0, 1, 382.36
1606743505, 1903, 0, 3, 0, 0, 0.43%, 0, 0, 1, 381.92
1606743510, 1905, 1, 3, 0, 0, 0.43%, 0, 0, 1, 382.97
1606743515, 1908, 0, 3, 0, 0, 0.43%, 0, 0, 1, 381.82
1606743520, 1910, 2, 3, 0, 0, 0.43%, 0, 0, 1, 381.58
1606743525, 1913, 0, 3, 0, 0, 0.43%, 0, 0, 1, 382.03
1606743530, 1915, 2, 3, 0, 0, 0.43%, 0, 0, 1, 380.73
1606743536, 1918, 1, 3, 0, 0, 0.43%, 0, 0, 1, 382.43
1606743541, 1920, 2, 3, 0, 0, 0.43%, 0, 0, 1, 383.18
1606743546, 1923, 1, 3, 0, 0, 0.43%, 0, 0, 1, 382.78
1606743551, 1926, 0, 3, 0, 0, 0.43%, 0, 0, 1, 383.69
1606743556, 1928, 1, 3, 0, 0, 0.43%, 0, 0, 1, 383.39
1606743561, 1931, 0, 3, 0, 0, 0.43%, 0, 0, 1, 383.29
1606743566, 1933, 2, 3, 0, 0, 0.43%, 0, 0, 1, 383.13
1606743572, 1936, 0, 3, 0, 0, 0.43%, 0, 0, 1, 383.29
1606743577, 1938, 2, 3, 0, 0, 0.43%, 0, 0, 1, 382.36
1606743582, 1941, 1, 3, 0, 0, 0.43%, 0, 0, 1, 382.92
1606743587, 1943, 2, 3, 0, 0, 0.43%, 0, 0, 1, 382.32
1606743592, 1946, 1, 3, 0, 0, 0.43%, 0, 0, 1, 382.60
1606743597, 1949, 0, 3, 0, 0, 0.43%, 0, 0, 1, 383.02
1606743602, 1951, 1, 3, 0, 0, 0.43%, 0, 0, 1, 382.90
1606743607, 1954, 0, 3, 0, 0, 0.43%, 0, 0, 1, 383.62
1606743612, 1956, 2, 3, 0, 0, 0.43%, 0, 0, 1, 380.72
1606743618, 1959, 0, 3, 0, 0, 0.43%, 0, 0, 1, 382.41
1606743623, 1961, 2, 3, 0, 0, 0.43%, 0, 0, 1, 383.14
1606743628, 1964, 1, 3, 0, 0, 0.43%, 0, 0, 1, 382.92
1606743633, 1966, 2, 3, 0, 0, 0.43%, 0, 0, 1, 382.81
1606743638, 1969, 1, 3, 0, 0, 0.43%, 0, 0, 1, 382.96
1606743643, 1972, 0, 3, 0, 0, 0.43%, 0, 0, 1, 382.85
1606743648, 1974, 1, 3, 0, 0, 0.43%, 0, 0, 1, 383.62
1606743654, 1977, 0, 3, 0, 0, 0.43%, 0, 0, 1, 381.34
1606743659, 1979, 2, 3, 0, 0, 0.43%, 0, 0, 1, 381.96
1606743664, 1982, 0, 3, 0, 0, 0.43%, 0, 0, 1, 382.37
1606743669, 1984, 2, 3, 0, 0, 0.43%, 0, 0, 1, 382.53
1606743674, 1987, 1, 3, 0, 0, 0.43%, 0, 0, 1, 382.59
1606743679, 1989, 2, 3, 0, 0, 0.43%, 0, 0, 1, 382.85
1606743684, 1992, 1, 3, 0, 0, 0.43%, 0, 0, 1, 382.83
1606743689, 1995, 0, 3, 0, 0, 0.43%, 0, 0, 1, 382.65
1606743695, 1997, 1, 3, 0, 0, 0.43%, 0, 0, 1, 383.17
1606743700, 2000, 0, 3, 0, 0, 0.43%, 0, 0, 1, 382.72
1606743705, 2002, 2, 3, 0, 0, 0.43%, 0, 0, 1, 382.97
1606743710, 2005, 0, 3, 0, 0, 0.43%, 0, 0, 1, 382.37
1606743715, 2007, 2, 3, 0, 0, 0.43%, 0, 0, 1, 382.62
1606743720, 2010, 1, 3, 0, 0, 0.43%, 0, 0, 1, 382.64
1606743725, 2012, 2, 3, 0, 0, 0.43%, 0, 0, 1, 376.80
1606743730, 2015, 1, 3, 0, 0, 0.43%, 0, 0, 1, 381.89
1606743736, 2017, 2, 3, 0, 0, 0.43%, 0, 0, 1, 381.49
1606743741, 2020, 1, 3, 0, 0, 0.43%, 0, 0, 1, 383.11
1606743746, 2023, 0, 3, 0, 0, 0.43%, 0, 0, 1, 384.50
1606743751, 2025, 2, 3, 0, 0, 0.43%, 0, 0, 1, 384.69
1606743756, 2028, 0, 3, 0, 0, 0.43%, 0, 0, 1, 384.60
1606743761, 2030, 2, 3, 0, 0, 0.43%, 0, 0, 1, 384.60
1606743766, 2033, 1, 3, 0, 0, 0.43%, 0, 0, 1, 383.83
1606743772, 2036, 0, 3, 0, 0, 0.43%, 0, 0, 1, 383.91
1606743777, 2038, 1, 3, 0, 0, 0.43%, 0, 0, 1, 382.75
1606743782, 2041, 0, 3, 0, 0, 0.43%, 0, 0, 1, 383.54
1606743787, 2043, 2, 3, 0, 0, 0.43%, 0, 0, 1, 383.67
1606743792, 2046, 0, 3, 0, 0, 0.43%, 0, 0, 1, 383.77
1606743797, 2048, 2, 3, 0, 0, 0.43%, 0, 0, 1, 384.18
1606743802, 2051, 1, 3, 0, 0, 0.43%, 0, 0, 1, 383.36
1606743807, 2053, 2, 3, 0, 0, 0.43%, 0, 0, 1, 383.12
1606743813, 2056, 1, 3, 0, 0, 0.43%, 0, 0, 1, 383.69
1606743818, 2059, 0, 3, 0, 0, 0.43%, 0, 0, 1, 383.32
1606743823, 2061, 1, 3, 0, 0, 0.43%, 0, 0, 1, 383.91
1606743828, 2064, 0, 3, 0, 0, 0.43%, 0, 0, 1, 384.07
1606743833, 2066, 2, 3, 0, 0, 0.43%, 0, 0, 1, 384.60
1606743838, 2069, 1, 3, 0, 0, 0.43%, 0, 0, 1, 384.89
1606743844, 2072, 0, 3, 0, 0, 0.43%, 0, 0, 1, 385.04
1606743849, 2074, 1, 3, 0, 0, 0.43%, 0, 0, 1, 384.27
1606743854, 2077, 0, 3, 0, 0, 0.43%, 0, 0, 1, 384.60
1606743859, 2079, 2, 3, 0, 0, 0.43%, 0, 0, 1, 385.19
1606743864, 2082, 1, 3, 0, 0, 0.43%, 0, 0, 1, 384.90
1606743869, 2084, 2, 3, 0, 0, 0.43%, 0, 0, 1, 384.84
1606743875, 2087, 1, 3, 0, 0, 0.43%, 0, 0, 1, 383.87
1606743880, 2090, 0, 3, 0, 0, 0.43%, 0, 0, 1, 383.55
1606743885, 2092, 1, 3, 0, 0, 0.43%, 0, 0, 1, 384.09
1606743890, 2095, 0, 3, 0, 0, 0.43%, 0, 0, 1, 384.91
1606743895, 2097, 2, 3, 0, 0, 0.43%, 0, 0, 1, 381.52
1606743900, 2100, 0, 3, 0, 0, 0.43%, 0, 0, 1, 383.14
1606743905, 2102, 2, 3, 0, 0, 0.43%, 0, 0, 1, 384.12
1606743910, 2105, 1, 3, 0, 0, 0.43%, 0, 0, 1, 383.99
1606743916, 2108, 0, 3, 0, 0, 0.43%, 0, 0, 1, 383.73
1606743921, 2110, 1, 3, 0, 0, 0.43%, 0, 0, 1, 383.79
1606743926, 2113, 0, 3, 0, 0, 0.43%, 0, 0, 1, 384.14
1606743931, 2115, 2, 3, 0, 0, 0.43%, 0, 0, 1, 384.52
1606743936, 2118, 0, 3, 0, 0, 0.43%, 0, 0, 1, 382.84
1606743941, 2120, 2, 3, 0, 0, 0.43%, 0, 0, 1, 383.28
1606743946, 2123, 1, 3, 0, 0, 0.43%, 0, 0, 1, 384.26
1606743952, 2126, 0, 3, 0, 0, 0.43%, 0, 0, 1, 384.13
1606743957, 2128, 1, 3, 0, 0, 0.43%, 0, 0, 1, 383.78
1606743962, 2131, 0, 3, 0, 0, 0.43%, 0, 0, 1, 383.83
1606743967, 2133, 2, 3, 0, 0, 0.43%, 0, 0, 1, 384.27
1606743972, 2136, 0, 3, 0, 0, 0.43%, 0, 0, 1, 383.64
1606743977, 2138, 2, 3, 0, 0, 0.43%, 0, 0, 1, 383.80
1606743982, 2141, 1, 3, 0, 0, 0.43%, 0, 0, 1, 384.09
1606743987, 2143, 2, 3, 0, 0, 0.43%, 0, 0, 1, 383.81
1606743993, 2146, 1, 3, 0, 0, 0.43%, 0, 0, 1, 384.10
1606743998, 2149, 0, 3, 0, 0, 0.43%, 0, 0, 1, 384.23
1606744003, 2151, 2, 3, 0, 0, 0.43%, 0, 0, 1, 384.54
1606744008, 2154, 0, 3, 0, 0, 0.43%, 0, 0, 1, 384.36
1606744013, 2156, 2, 3, 0, 0, 0.43%, 0, 0, 1, 383.05
1606744018, 2159, 1, 3, 0, 0, 0.43%, 0, 0, 1, 384.10
1606744023, 2161, 2, 3, 0, 0, 0.43%, 0, 0, 1, 383.31
1606744029, 2164, 1, 3, 0, 0, 0.43%, 0, 0, 1, 384.85
1606744034, 2167, 0, 3, 0, 0, 0.43%, 0, 0, 1, 384.08
1606744039, 2169, 1, 3, 0, 0, 0.43%, 0, 0, 1, 384.22
1606744044, 2172, 0, 3, 0, 0, 0.43%, 0, 0, 1, 384.07
1606744049, 2174, 2, 3, 0, 0, 0.43%, 0, 0, 1, 383.83
1606744054, 2177, 1, 3, 0, 0, 0.43%, 0, 0, 1, 383.58
1606744059, 2179, 2, 3, 0, 0, 0.43%, 0, 0, 1, 384.15
1606744064, 2182, 1, 3, 0, 0, 0.43%, 0, 0, 1, 385.08
1606744070, 2185, 0, 3, 0, 0, 0.43%, 0, 0, 1, 384.58
1606744075, 2187, 1, 3, 0, 0, 0.43%, 0, 0, 1, 384.19
1606744080, 2190, 0, 3, 0, 0, 0.43%, 0, 0, 1, 384.07
1606744085, 2192, 2, 3, 0, 0, 0.43%, 0, 0, 1, 385.05
1606744090, 2195, 1, 3, 0, 0, 0.43%, 0, 0, 1, 384.45
1606744095, 2197, 2, 3, 0, 0, 0.43%, 0, 0, 1, 384.09
1606744101, 2200, 1, 3, 0, 0, 0.43%, 0, 0, 1, 384.92
1606744106, 2203, 0, 3, 0, 0, 0.43%, 0, 0, 1, 384.62
1606744111, 2205, 2, 3, 0, 0, 0.43%, 0, 0, 1, 384.22
1606744116, 2208, 0, 3, 0, 0, 0.43%, 0, 0, 1, 382.76
1606744121, 2210, 2, 3, 0, 0, 0.43%, 0, 0, 1, 383.97
1606744126, 2213, 1, 3, 0, 0, 0.43%, 0, 0, 1, 383.66
1606744131, 2215, 2, 3, 0, 0, 0.43%, 0, 0, 1, 383.50
1606744137, 2218, 1, 3, 0, 0, 0.43%, 0, 0, 1, 382.33
1606744142, 2221, 0, 3, 0, 0, 0.43%, 0, 0, 1, 380.30
1606744147, 2223, 1, 3, 0, 0, 0.43%, 0, 0, 1, 382.93
1606744152, 2226, 0, 3, 0, 0, 0.43%, 0, 0, 1, 383.03
1606744157, 2228, 2, 3, 0, 0, 0.43%, 0, 0, 1, 383.21
1606744162, 2231, 1, 3, 0, 0, 0.43%, 0, 0, 1, 383.44
1606744167, 2233, 2, 3, 0, 0, 0.43%, 0, 0, 1, 383.71
1606744173, 2236, 1, 3, 0, 0, 0.43%, 0, 0, 1, 384.04
1606744178, 2239, 0, 3, 0, 0, 0.43%, 0, 0, 1, 384.10
1606744183, 2241, 1, 3, 0, 0, 0.43%, 0, 0, 1, 384.50
1606744188, 2244, 0, 3, 0, 0, 0.43%, 0, 0, 1, 384.14
1606744193, 2246, 2, 3, 0, 0, 0.43%, 0, 0, 1, 384.77
1606744198, 2249, 1, 3, 0, 0, 0.43%, 0, 0, 1, 383.97
1606744204, 2252, 0, 3, 0, 0, 0.43%, 0, 0, 1, 384.53
1606744209, 2254, 1, 3, 0, 0, 0.43%, 0, 0, 1, 384.96
1606744214, 2257, 0, 3, 0, 0, 0.43%, 0, 0, 1, 381.76
1606744219, 2259, 2, 3, 0, 0, 0.43%, 0, 0, 1, 384.01
1606744224, 2262, 0, 3, 0, 0, 0.43%, 0, 0, 1, 384.25
1606744229, 2264, 2, 3, 0, 0, 0.43%, 0, 0, 1, 384.43
1606744235, 2267, 1, 3, 0, 0, 0.43%, 0, 0, 1, 384.06
1606744240, 2270, 0, 3, 0, 0, 0.43%, 0, 0, 1, 384.19
1606744245, 2272, 1, 3, 0, 0, 0.43%, 0, 0, 1, 384.70
1606744250, 2275, 0, 3, 0, 0, 0.43%, 0, 0, 1, 383.72
1606744255, 2277, 2, 3, 0, 0, 0.43%, 0, 0, 1, 383.93
1606744260, 2280, 1, 3, 0, 0, 0.43%, 0, 0, 1, 384.24
1606744266, 2282, 2, 3, 0, 0, 0.43%, 0, 0, 1, 382.50
1606744271, 2285, 1, 3, 0, 0, 0.43%, 0, 0, 1, 384.31
1606744276, 2288, 0, 3, 0, 0, 0.43%, 0, 0, 1, 384.12
1606744281, 2290, 1, 3, 0, 0, 0.43%, 0, 0, 1, 384.33
1606744286, 2293, 0, 3, 0, 0, 0.43%, 0, 0, 1, 383.85
1606744291, 2295, 2, 3, 0, 0, 0.43%, 0, 0, 1, 383.05
1606744296, 2298, 1, 3, 0, 0, 0.43%, 0, 0, 1, 383.62
1606744301, 2300, 2, 3, 0, 0, 0.43%, 0, 0, 1, 383.81
1606744307, 2303, 1, 3, 0, 0, 0.43%, 0, 0, 1, 384.04
1606744312, 2306, 0, 3, 0, 0, 0.43%, 0, 0, 1, 383.42
1606744317, 2308, 1, 3, 0, 0, 0.43%, 0, 0, 1, 384.94
1606744322, 2311, 0, 3, 0, 0, 0.43%, 0, 0, 1, 384.15
1606744327, 2313, 2, 3, 0, 0, 0.43%, 0, 0, 1, 379.01
1606744332, 2316, 1, 3, 0, 0, 0.43%, 0, 0, 1, 382.00
1606744338, 2318, 2, 3, 0, 0, 0.43%, 0, 0, 1, 383.70
1606744343, 2321, 1, 3, 0, 0, 0.43%, 0, 0, 1, 384.08
1606744348, 2324, 0, 3, 0, 0, 0.43%, 0, 0, 1, 384.04
1606744353, 2326, 2, 3, 0, 0, 0.43%, 0, 0, 1, 384.39
1606744358, 2329, 0, 3, 0, 0, 0.43%, 0, 0, 1, 383.83
1606744363, 2331, 2, 3, 0, 0, 0.43%, 0, 0, 1, 383.22
1606744369, 2334, 1, 3, 0, 0, 0.43%, 0, 0, 1, 383.54
1606744374, 2336, 2, 3, 0, 0, 0.43%, 0, 0, 1, 383.91
1606744379, 2339, 1, 3, 0, 0, 0.43%, 0, 0, 1, 384.23
1606744384, 2342, 0, 3, 0, 0, 0.43%, 0, 0, 1, 382.96
1606744389, 2344, 2, 3, 0, 0, 0.43%, 0, 0, 1, 382.43
1606744394, 2347, 0, 3, 0, 0, 0.43%, 0, 0, 1, 383.46
1606744399, 2349, 2, 3, 0, 0, 0.43%, 0, 0, 1, 384.19
1606744404, 2352, 1, 3, 0, 0, 0.43%, 0, 0, 1, 381.90
1606744410, 2354, 2, 3, 0, 0, 0.43%, 0, 0, 1, 383.10
1606744415, 2357, 1, 3, 0, 0, 0.43%, 0, 0, 1, 383.72
1606744420, 2360, 0, 3, 0, 0, 0.43%, 0, 0, 1, 383.65
1606744425, 2362, 2, 3, 0, 0, 0.43%, 0, 0, 1, 382.86
1606744430, 2365, 0, 3, 0, 0, 0.43%, 0, 0, 1, 383.58
1606744435, 2367, 2, 3, 0, 0, 0.43%, 0, 0, 1, 384.23
1606744441, 2370, 1, 3, 0, 0, 0.43%, 0, 0, 1, 380.77
1606744446, 2372, 2, 3, 0, 0, 0.43%, 0, 0, 1, 381.14
1606744451, 2375, 1, 3, 0, 0, 0.43%, 0, 0, 1, 381.41
1606744456, 2378, 0, 3, 0, 0, 0.43%, 0, 0, 1, 382.00
1606744461, 2380, 2, 3, 0, 0, 0.43%, 0, 0, 1, 382.53
1606744466, 2383, 0, 3, 0, 0, 0.43%, 0, 0, 1, 381.48
1606744472, 2385, 2, 3, 0, 0, 0.43%, 0, 0, 1, 382.35
1606744477, 2388, 1, 3, 0, 0, 0.43%, 0, 0, 1, 382.22
1606744482, 2390, 2, 3, 0, 0, 0.43%, 0, 0, 1, 382.38
1606744487, 2393, 1, 3, 0, 0, 0.43%, 0, 0, 1, 382.78
1606744492, 2396, 0, 3, 0, 0, 0.43%, 0, 0, 1, 383.19
1606744497, 2398, 2, 3, 0, 0, 0.43%, 0, 0, 1, 382.81
1606744503, 2401, 0, 3, 0, 0, 0.43%, 0, 0, 1, 381.92
1606744508, 2403, 2, 3, 0, 0, 0.43%, 0, 0, 1, 378.61
1606744513, 2406, 1, 3, 0, 0, 0.43%, 0, 0, 1, 380.44
1606744518, 2408, 2, 3, 0, 0, 0.43%, 0, 0, 1, 381.12
1606744523, 2411, 1, 3, 0, 0, 0.43%, 0, 0, 1, 380.69
1606744528, 2414, 0, 3, 0, 0, 0.43%, 0, 0, 1, 380.93
1606744534, 2416, 1, 3, 0, 0, 0.43%, 0, 0, 1, 380.20
1606744539, 2419, 0, 3, 0, 0, 0.43%, 0, 0, 1, 380.35
1606744544, 2421, 2, 3, 0, 0, 0.43%, 0, 0, 1, 380.54
1606744549, 2424, 0, 3, 0, 0, 0.43%, 0, 0, 1, 380.68
1606744554, 2426, 2, 3, 0, 0, 0.43%, 0, 0, 1, 381.13
1606744559, 2429, 1, 3, 0, 0, 0.43%, 0, 0, 1, 380.07
1606744565, 2431, 2, 3, 0, 0, 0.43%, 0, 0, 1, 380.55
1606744570, 2433, 2, 3, 0, 0, 0.43%, 0, 0, 1, 296.08
1606748112, 2434, 1, 3, 0, 0, 0.43%, 0, 0, 1, 0.02
1606748117, 2436, 1, 3, 0, 0, 0.43%, 0, 0, 1, 316.57
1606748122, 2438, 1, 3, 0, 0, 0.43%, 0, 0, 1, 308.15
1606748127, 2440, 2, 3, 0, 0, 0.43%, 0, 0, 1, 373.81
1606748132, 2443, 1, 3, 0, 0, 0.43%, 0, 0, 1, 388.21
1606748138, 2446, 0, 3, 0, 0, 0.43%, 0, 0, 1, 396.96
1606748143, 2449, 0, 3, 0, 0, 0.43%, 0, 0, 1, 396.70
1606748148, 2451, 1, 3, 0, 0, 0.43%, 0, 0, 1, 389.08
1606748153, 2454, 0, 3, 0, 0, 0.43%, 0, 0, 1, 397.02
1606748158, 2456, 2, 3, 0, 0, 0.43%, 0, 0, 1, 390.43
1606748163, 2459, 1, 3, 0, 0, 0.43%, 0, 0, 1, 385.30
1606748168, 2462, 0, 3, 0, 0, 0.43%, 0, 0, 1, 397.48
1606748174, 2464, 2, 3, 0, 0, 0.43%, 0, 0, 1, 388.98
1606748179, 2467, 0, 3, 0, 0, 0.43%, 0, 0, 1, 389.06
1606748184, 2469, 2, 3, 0, 0, 0.43%, 0, 0, 1, 392.32
1606748189, 2472, 1, 3, 0, 0, 0.43%, 0, 0, 1, 400.84
1606748194, 2475, 0, 3, 0, 0, 0.43%, 0, 0, 1, 401.06
1606748199, 2477, 2, 3, 0, 0, 0.43%, 0, 0, 1, 401.54
1606748204, 2480, 1, 3, 0, 0, 0.43%, 0, 0, 1, 401.48
1606748209, 2483, 0, 3, 0, 0, 0.43%, 0, 0, 1, 393.97
1606748215, 2485, 2, 3, 0, 0, 0.43%, 0, 0, 1, 398.82
1606748220, 2488, 1, 3, 0, 0, 0.43%, 0, 0, 1, 395.70
1606748225, 2491, 0, 3, 0, 0, 0.43%, 0, 0, 1, 400.51
1606748230, 2493, 2, 3, 0, 0, 0.43%, 0, 0, 1, 384.45
1606748235, 2496, 0, 3, 0, 0, 0.43%, 0, 0, 1, 382.17
1606748240, 2499, 0, 3, 0, 0, 0.43%, 0, 0, 1, 395.01
1606748245, 2501, 2, 3, 0, 0, 0.43%, 0, 0, 1, 394.10
1606748250, 2504, 0, 3, 0, 0, 0.43%, 0, 0, 1, 388.81
1606748256, 2506, 2, 3, 0, 0, 0.43%, 0, 0, 1, 365.79
1606748261, 2509, 0, 3, 0, 0, 0.43%, 0, 0, 1, 350.89
1606748266, 2511, 1, 3, 0, 0, 0.43%, 0, 0, 1, 375.92
1606748271, 2514, 0, 3, 0, 0, 0.43%, 0, 0, 1, 380.87
1606748276, 2516, 1, 3, 0, 0, 0.43%, 0, 0, 1, 373.46
1606748281, 2518, 2, 3, 0, 0, 0.43%, 0, 0, 1, 380.62
1606748286, 2521, 1, 3, 0, 0, 0.43%, 0, 0, 1, 385.19
1606748291, 2524, 0, 3, 0, 0, 0.43%, 0, 0, 1, 389.74
1606748296, 2526, 1, 3, 0, 0, 0.43%, 0, 0, 1, 391.59
1606748301, 2529, 0, 3, 0, 0, 0.43%, 0, 0, 1, 391.68
1606748306, 2531, 2, 3, 0, 0, 0.43%, 0, 0, 1, 383.41
1606748311, 2534, 0, 3, 0, 0, 0.43%, 0, 0, 1, 384.27
1606748316, 2536, 2, 3, 0, 0, 0.43%, 0, 0, 1, 381.67
1606748321, 2539, 0, 3, 0, 0, 0.43%, 0, 0, 1, 372.58
1606748326, 2541, 1, 3, 0, 0, 0.43%, 0, 0, 1, 383.34
1606748331, 2544, 0, 3, 0, 0, 0.43%, 0, 0, 1, 369.59
1606748337, 2546, 1, 3, 0, 0, 0.43%, 0, 0, 1, 375.61
1606748342, 2549, 0, 3, 0, 0, 0.43%, 0, 0, 1, 368.69
1606748347, 2551, 1, 3, 0, 0, 0.43%, 0, 0, 1, 380.51
1606748352, 2554, 0, 3, 0, 0, 0.43%, 0, 0, 1, 381.40
1606748357, 2556, 1, 3, 0, 0, 0.43%, 0, 0, 1, 373.07
1606748362, 2559, 0, 3, 0, 0, 0.43%, 0, 0, 1, 360.87
1606748367, 2561, 1, 3, 0, 0, 0.43%, 0, 0, 1, 359.49
1606748372, 2563, 2, 3, 0, 0, 0.43%, 0, 0, 1, 366.50
1606748377, 2566, 0, 3, 0, 0, 0.43%, 0, 0, 1, 376.52
1606748382, 2568, 2, 3, 0, 0, 0.43%, 0, 0, 1, 373.56
1606748388, 2571, 0, 3, 0, 0, 0.43%, 0, 0, 1, 367.94
1606748393, 2573, 2, 3, 0, 0, 0.43%, 0, 0, 1, 367.30
1606748398, 2576, 0, 3, 0, 0, 0.43%, 0, 0, 1, 375.75
1606748403, 2578, 2, 3, 0, 0, 0.43%, 0, 0, 1, 383.42
1606748408, 2581, 0, 3, 0, 0, 0.43%, 0, 0, 1, 382.86
1606748413, 2583, 1, 3, 0, 0, 0.43%, 0, 0, 1, 365.43
1606748418, 2586, 0, 3, 0, 0, 0.43%, 0, 0, 1, 370.06
1606748423, 2588, 1, 3, 0, 0, 0.43%, 0, 0, 1, 379.05
1606748428, 2591, 0, 3, 0, 0, 0.43%, 0, 0, 1, 387.48
1606748433, 2593, 1, 3, 0, 0, 0.43%, 0, 0, 1, 378.34
1606748438, 2596, 0, 3, 0, 0, 0.43%, 0, 0, 1, 374.25
1606748443, 2598, 2, 3, 0, 0, 0.43%, 0, 0, 1, 383.73
1606748448, 2601, 0, 3, 0, 0, 0.43%, 0, 0, 1, 388.56
1606748454, 2603, 2, 3, 0, 0, 0.43%, 0, 0, 1, 389.39
1606748459, 2606, 1, 3, 0, 0, 0.43%, 0, 0, 1, 391.04
1606748464, 2608, 2, 3, 0, 0, 0.43%, 0, 0, 1, 390.03
1606748469, 2611, 1, 3, 0, 0, 0.43%, 0, 0, 1, 376.66
1606748474, 2613, 2, 3, 0, 0, 0.43%, 0, 0, 1, 366.32
1606748479, 2616, 0, 3, 0, 0, 0.43%, 0, 0, 1, 377.54
1606748484, 2618, 2, 3, 0, 0, 0.43%, 0, 0, 1, 383.23
1606748489, 2621, 1, 3, 0, 0, 0.43%, 0, 0, 1, 380.40
1606748494, 2623, 2, 3, 0, 0, 0.43%, 0, 0, 1, 375.94
1606748499, 2626, 1, 3, 0, 0, 0.43%, 0, 0, 1, 381.51
1606748504, 2628, 2, 3, 0, 0, 0.43%, 0, 0, 1, 379.54
1606748509, 2631, 1, 3, 0, 0, 0.43%, 0, 0, 1, 377.90
1606748514, 2633, 2, 3, 0, 0, 0.43%, 0, 0, 1, 381.97
1606748520, 2636, 1, 3, 0, 0, 0.43%, 0, 0, 1, 384.61
1606748525, 2638, 2, 3, 0, 0, 0.43%, 0, 0, 1, 386.33
1606748530, 2641, 1, 3, 0, 0, 0.43%, 0, 0, 1, 384.05
1606748535, 2644, 0, 3, 0, 0, 0.43%, 0, 0, 1, 384.57
1606748540, 2646, 1, 3, 0, 0, 0.43%, 0, 0, 1, 384.59
1606748545, 2649, 0, 3, 0, 0, 0.43%, 0, 0, 1, 369.37
1606748550, 2651, 1, 3, 0, 0, 0.43%, 0, 0, 1, 373.82
1606748555, 2654, 0, 3, 0, 0, 0.43%, 0, 0, 1, 376.76
1606748560, 2656, 1, 3, 0, 0, 0.43%, 0, 0, 1, 374.02
1606748566, 2659, 0, 3, 0, 0, 0.43%, 0, 0, 1, 373.41
1606748571, 2661, 1, 3, 0, 0, 0.43%, 0, 0, 1, 371.01
1606748576, 2664, 0, 3, 0, 0, 0.43%, 0, 0, 1, 380.54
1606748581, 2666, 2, 3, 0, 0, 0.43%, 0, 0, 1, 384.39
1606748586, 2669, 0, 3, 0, 0, 0.43%, 0, 0, 1, 382.22
1606748591, 2671, 1, 3, 0, 0, 0.43%, 0, 0, 1, 372.94
1606748596, 2674, 0, 3, 0, 0, 0.43%, 0, 0, 1, 379.13
1606748601, 2676, 1, 3, 0, 0, 0.43%, 0, 0, 1, 383.07
1606748606, 2679, 0, 3, 0, 0, 0.43%, 0, 0, 1, 384.64
1606748611, 2681, 1, 3, 0, 0, 0.43%, 0, 0, 1, 356.98
1606748616, 2683, 1, 3, 0, 0, 0.43%, 0, 0, 1, 303.44
1606748621, 2685, 0, 3, 0, 0, 0.43%, 0, 0, 1, 289.63
1606748626, 2687, 0, 3, 0, 0, 0.43%, 0, 0, 1, 286.24
1606748631, 2689, 0, 3, 0, 0, 0.43%, 0, 0, 1, 285.81
1606748636, 2691, 0, 3, 0, 0, 0.43%, 0, 0, 1, 317.78
1606748641, 2693, 2, 3, 0, 0, 0.43%, 0, 0, 1, 371.87
1606748646, 2696, 0, 3, 0, 0, 0.43%, 0, 0, 1, 377.78
1606748651, 2698, 2, 3, 0, 0, 0.43%, 0, 0, 1, 383.87
1606748656, 2701, 0, 3, 0, 0, 0.43%, 0, 0, 1, 383.98
1606748662, 2703, 2, 3, 0, 0, 0.43%, 0, 0, 1, 383.98
1606748667, 2706, 1, 3, 0, 0, 0.43%, 0, 0, 1, 378.37
1606748672, 2708, 2, 3, 0, 0, 0.43%, 0, 0, 1, 381.56
1606748677, 2711, 1, 3, 0, 0, 0.43%, 0, 0, 1, 383.28
1606748682, 2713, 2, 3, 0, 0, 0.43%, 0, 0, 1, 384.10
1606748687, 2716, 1, 3, 0, 0, 0.43%, 0, 0, 1, 376.99
1606748692, 2718, 2, 3, 0, 0, 0.43%, 0, 0, 1, 377.37
1606748697, 2721, 1, 3, 0, 0, 0.43%, 0, 0, 1, 383.71
1606748702, 2724, 0, 3, 0, 0, 0.43%, 0, 0, 1, 376.67
1606748707, 2726, 1, 3, 0, 0, 0.43%, 0, 0, 1, 374.57
1606748713, 2728, 2, 3, 0, 0, 0.43%, 0, 0, 1, 361.37
1606748718, 2731, 0, 3, 0, 0, 0.43%, 0, 0, 1, 363.95
1606748723, 2733, 2, 3, 0, 0, 0.43%, 0, 0, 1, 374.64
1606748728, 2736, 0, 3, 0, 0, 0.43%, 0, 0, 1, 369.88
1606748733, 2738, 2, 3, 0, 0, 0.43%, 0, 0, 1, 365.32
1606748738, 2741, 0, 3, 0, 0, 0.43%, 0, 0, 1, 368.92
1606748743, 2743, 2, 3, 0, 0, 0.43%, 0, 0, 1, 380.41
1606748748, 2746, 0, 3, 0, 0, 0.43%, 0, 0, 1, 377.92
1606748753, 2748, 1, 3, 0, 0, 0.43%, 0, 0, 1, 370.52
1606748758, 2751, 0, 3, 0, 0, 0.43%, 0, 0, 1, 377.93
1606748763, 2753, 1, 3, 0, 0, 0.43%, 0, 0, 1, 368.73
1606748769, 2755, 2, 3, 0, 0, 0.43%, 0, 0, 1, 364.54
1606748774, 2758, 0, 3, 0, 0, 0.43%, 0, 0, 1, 352.67
1606748779, 2760, 2, 3, 0, 0, 0.43%, 0, 0, 1, 372.70
1606748784, 2763, 0, 3, 0, 0, 0.43%, 0, 0, 1, 356.13
1606748789, 2765, 1, 3, 0, 0, 0.43%, 0, 0, 1, 371.63
1606748794, 2767, 2, 3, 0, 0, 0.43%, 0, 0, 1, 362.67
1606748799, 2770, 0, 3, 0, 0, 0.43%, 0, 0, 1, 368.71
1606748804, 2772, 1, 3, 0, 0, 0.43%, 0, 0, 1, 351.98
1606748809, 2775, 0, 3, 0, 0, 0.43%, 0, 0, 1, 373.42
1606748814, 2777, 1, 3, 0, 0, 0.43%, 0, 0, 1, 358.70
1606748819, 2779, 2, 3, 0, 0, 0.43%, 0, 0, 1, 364.51
1606748824, 2782, 0, 3, 0, 0, 0.43%, 0, 0, 1, 358.41
1606748829, 2784, 1, 3, 0, 0, 0.43%, 0, 0, 1, 356.01
1606748834, 2786, 2, 3, 0, 0, 0.43%, 0, 0, 1, 360.05
1606748839, 2789, 0, 3, 0, 0, 0.43%, 0, 0, 1, 363.51
1606748844, 2791, 1, 3, 0, 0, 0.43%, 0, 0, 1, 355.20
1606748849, 2793, 2, 3, 0, 0, 0.43%, 0, 0, 1, 356.75
1606748854, 2796, 0, 3, 0, 0, 0.43%, 0, 0, 1, 359.29
1606748859, 2798, 1, 3, 0, 0, 0.43%, 0, 0, 1, 355.40
1606748864, 2800, 2, 3, 0, 0, 0.43%, 0, 0, 1, 358.92
1606748869, 2803, 0, 3, 0, 0, 0.43%, 0, 0, 1, 360.80
1606748874, 2805, 2, 3, 0, 0, 0.43%, 0, 0, 1, 363.94
1606748880, 2808, 0, 3, 0, 0, 0.43%, 0, 0, 1, 359.85
1606748885, 2810, 1, 3, 0, 0, 0.43%, 0, 0, 1, 360.21
1606748890, 2812, 2, 3, 0, 0, 0.43%, 0, 0, 1, 356.38
1606748895, 2815, 0, 3, 0, 0, 0.43%, 0, 0, 1, 351.40
1606748900, 2817, 1, 3, 0, 0, 0.43%, 0, 0, 1, 354.31
1606748905, 2819, 2, 3, 0, 0, 0.43%, 0, 0, 1, 355.25
1606748910, 2822, 0, 3, 0, 0, 0.43%, 0, 0, 1, 349.95
1606748915, 2824, 1, 3, 0, 0, 0.43%, 0, 0, 1, 350.51
1606748920, 2826, 2, 3, 0, 0, 0.43%, 0, 0, 1, 363.02
1606748925, 2829, 0, 3, 0, 0, 0.43%, 0, 0, 1, 358.84
1606748930, 2830, 2, 3, 0, 0, 0.43%, 0, 0, 1, 292.14
1606748935, 2833, 1, 3, 0, 0, 0.43%, 0, 0, 1, 358.01
1606748941, 2835, 2, 3, 0, 0, 0.43%, 0, 0, 1, 359.90
1606748946, 2838, 0, 3, 0, 0, 0.43%, 0, 0, 1, 362.25
1606748951, 2840, 2, 3, 0, 0, 0.43%, 0, 0, 1, 371.46
1606748956, 2843, 0, 3, 0, 0, 0.43%, 0, 0, 1, 348.96
1606748961, 2845, 0, 3, 0, 0, 0.43%, 0, 0, 1, 337.20
1606748966, 2847, 2, 3, 0, 0, 0.43%, 0, 0, 1, 356.89
1606748971, 2850, 0, 3, 0, 0, 0.43%, 0, 0, 1, 359.01
1606748976, 2852, 1, 3, 0, 0, 0.43%, 0, 0, 1, 367.00
1606748981, 2854, 2, 3, 0, 0, 0.43%, 0, 0, 1, 341.05
1606748986, 2857, 0, 3, 0, 0, 0.43%, 0, 0, 1, 348.74
1606748991, 2859, 1, 3, 0, 0, 0.43%, 0, 0, 1, 347.74
1606748996, 2861, 1, 3, 0, 0, 0.43%, 0, 0, 1, 345.17
1606749002, 2863, 2, 3, 0, 0, 0.43%, 0, 0, 1, 342.40
1606749007, 2866, 0, 3, 0, 0, 0.43%, 0, 0, 1, 343.88
1606749012, 2868, 1, 3, 0, 0, 0.43%, 0, 0, 1, 332.50
1606749017, 2870, 1, 3, 0, 0, 0.43%, 0, 0, 1, 333.10
1606749022, 2872, 2, 3, 0, 0, 0.43%, 0, 0, 1, 350.08
1606749027, 2875, 0, 3, 0, 0, 0.43%, 0, 0, 1, 344.52
1606749032, 2877, 1, 3, 0, 0, 0.43%, 0, 0, 1, 339.85
1606749037, 2879, 2, 3, 0, 0, 0.43%, 0, 0, 1, 354.66
1606749042, 2882, 0, 3, 0, 0, 0.43%, 0, 0, 1, 352.73
1606749047, 2884, 0, 3, 0, 0, 0.43%, 0, 0, 1, 340.08
1606749052, 2886, 1, 3, 0, 0, 0.43%, 0, 0, 1, 348.78
1606749058, 2888, 2, 3, 0, 0, 0.43%, 0, 0, 1, 355.00
1606749063, 2891, 0, 3, 0, 0, 0.43%, 0, 0, 1, 356.09
1606749068, 2893, 2, 3, 0, 0, 0.43%, 0, 0, 1, 359.06
1606749073, 2895, 2, 3, 0, 0, 0.43%, 0, 0, 1, 353.57
1606749078, 2898, 0, 3, 0, 0, 0.43%, 0, 0, 1, 345.98
1606749083, 2900, 2, 3, 0, 0, 0.43%, 0, 0, 1, 355.65
1606749088, 2902, 2, 3, 0, 0, 0.43%, 0, 0, 1, 343.68
1606749093, 2905, 0, 3, 0, 0, 0.43%, 0, 0, 1, 354.47
1606749098, 2907, 1, 3, 0, 0, 0.43%, 0, 0, 1, 357.56
1606749103, 2910, 0, 3, 0, 0, 0.43%, 0, 0, 1, 357.34
1606749108, 2912, 1, 3, 0, 0, 0.43%, 0, 0, 1, 353.55
1606749113, 2914, 2, 3, 0, 0, 0.43%, 0, 0, 1, 356.51
1606749118, 2917, 0, 3, 0, 0, 0.43%, 0, 0, 1, 360.50
1606749124, 2919, 1, 3, 0, 0, 0.43%, 0, 0, 1, 358.79
1606749129, 2921, 2, 3, 0, 0, 0.43%, 0, 0, 1, 348.25
1606749134, 2924, 0, 3, 0, 0, 0.43%, 0, 0, 1, 354.44
1606749139, 2926, 1, 3, 0, 0, 0.43%, 0, 0, 1, 348.81
1606749144, 2928, 2, 3, 0, 0, 0.43%, 0, 0, 1, 348.78
1606749149, 2931, 0, 3, 0, 0, 0.43%, 0, 0, 1, 357.87
1606749154, 2933, 1, 3, 0, 0, 0.43%, 0, 0, 1, 352.14
1606749159, 2935, 2, 3, 0, 0, 0.43%, 0, 0, 1, 355.34
1606749164, 2938, 0, 3, 0, 0, 0.43%, 0, 0, 1, 358.70
1606749169, 2940, 1, 3, 0, 0, 0.43%, 0, 0, 1, 358.49
1606749175, 2943, 0, 3, 0, 0, 0.43%, 0, 0, 1, 360.23
1606749180, 2945, 1, 3, 0, 0, 0.43%, 0, 0, 1, 363.25
1606749185, 2947, 2, 3, 0, 0, 0.43%, 0, 0, 1, 362.27
1606749190, 2950, 0, 3, 0, 0, 0.43%, 0, 0, 1, 360.67
1606749195, 2952, 1, 3, 0, 0, 0.43%, 0, 0, 1, 360.62
1606749200, 2954, 2, 3, 0, 0, 0.43%, 0, 0, 1, 359.20
1606749205, 2957, 0, 3, 0, 0, 0.43%, 0, 0, 1, 357.80
1606749210, 2959, 1, 3, 0, 0, 0.43%, 0, 0, 1, 358.30
1606749215, 2961, 2, 3, 0, 0, 0.43%, 0, 0, 1, 355.66
1606749220, 2964, 0, 3, 0, 0, 0.43%, 0, 0, 1, 358.36
1606749225, 2966, 2, 3, 0, 0, 0.43%, 0, 0, 1, 360.21
1606749230, 2969, 0, 3, 0, 0, 0.43%, 0, 0, 1, 356.81
1606749235, 2971, 0, 3, 0, 0, 0.43%, 0, 0, 1, 348.49
1606749240, 2973, 1, 3, 0, 0, 0.43%, 0, 0, 1, 345.50
1606749245, 2975, 2, 3, 0, 0, 0.43%, 0, 0, 1, 348.38
1606749250, 2978, 0, 3, 0, 0, 0.43%, 0, 0, 1, 343.57
1606749255, 2980, 1, 3, 0, 0, 0.43%, 0, 0, 1, 355.21
1606749261, 2982, 2, 3, 0, 0, 0.43%, 0, 0, 1, 355.93
1606749266, 2985, 0, 3, 0, 0, 0.43%, 0, 0, 1, 357.40
1606749271, 2987, 1, 3, 0, 0, 0.43%, 0, 0, 1, 358.52
1606749276, 2989, 2, 3, 0, 0, 0.43%, 0, 0, 1, 358.79
1606749281, 2992, 1, 3, 0, 0, 0.43%, 0, 0, 1, 361.02
1606749286, 2994, 2, 3, 0, 0, 0.43%, 0, 0, 1, 361.37
1606749291, 2997, 0, 3, 0, 0, 0.43%, 0, 0, 1, 353.85
1606749296, 2999, 1, 3, 0, 0, 0.43%, 0, 0, 1, 352.21
1606749301, 3001, 2, 3, 0, 0, 0.43%, 0, 0, 1, 354.31
1606749306, 3003, 2, 3, 0, 0, 0.43%, 0, 0, 1, 344.88
1606749311, 3006, 0, 3, 0, 0, 0.43%, 0, 0, 1, 355.07
1606749316, 3008, 1, 3, 0, 0, 0.43%, 0, 0, 1, 359.00
1606749321, 3010, 2, 3, 0, 0, 0.43%, 0, 0, 1, 356.46
1606749326, 3013, 0, 3, 0, 0, 0.43%, 0, 0, 1, 351.60
1606749331, 3015, 2, 3, 0, 0, 0.43%, 0, 0, 1, 361.96
1606749336, 3018, 0, 3, 0, 0, 0.43%, 0, 0, 1, 362.35
