# unix_time, cycles_done, cur_path, paths_total, pending_total, pending_favs, map_size, unique_crashes, unique_hangs, max_depth, execs_per_sec
1606739510, 0, 0, 3, 3, 1, 0.43%, 0, 0, 1, 480.00
1606739515, 3, 2, 3, 0, 0, 0.43%, 0, 0, 1, 489.33
1606739521, 6, 2, 3, 0, 0, 0.43%, 0, 0, 1, 489.57
1606739526, 10, 0, 3, 0, 0, 0.43%, 0, 0, 1, 488.95
1606739531, 13, 1, 3, 0, 0, 0.43%, 0, 0, 1, 496.55
1606739536, 16, 2, 3, 0, 0, 0.43%, 0, 0, 1, 500.27
1606739541, 20, 0, 3, 0, 0, 0.43%, 0, 0, 1, 501.06
1606739546, 23, 1, 3, 0, 0, 0.43%, 0, 0, 1, 500.41
1606739551, 26, 1, 3, 0, 0, 0.43%, 0, 0, 1, 493.91
1606739556, 29, 2, 3, 0, 0, 0.43%, 0, 0, 1, 490.32
1606739561, 32, 2, 3, 0, 0, 0.43%, 0, 0, 1, 490.14
1606739566, 36, 0, 3, 0, 0, 0.43%, 0, 0, 1, 488.30
1606739571, 39, 0, 3, 0, 0, 0.43%, 0, 0, 1, 453.85
1606739576, 42, 0, 3, 0, 0, 0.43%, 0, 0, 1, 448.74
1606739581, 45, 0, 3, 0, 0, 0.43%, 0, 0, 1, 463.88
1606739586, 48, 0, 3, 0, 0, 0.43%, 0, 0, 1, 465.93
1606739591, 51, 1, 3, 0, 0, 0.43%, 0, 0, 1, 478.09
1606739596, 54, 1, 3, 0, 0, 0.43%, 0, 0, 1, 468.88
1606739601, 57, 1, 3, 0, 0, 0.43%, 0, 0, 1, 482.77
1606739606, 60, 2, 3, 0, 0, 0.43%, 0, 0, 1, 493.43
1606739611, 64, 0, 3, 0, 0, 0.43%, 0, 0, 1, 493.70
1606739616, 67, 1, 3, 0, 0, 0.43%, 0, 0, 1, 495.67
1606739622, 70, 2, 3, 0, 0, 0.43%, 0, 0, 1, 497.43
1606739627, 73, 2, 3, 0, 0, 0.43%, 0, 0, 1, 463.98
1606739632, 76, 2, 3, 0, 0, 0.43%, 0, 0, 1, 468.23
1606739637, 79, 1, 3, 0, 0, 0.43%, 0, 0, 1, 373.63
1606739642, 82, 1, 3, 0, 0, 0.43%, 0, 0, 1, 443.86
1606739647, 85, 1, 3, 0, 0, 0.43%, 0, 0, 1, 470.04
1606739652, 88, 2, 3, 0, 0, 0.43%, 0, 0, 1, 479.62
1606739657, 92, 0, 3, 0, 0, 0.43%, 0, 0, 1, 495.05
1606739662, 95, 0, 3, 0, 0, 0.43%, 0, 0, 1, 474.66
1606739667, 98, 1, 3, 0, 0, 0.43%, 0, 0, 1, 477.24
1606739672, 101, 1, 3, 0, 0, 0.43%, 0, 0, 1, 469.44
1606739677, 104, 1, 3, 0, 0, 0.43%, 0, 0, 1, 486.78
1606739682, 106, 2, 3, 0, 0, 0.43%, 0, 0, 1, 374.46
1606739688, 109, 1, 3, 0, 0, 0.43%, 0, 0, 1, 369.78
1606739693, 112, 1, 3, 0, 0, 0.43%, 0, 0, 1, 444.14
1606739698, 115, 1, 3, 0, 0, 0.43%, 0, 0, 1, 455.48
1606739703, 118, 1, 3, 0, 0, 0.43%, 0, 0, 1, 452.28
1606739708, 121, 1, 3, 0, 0, 0.43%, 0, 0, 1, 448.58
1606739713, 124, 1, 3, 0, 0, 0.43%, 0, 0, 1, 484.80
1606739718, 128, 0, 3, 0, 0, 0.43%, 0, 0, 1, 492.52
1606739723, 131, 0, 3, 0, 0, 0.43%, 0, 0, 1, 466.86
1606739728, 134, 0, 3, 0, 0, 0.43%, 0, 0, 1, 472.47
1606739733, 137, 1, 3, 0, 0, 0.43%, 0, 0, 1, 479.95
1606739739, 140, 1, 3, 0, 0, 0.43%, 0, 0, 1, 474.25
1606739744, 143, 2, 3, 0, 0, 0.43%, 0, 0, 1, 480.53
1606739749, 146, 2, 3, 0, 0, 0.43%, 0, 0, 1, 465.50
1606739754, 149, 1, 3, 0, 0, 0.43%, 0, 0, 1, 457.83
1606739759, 152, 0, 3, 0, 0, 0.43%, 0, 0, 1, 397.82
1606739764, 155, 0, 3, 0, 0, 0.43%, 0, 0, 1, 429.20
1606739769, 158, 1, 3, 0, 0, 0.43%, 0, 0, 1, 453.27
1606739774, 161, 1, 3, 0, 0, 0.43%, 0, 0, 1, 483.29
1606739779, 164, 2, 3, 0, 0, 0.43%, 0, 0, 1, 483.14
1606739784, 168, 0, 3, 0, 0, 0.43%, 0, 0, 1, 489.97
1606739789, 171, 0, 3, 0, 0, 0.43%, 0, 0, 1, 481.48
1606739795, 174, 1, 3, 0, 0, 0.43%, 0, 0, 1, 485.54
1606739800, 177, 2, 3, 0, 0, 0.43%, 0, 0, 1, 491.17
1606739805, 180, 2, 3, 0, 0, 0.43%, 0, 0, 1, 494.08
1606739810, 184, 0, 3, 0, 0, 0.43%, 0, 0, 1, 492.79
1606739815, 187, 1, 3, 0, 0, 0.43%, 0, 0, 1, 483.83
1606739820, 190, 1, 3, 0, 0, 0.43%, 0, 0, 1, 490.07
1606739825, 193, 2, 3, 0, 0, 0.43%, 0, 0, 1, 490.95
1606739830, 197, 0, 3, 0, 0, 0.43%, 0, 0, 1, 491.28
1606739836, 200, 1, 3, 0, 0, 0.43%, 0, 0, 1, 494.57
1606739841, 203, 2, 3, 0, 0, 0.43%, 0, 0, 1, 496.45
1606739846, 207, 0, 3, 0, 0, 0.43%, 0, 0, 1, 494.69
1606739851, 210, 1, 3, 0, 0, 0.43%, 0, 0, 1, 488.27
1606739856, 213, 2, 3, 0, 0, 0.43%, 0, 0, 1, 487.70
1606739861, 217, 0, 3, 0, 0, 0.43%, 0, 0, 1, 485.70
1606739866, 220, 0, 3, 0, 0, 0.43%, 0, 0, 1, 476.58
1606739871, 223, 0, 3, 0, 0, 0.43%, 0, 0, 1, 471.32
1606739876, 226, 1, 3, 0, 0, 0.43%, 0, 0, 1, 487.07
1606739881, 229, 2, 3, 0, 0, 0.43%, 0, 0, 1, 489.77
1606739887, 233, 0, 3, 0, 0, 0.43%, 0, 0, 1, 494.38
1606739892, 236, 1, 3, 0, 0, 0.43%, 0, 0, 1, 490.72
1606739897, 239, 1, 3, 0, 0, 0.43%, 0, 0, 1, 486.38
1606739902, 242, 2, 3, 0, 0, 0.43%, 0, 0, 1, 478.00
1606739907, 245, 2, 3, 0, 0, 0.43%, 0, 0, 1, 480.27
1606739912, 249, 0, 3, 0, 0, 0.43%, 0, 0, 1, 484.45
1606739917, 252, 0, 3, 0, 0, 0.43%, 0, 0, 1, 469.25
1606739922, 255, 0, 3, 0, 0, 0.43%, 0, 0, 1, 465.60
1606739927, 258, 1, 3, 0, 0, 0.43%, 0, 0, 1, 463.29
1606739933, 261, 1, 3, 0, 0, 0.43%, 0, 0, 1, 441.61
1606739938, 264, 1, 3, 0, 0, 0.43%, 0, 0, 1, 446.62
1606739943, 267, 0, 3, 0, 0, 0.43%, 0, 0, 1, 417.14
1606739948, 269, 2, 3, 0, 0, 0.43%, 0, 0, 1, 413.80
1606739953, 272, 2, 3, 0, 0, 0.43%, 0, 0, 1, 465.01
1606739958, 276, 0, 3, 0, 0, 0.43%, 0, 0, 1, 479.54
1606739963, 279, 0, 3, 0, 0, 0.43%, 0, 0, 1, 485.66
1606739968, 282, 1, 3, 0, 0, 0.43%, 0, 0, 1, 479.81
1606739973, 285, 1, 3, 0, 0, 0.43%, 0, 0, 1, 482.25
1606739978, 288, 2, 3, 0, 0, 0.43%, 0, 0, 1, 481.22
1606739983, 291, 2, 3, 0, 0, 0.43%, 0, 0, 1, 464.19
1606739988, 294, 2, 3, 0, 0, 0.43%, 0, 0, 1, 469.53
1606739993, 298, 0, 3, 0, 0, 0.43%, 0, 0, 1, 471.00
1606739998, 301, 0, 3, 0, 0, 0.43%, 0, 0, 1, 478.83
1606740004, 304, 1, 3, 0, 0, 0.43%, 0, 0, 1, 463.07
1606740009, 307, 0, 3, 0, 0, 0.43%, 0, 0, 1, 413.28
1606740014, 309, 2, 3, 0, 0, 0.43%, 0, 0, 1, 421.52
1606740019, 312, 2, 3, 0, 0, 0.43%, 0, 0, 1, 465.62
1606740024, 316, 0, 3, 0, 0, 0.43%, 0, 0, 1, 476.54
1606740029, 319, 1, 3, 0, 0, 0.43%, 0, 0, 1, 482.91
1606740034, 322, 1, 3, 0, 0, 0.43%, 0, 0, 1, 444.53
1606740039, 325, 1, 3, 0, 0, 0.43%, 0, 0, 1, 468.85
1606740044, 328, 2, 3, 0, 0, 0.43%, 0, 0, 1, 469.51
1606740049, 331, 2, 3, 0, 0, 0.43%, 0, 0, 1, 462.92
1606740054, 334, 2, 3, 0, 0, 0.43%, 0, 0, 1, 479.40
1606740059, 338, 0, 3, 0, 0, 0.43%, 0, 0, 1, 485.55
1606740065, 341, 0, 3, 0, 0, 0.43%, 0, 0, 1, 473.46
1606740070, 344, 0, 3, 0, 0, 0.43%, 0, 0, 1, 483.34
1606740075, 347, 1, 3, 0, 0, 0.43%, 0, 0, 1, 485.92
1606740080, 350, 2, 3, 0, 0, 0.43%, 0, 0, 1, 478.40
1606740085, 353, 2, 3, 0, 0, 0.43%, 0, 0, 1, 483.77
1606740090, 357, 0, 3, 0, 0, 0.43%, 0, 0, 1, 479.91
1606740095, 360, 0, 3, 0, 0, 0.43%, 0, 0, 1, 470.69
1606740100, 363, 1, 3, 0, 0, 0.43%, 0, 0, 1, 487.03
1606740105, 366, 1, 3, 0, 0, 0.43%, 0, 0, 1, 474.88
1606740110, 369, 2, 3, 0, 0, 0.43%, 0, 0, 1, 486.82
1606740116, 372, 2, 3, 0, 0, 0.43%, 0, 0, 1, 476.74
1606740121, 376, 0, 3, 0, 0, 0.43%, 0, 0, 1, 481.86
1606740126, 379, 1, 3, 0, 0, 0.43%, 0, 0, 1, 488.35
1606740131, 382, 1, 3, 0, 0, 0.43%, 0, 0, 1, 479.35
1606740136, 385, 2, 3, 0, 0, 0.43%, 0, 0, 1, 473.40
1606740141, 388, 1, 3, 0, 0, 0.43%, 0, 0, 1, 434.10
1606740146, 391, 1, 3, 0, 0, 0.43%, 0, 0, 1, 457.18
1606740151, 394, 0, 3, 0, 0, 0.43%, 0, 0, 1, 411.44
1606740156, 396, 2, 3, 0, 0, 0.43%, 0, 0, 1, 402.29
1606740161, 399, 2, 3, 0, 0, 0.43%, 0, 0, 1, 452.05
1606740167, 402, 2, 3, 0, 0, 0.43%, 0, 0, 1, 458.05
1606740172, 406, 0, 3, 0, 0, 0.43%, 0, 0, 1, 474.55
1606740177, 408, 2, 3, 0, 0, 0.43%, 0, 0, 1, 444.52
1606740182, 411, 0, 3, 0, 0, 0.43%, 0, 0, 1, 348.45
1606740187, 414, 0, 3, 0, 0, 0.43%, 0, 0, 1, 442.87
1606740192, 417, 1, 3, 0, 0, 0.43%, 0, 0, 1, 482.49
1606740197, 420, 1, 3, 0, 0, 0.43%, 0, 0, 1, 483.55
1606740202, 423, 2, 3, 0, 0, 0.43%, 0, 0, 1, 486.79
1606740207, 426, 2, 3, 0, 0, 0.43%, 0, 0, 1, 485.24
1606740212, 429, 2, 3, 0, 0, 0.43%, 0, 0, 1, 462.00
1606740217, 433, 0, 3, 0, 0, 0.43%, 0, 0, 1, 482.23
1606740222, 436, 1, 3, 0, 0, 0.43%, 0, 0, 1, 481.52
1606740228, 439, 2, 3, 0, 0, 0.43%, 0, 0, 1, 494.08
1606740233, 443, 0, 3, 0, 0, 0.43%, 0, 0, 1, 490.81
1606740238, 446, 0, 3, 0, 0, 0.43%, 0, 0, 1, 489.48
1606740243, 449, 1, 3, 0, 0, 0.43%, 0, 0, 1, 488.49
1606740248, 452, 2, 3, 0, 0, 0.43%, 0, 0, 1, 484.65
1606740253, 455, 2, 3, 0, 0, 0.43%, 0, 0, 1, 457.67
1606740258, 459, 0, 3, 0, 0, 0.43%, 0, 0, 1, 478.88
1606740263, 462, 0, 3, 0, 0, 0.43%, 0, 0, 1, 482.85
1606740269, 465, 0, 3, 0, 0, 0.43%, 0, 0, 1, 415.78
1606740274, 467, 2, 3, 0, 0, 0.43%, 0, 0, 1, 388.67
1606740279, 470, 2, 3, 0, 0, 0.43%, 0, 0, 1, 438.66
1606740284, 473, 2, 3, 0, 0, 0.43%, 0, 0, 1, 452.17
1606740289, 476, 2, 3, 0, 0, 0.43%, 0, 0, 1, 484.45
1606740294, 480, 0, 3, 0, 0, 0.43%, 0, 0, 1, 479.04
1606740299, 483, 1, 3, 0, 0, 0.43%, 0, 0, 1, 479.80
1606740304, 486, 0, 3, 0, 0, 0.43%, 0, 0, 1, 421.91
1606740309, 488, 2, 3, 0, 0, 0.43%, 0, 0, 1, 408.64
1606740314, 491, 1, 3, 0, 0, 0.43%, 0, 0, 1, 414.68
1606740319, 494, 0, 3, 0, 0, 0.43%, 0, 0, 1, 421.77
1606740324, 497, 1, 3, 0, 0, 0.43%, 0, 0, 1, 468.61
1606740329, 500, 1, 3, 0, 0, 0.43%, 0, 0, 1, 481.68
1606740335, 503, 2, 3, 0, 0, 0.43%, 0, 0, 1, 463.94
1606740340, 506, 2, 3, 0, 0, 0.43%, 0, 0, 1, 456.55
1606740345, 509, 2, 3, 0, 0, 0.43%, 0, 0, 1, 482.26
1606740350, 512, 2, 3, 0, 0, 0.43%, 0, 0, 1, 475.03
1606740355, 516, 0, 3, 0, 0, 0.43%, 0, 0, 1, 469.24
1606740360, 519, 1, 3, 0, 0, 0.43%, 0, 0, 1, 486.67
1606740365, 522, 1, 3, 0, 0, 0.43%, 0, 0, 1, 462.50
1606740370, 525, 2, 3, 0, 0, 0.43%, 0, 0, 1, 486.67
1606740375, 528, 2, 3, 0, 0, 0.43%, 0, 0, 1, 476.52
1606740381, 532, 0, 3, 0, 0, 0.43%, 0, 0, 1, 477.95
1606740386, 535, 0, 3, 0, 0, 0.43%, 0, 0, 1, 478.99
1606740391, 538, 0, 3, 0, 0, 0.43%, 0, 0, 1, 437.87
1606740396, 541, 0, 3, 0, 0, 0.43%, 0, 0, 1, 442.65
1606740401, 543, 2, 3, 0, 0, 0.43%, 0, 0, 1, 439.01
1606740406, 546, 1, 3, 0, 0, 0.43%, 0, 0, 1, 427.98
1606740411, 549, 0, 3, 0, 0, 0.43%, 0, 0, 1, 399.69
1606740416, 552, 0, 3, 0, 0, 0.43%, 0, 0, 1, 417.94
1606740421, 554, 1, 3, 0, 0, 0.43%, 0, 0, 1, 398.80
1606740426, 557, 1, 3, 0, 0, 0.43%, 0, 0, 1, 447.78
1606740431, 560, 1, 3, 0, 0, 0.43%, 0, 0, 1, 461.14
1606740436, 563, 2, 3, 0, 0, 0.43%, 0, 0, 1, 487.71
1606740441, 567, 0, 3, 0, 0, 0.43%, 0, 0, 1, 494.72
1606740446, 570, 1, 3, 0, 0, 0.43%, 0, 0, 1, 495.82
1606740451, 573, 1, 3, 0, 0, 0.43%, 0, 0, 1, 470.27
1606740457, 576, 2, 3, 0, 0, 0.43%, 0, 0, 1, 486.56
1606740462, 580, 0, 3, 0, 0, 0.43%, 0, 0, 1, 483.55
1606740467, 583, 0, 3, 0, 0, 0.43%, 0, 0, 1, 473.83
1606740472, 586, 1, 3, 0, 0, 0.43%, 0, 0, 1, 492.26
1606740477, 589, 2, 3, 0, 0, 0.43%, 0, 0, 1, 481.08
1606740482, 592, 2, 3, 0, 0, 0.43%, 0, 0, 1, 484.01
1606740487, 596, 0, 3, 0, 0, 0.43%, 0, 0, 1, 485.24
1606740492, 599, 0, 3, 0, 0, 0.43%, 0, 0, 1, 490.25
1606740497, 602, 1, 3, 0, 0, 0.43%, 0, 0, 1, 492.41
1606740502, 605, 2, 3, 0, 0, 0.43%, 0, 0, 1, 483.79
1606740507, 608, 2, 3, 0, 0, 0.43%, 0, 0, 1, 469.05
1606740512, 611, 2, 3, 0, 0, 0.43%, 0, 0, 1, 450.53
1606740517, 614, 2, 3, 0, 0, 0.43%, 0, 0, 1, 473.11
1606740523, 617, 2, 3, 0, 0, 0.43%, 0, 0, 1, 466.47
1606740528, 620, 2, 3, 0, 0, 0.43%, 0, 0, 1, 441.71
1606740533, 623, 2, 3, 0, 0, 0.43%, 0, 0, 1, 447.08
1606740538, 626, 2, 3, 0, 0, 0.43%, 0, 0, 1, 463.06
1606740543, 629, 1, 3, 0, 0, 0.43%, 0, 0, 1, 423.59
1606740548, 632, 1, 3, 0, 0, 0.43%, 0, 0, 1, 429.64
1606740553, 635, 1, 3, 0, 0, 0.43%, 0, 0, 1, 414.01
1606740558, 638, 0, 3, 0, 0, 0.43%, 0, 0, 1, 427.35
1606740564, 641, 0, 3, 0, 0, 0.43%, 0, 0, 1, 431.96
1606740569, 643, 2, 3, 0, 0, 0.43%, 0, 0, 1, 419.10
1606740574, 646, 2, 3, 0, 0, 0.43%, 0, 0, 1, 424.04
1606740579, 649, 1, 3, 0, 0, 0.43%, 0, 0, 1, 431.17
1606740584, 652, 0, 3, 0, 0, 0.43%, 0, 0, 1, 449.26
1606740589, 655, 1, 3, 0, 0, 0.43%, 0, 0, 1, 461.83
1606740594, 658, 2, 3, 0, 0, 0.43%, 0, 0, 1, 481.38
1606740599, 662, 0, 3, 0, 0, 0.43%, 0, 0, 1, 484.02
1606740604, 665, 0, 3, 0, 0, 0.43%, 0, 0, 1, 485.40
1606740609, 668, 1, 3, 0, 0, 0.43%, 0, 0, 1, 474.57
1606740614, 671, 1, 3, 0, 0, 0.43%, 0, 0, 1, 477.50
1606740619, 674, 2, 3, 0, 0, 0.43%, 0, 0, 1, 483.23
1606740624, 677, 2, 3, 0, 0, 0.43%, 0, 0, 1, 484.95
1606740629, 681, 0, 3, 0, 0, 0.43%, 0, 0, 1, 484.35
1606740635, 684, 0, 3, 0, 0, 0.43%, 0, 0, 1, 479.97
1606740640, 687, 1, 3, 0, 0, 0.43%, 0, 0, 1, 478.52
1606740645, 690, 1, 3, 0, 0, 0.43%, 0, 0, 1, 487.14
1606740650, 693, 2, 3, 0, 0, 0.43%, 0, 0, 1, 485.58
1606740655, 697, 0, 3, 0, 0, 0.43%, 0, 0, 1, 478.36
1606740660, 700, 0, 3, 0, 0, 0.43%, 0, 0, 1, 477.39
1606740665, 703, 1, 3, 0, 0, 0.43%, 0, 0, 1, 486.66
1606740670, 706, 1, 3, 0, 0, 0.43%, 0, 0, 1, 479.82
1606740675, 709, 2, 3, 0, 0, 0.43%, 0, 0, 1, 474.16
1606740680, 712, 2, 3, 0, 0, 0.43%, 0, 0, 1, 480.14
1606740685, 716, 0, 3, 0, 0, 0.43%, 0, 0, 1, 489.35
1606740691, 719, 1, 3, 0, 0, 0.43%, 0, 0, 1, 493.61
1606740696, 722, 1, 3, 0, 0, 0.43%, 0, 0, 1, 477.45
1606740701, 725, 2, 3, 0, 0, 0.43%, 0, 0, 1, 480.30
1606740706, 728, 2, 3, 0, 0, 0.43%, 0, 0, 1, 486.61
1606740711, 732, 0, 3, 0, 0, 0.43%, 0, 0, 1, 491.34
1606740716, 735, 0, 3, 0, 0, 0.43%, 0, 0, 1, 487.32
1606740721, 738, 0, 3, 0, 0, 0.43%, 0, 0, 1, 457.96
1606740726, 741, 1, 3, 0, 0, 0.43%, 0, 0, 1, 480.92
1606740731, 744, 2, 3, 0, 0, 0.43%, 0, 0, 1, 490.01
1606740736, 747, 2, 3, 0, 0, 0.43%, 0, 0, 1, 493.26
1606740741, 751, 0, 3, 0, 0, 0.43%, 0, 0, 1, 494.50
1606740746, 754, 1, 3, 0, 0, 0.43%, 0, 0, 1, 483.51
1606740751, 757, 1, 3, 0, 0, 0.43%, 0, 0, 1, 488.61
1606740756, 760, 2, 3, 0, 0, 0.43%, 0, 0, 1, 492.42
1606740761, 764, 0, 3, 0, 0, 0.43%, 0, 0, 1, 485.64
1606740766, 767, 0, 3, 0, 0, 0.43%, 0, 0, 1, 482.92
1606740771, 770, 1, 3, 0, 0, 0.43%, 0, 0, 1, 486.85
1606740777, 773, 1, 3, 0, 0, 0.43%, 0, 0, 1, 479.44
1606740782, 776, 2, 3, 0, 0, 0.43%, 0, 0, 1, 480.40
1606740787, 780, 0, 3, 0, 0, 0.43%, 0, 0, 1, 489.25
1606740792, 783, 0, 3, 0, 0, 0.43%, 0, 0, 1, 481.12
1606740797, 786, 1, 3, 0, 0, 0.43%, 0, 0, 1, 475.90
1606740802, 789, 0, 3, 0, 0, 0.43%, 0, 0, 1, 440.81
1606740807, 792, 0, 3, 0, 0, 0.43%, 0, 0, 1, 465.79
1606740812, 795, 0, 3, 0, 0, 0.43%, 0, 0, 1, 442.88
1606740817, 798, 0, 3, 0, 0, 0.43%, 0, 0, 1, 467.46
1606740822, 801, 1, 3, 0, 0, 0.43%, 0, 0, 1, 477.50
1606740827, 804, 2, 3, 0, 0, 0.43%, 0, 0, 1, 485.16
1606740832, 807, 2, 3, 0, 0, 0.43%, 0, 0, 1, 480.17
1606740837, 810, 2, 3, 0, 0, 0.43%, 0, 0, 1, 487.20
1606740843, 814, 0, 3, 0, 0, 0.43%, 0, 0, 1, 487.45
1606740848, 817, 1, 3, 0, 0, 0.43%, 0, 0, 1, 469.09
1606740853, 820, 0, 3, 0, 0, 0.43%, 0, 0, 1, 448.41
1606740858, 823, 0, 3, 0, 0, 0.43%, 0, 0, 1, 458.34
1606740863, 826, 1, 3, 0, 0, 0.43%, 0, 0, 1, 465.15
1606740868, 829, 0, 3, 0, 0, 0.43%, 0, 0, 1, 422.06
1606740873, 832, 0, 3, 0, 0, 0.43%, 0, 0, 1, 436.56
1606740878, 834, 2, 3, 0, 0, 0.43%, 0, 0, 1, 439.54
1606740883, 837, 2, 3, 0, 0, 0.43%, 0, 0, 1, 439.61
1606740888, 840, 2, 3, 0, 0, 0.43%, 0, 0, 1, 457.96
1606740893, 843, 1, 3, 0, 0, 0.43%, 0, 0, 1, 434.20
1606740898, 846, 0, 3, 0, 0, 0.43%, 0, 0, 1, 419.91
1606740903, 849, 0, 3, 0, 0, 0.43%, 0, 0, 1, 432.75
1606740908, 851, 2, 3, 0, 0, 0.43%, 0, 0, 1, 410.09
1606740913, 854, 0, 3, 0, 0, 0.43%, 0, 0, 1, 352.62
1606740918, 856, 1, 3, 0, 0, 0.43%, 0, 0, 1, 357.66
1606740923, 858, 2, 3, 0, 0, 0.43%, 0, 0, 1, 369.99
1606740928, 861, 1, 3, 0, 0, 0.43%, 0, 0, 1, 375.26
1606740933, 863, 2, 3, 0, 0, 0.43%, 0, 0, 1, 391.50
1606740938, 866, 1, 3, 0, 0, 0.43%, 0, 0, 1, 393.77
1606740943, 869, 0, 3, 0, 0, 0.43%, 0, 0, 1, 395.97
1606740948, 871, 2, 3, 0, 0, 0.43%, 0, 0, 1, 396.55
1606740954, 874, 0, 3, 0, 0, 0.43%, 0, 0, 1, 395.36
1606740959, 876, 2, 3, 0, 0, 0.43%, 0, 0, 1, 395.67
1606740964, 879, 1, 3, 0, 0, 0.43%, 0, 0, 1, 379.71
1606740969, 881, 2, 3, 0, 0, 0.43%, 0, 0, 1, 355.96
1606740974, 884, 0, 3, 0, 0, 0.43%, 0, 0, 1, 375.98
1606740979, 886, 1, 3, 0, 0, 0.43%, 0, 0, 1, 378.20
1606740984, 889, 0, 3, 0, 0, 0.43%, 0, 0, 1, 380.70
1606740989, 891, 2, 3, 0, 0, 0.43%, 0, 0, 1, 387.94
1606740994, 894, 1, 3, 0, 0, 0.43%, 0, 0, 1, 409.25
1606740999, 897, 0, 3, 0, 0, 0.43%, 0, 0, 1, 405.41
1606741004, 900, 0, 3, 0, 0, 0.43%, 0, 0, 1, 413.49
1606741009, 902, 1, 3, 0, 0, 0.43%, 0, 0, 1, 395.82
1606741014, 905, 0, 3, 0, 0, 0.43%, 0, 0, 1, 400.93
1606741019, 907, 2, 3, 0, 0, 0.43%, 0, 0, 1, 400.32
1606741024, 910, 1, 3, 0, 0, 0.43%, 0, 0, 1, 409.85
1606741029, 913, 0, 3, 0, 0, 0.43%, 0, 0, 1, 416.80
1606741035, 916, 0, 3, 0, 0, 0.43%, 0, 0, 1, 407.66
1606741040, 918, 2, 3, 0, 0, 0.43%, 0, 0, 1, 411.51
1606741045, 921, 1, 3, 0, 0, 0.43%, 0, 0, 1, 405.19
1606741050, 924, 0, 3, 0, 0, 0.43%, 0, 0, 1, 412.07
1606741055, 926, 2, 3, 0, 0, 0.43%, 0, 0, 1, 397.79
1606741060, 929, 1, 3, 0, 0, 0.43%, 0, 0, 1, 396.54
1606741065, 932, 0, 3, 0, 0, 0.43%, 0, 0, 1, 413.63
1606741071, 935, 0, 3, 0, 0, 0.43%, 0, 0, 1, 414.15
1606741076, 938, 0, 3, 0, 0, 0.43%, 0, 0, 1, 465.95
1606741081, 941, 1, 3, 0, 0, 0.43%, 0, 0, 1, 487.22
1606741086, 944, 2, 3, 0, 0, 0.43%, 0, 0, 1, 493.16
1606741091, 947, 2, 3, 0, 0, 0.43%, 0, 0, 1, 474.12
1606741096, 951, 0, 3, 0, 0, 0.43%, 0, 0, 1, 487.11
1606741101, 954, 1, 3, 0, 0, 0.43%, 0, 0, 1, 489.85
1606741106, 957, 1, 3, 0, 0, 0.43%, 0, 0, 1, 489.27
1606741112, 960, 2, 3, 0, 0, 0.43%, 0, 0, 1, 485.19
1606741117, 964, 0, 3, 0, 0, 0.43%, 0, 0, 1, 486.79
1606741122, 967, 0, 3, 0, 0, 0.43%, 0, 0, 1, 461.62
1606741127, 970, 1, 3, 0, 0, 0.43%, 0, 0, 1, 467.40
1606741132, 973, 1, 3, 0, 0, 0.43%, 0, 0, 1, 482.05
1606741137, 976, 2, 3, 0, 0, 0.43%, 0, 0, 1, 471.39
1606741142, 979, 2, 3, 0, 0, 0.43%, 0, 0, 1, 474.15
1606741147, 983, 0, 3, 0, 0, 0.43%, 0, 0, 1, 481.02
1606741152, 986, 0, 3, 0, 0, 0.43%, 0, 0, 1, 466.15
1606741158, 989, 1, 3, 0, 0, 0.43%, 0, 0, 1, 473.08
1606741163, 992, 1, 3, 0, 0, 0.43%, 0, 0, 1, 464.28
1606741168, 995, 2, 3, 0, 0, 0.43%, 0, 0, 1, 484.42
1606741173, 999, 0, 3, 0, 0, 0.43%, 0, 0, 1, 490.56
1606741178, 1002, 1, 3, 0, 0, 0.43%, 0, 0, 1, 491.66
1606741183, 1005, 1, 3, 0, 0, 0.43%, 0, 0, 1, 491.91
1606741188, 1008, 2, 3, 0, 0, 0.43%, 0, 0, 1, 470.43
1606741193, 1011, 1, 3, 0, 0, 0.43%, 0, 0, 1, 462.05
1606741199, 1014, 2, 3, 0, 0, 0.43%, 0, 0, 1, 475.91
1606741204, 1018, 0, 3, 0, 0, 0.43%, 0, 0, 1, 490.08
1606741209, 1021, 1, 3, 0, 0, 0.43%, 0, 0, 1, 490.55
1606741214, 1024, 1, 3, 0, 0, 0.43%, 0, 0, 1, 472.90
1606741219, 1027, 1, 3, 0, 0, 0.43%, 0, 0, 1, 463.38
1606741224, 1030, 1, 3, 0, 0, 0.43%, 0, 0, 1, 466.88
1606741229, 1033, 1, 3, 0, 0, 0.43%, 0, 0, 1, 459.56
1606741234, 1036, 2, 3, 0, 0, 0.43%, 0, 0, 1, 480.32
1606741239, 1039, 2, 3, 0, 0, 0.43%, 0, 0, 1, 468.93
1606741244, 1042, 2, 3, 0, 0, 0.43%, 0, 0, 1, 478.15
1606741249, 1046, 0, 3, 0, 0, 0.43%, 0, 0, 1, 475.64
1606741254, 1049, 0, 3, 0, 0, 0.43%, 0, 0, 1, 473.29
1606741260, 1052, 0, 3, 0, 0, 0.43%, 0, 0, 1, 439.10
1606741265, 1055, 0, 3, 0, 0, 0.43%, 0, 0, 1, 465.16
1606741270, 1058, 0, 3, 0, 0, 0.43%, 0, 0, 1, 461.99
1606741275, 1061, 0, 3, 0, 0, 0.43%, 0, 0, 1, 426.18
1606741280, 1063, 1, 3, 0, 0, 0.43%, 0, 0, 1, 373.67
1606741285, 1065, 2, 3, 0, 0, 0.43%, 0, 0, 1, 358.47
1606741290, 1068, 1, 3, 0, 0, 0.43%, 0, 0, 1, 377.48
1606741295, 1070, 1, 3, 0, 0, 0.43%, 0, 0, 1, 349.79
1606741300, 1073, 2, 3, 0, 0, 0.43%, 0, 0, 1, 440.76
1606741305, 1076, 2, 3, 0, 0, 0.43%, 0, 0, 1, 469.70
1606741310, 1079, 2, 3, 0, 0, 0.43%, 0, 0, 1, 477.05
1606741316, 1083, 0, 3, 0, 0, 0.43%, 0, 0, 1, 474.81
1606741321, 1086, 0, 3, 0, 0, 0.43%, 0, 0, 1, 463.22
1606741326, 1089, 0, 3, 0, 0, 0.43%, 0, 0, 1, 459.68
1606741331, 1092, 1, 3, 0, 0, 0.43%, 0, 0, 1, 472.30
1606741336, 1095, 1, 3, 0, 0, 0.43%, 0, 0, 1, 449.77
1606741341, 1098, 0, 3, 0, 0, 0.43%, 0, 0, 1, 444.11
1606741346, 1101, 0, 3, 0, 0, 0.43%, 0, 0, 1, 437.73
1606741351, 1103, 1, 3, 0, 0, 0.43%, 0, 0, 1, 377.17
1606741356, 1106, 0, 3, 0, 0, 0.43%, 0, 0, 1, 391.46
1606741361, 1108, 2, 3, 0, 0, 0.43%, 0, 0, 1, 407.54
1606741366, 1111, 1, 3, 0, 0, 0.43%, 0, 0, 1, 415.96
1606741371, 1114, 0, 3, 0, 0, 0.43%, 0, 0, 1, 412.48
1606741376, 1116, 2, 3, 0, 0, 0.43%, 0, 0, 1, 415.87
1606741381, 1119, 1, 3, 0, 0, 0.43%, 0, 0, 1, 425.82
1606741386, 1122, 1, 3, 0, 0, 0.43%, 0, 0, 1, 430.81
1606741391, 1125, 0, 3, 0, 0, 0.43%, 0, 0, 1, 430.65
1606741397, 1128, 0, 3, 0, 0, 0.43%, 0, 0, 1, 416.94
1606741402, 1130, 2, 3, 0, 0, 0.43%, 0, 0, 1, 403.07
1606741407, 1133, 1, 3, 0, 0, 0.43%, 0, 0, 1, 425.65
1606741412, 1136, 0, 3, 0, 0, 0.43%, 0, 0, 1, 410.54
1606741417, 1138, 2, 3, 0, 0, 0.43%, 0, 0, 1, 414.69
1606741422, 1141, 2, 3, 0, 0, 0.43%, 0, 0, 1, 418.15
1606741427, 1144, 1, 3, 0, 0, 0.43%, 0, 0, 1, 416.93
1606741432, 1147, 1, 3, 0, 0, 0.43%, 0, 0, 1, 421.42
1606741437, 1150, 0, 3, 0, 0, 0.43%, 0, 0, 1, 434.31
1606741442, 1153, 0, 3, 0, 0, 0.43%, 0, 0, 1, 435.92
1606741447, 1155, 2, 3, 0, 0, 0.43%, 0, 0, 1, 416.22
1606741452, 1158, 1, 3, 0, 0, 0.43%, 0, 0, 1, 408.67
1606741458, 1161, 0, 3, 0, 0, 0.43%, 0, 0, 1, 406.86
1606741463, 1164, 0, 3, 0, 0, 0.43%, 0, 0, 1, 434.11
1606741468, 1166, 2, 3, 0, 0, 0.43%, 0, 0, 1, 421.56
1606741473, 1169, 2, 3, 0, 0, 0.43%, 0, 0, 1, 416.93
1606741478, 1172, 1, 3, 0, 0, 0.43%, 0, 0, 1, 412.89
1606741483, 1175, 0, 3, 0, 0, 0.43%, 0, 0, 1, 407.21
1606741488, 1177, 2, 3, 0, 0, 0.43%, 0, 0, 1, 409.28
1606741493, 1180, 1, 3, 0, 0, 0.43%, 0, 0, 1, 413.31
1606741498, 1183, 0, 3, 0, 0, 0.43%, 0, 0, 1, 404.72
1606741503, 1185, 2, 3, 0, 0, 0.43%, 0, 0, 1, 416.79
1606741508, 1188, 1, 3, 0, 0, 0.43%, 0, 0, 1, 417.48
1606741513, 1191, 0, 3, 0, 0, 0.43%, 0, 0, 1, 403.52
1606741518, 1193, 2, 3, 0, 0, 0.43%, 0, 0, 1, 413.14
1606741523, 1196, 2, 3, 0, 0, 0.43%, 0, 0, 1, 424.38
1606741529, 1199, 1, 3, 0, 0, 0.43%, 0, 0, 1, 412.96
1606741534, 1202, 0, 3, 0, 0, 0.43%, 0, 0, 1, 400.85
1606741539, 1204, 1, 3, 0, 0, 0.43%, 0, 0, 1, 372.92
1606741544, 1206, 2, 3, 0, 0, 0.43%, 0, 0, 1, 353.45
1606741549, 1209, 1, 3, 0, 0, 0.43%, 0, 0, 1, 385.40
1606741554, 1212, 0, 3, 0, 0, 0.43%, 0, 0, 1, 393.69
1606741559, 1214, 2, 3, 0, 0, 0.43%, 0, 0, 1, 409.88
1606741564, 1217, 1, 3, 0, 0, 0.43%, 0, 0, 1, 407.00
1606741569, 1220, 0, 3, 0, 0, 0.43%, 0, 0, 1, 398.57
1606741574, 1222, 0, 3, 0, 0, 0.43%, 0, 0, 1, 332.75
1606741579, 1224, 0, 3, 0, 0, 0.43%, 0, 0, 1, 295.32
1606741584, 1226, 0, 3, 0, 0, 0.43%, 0, 0, 1, 299.84
1606741590, 1228, 1, 3, 0, 0, 0.43%, 0, 0, 1, 335.97
1606741595, 1231, 0, 3, 0, 0, 0.43%, 0, 0, 1, 401.80
1606741600, 1233, 1, 3, 0, 0, 0.43%, 0, 0, 1, 378.92
1606741605, 1236, 0, 3, 0, 0, 0.43%, 0, 0, 1, 383.12
1606741610, 1238, 2, 3, 0, 0, 0.43%, 0, 0, 1, 407.07
1606741615, 1241, 1, 3, 0, 0, 0.43%, 0, 0, 1, 385.85
1606741620, 1243, 2, 3, 0, 0, 0.43%, 0, 0, 1, 359.75
1606741625, 1246, 1, 3, 0, 0, 0.43%, 0, 0, 1, 401.69
1606741631, 1249, 0, 3, 0, 0, 0.43%, 0, 0, 1, 405.17
1606741636, 1251, 2, 3, 0, 0, 0.43%, 0, 0, 1, 374.28
1606741641, 1254, 1, 3, 0, 0, 0.43%, 0, 0, 1, 387.90
1606741646, 1256, 2, 3, 0, 0, 0.43%, 0, 0, 1, 359.23
1606741651, 1259, 1, 3, 0, 0, 0.43%, 0, 0, 1, 392.58
1606741656, 1261, 1, 3, 0, 0, 0.43%, 0, 0, 1, 304.21
1606741662, 1263, 1, 3, 0, 0, 0.43%, 0, 0, 1, 332.33
1606741667, 1266, 0, 3, 0, 0, 0.43%, 0, 0, 1, 395.35
1606741672, 1269, 0, 3, 0, 0, 0.43%, 0, 0, 1, 418.00
1606741677, 1271, 2, 3, 0, 0, 0.43%, 0, 0, 1, 402.64
1606741682, 1274, 1, 3, 0, 0, 0.43%, 0, 0, 1, 422.18
1606741687, 1277, 0, 3, 0, 0, 0.43%, 0, 0, 1, 390.56
1606741692, 1279, 2, 3, 0, 0, 0.43%, 0, 0, 1, 415.62
1606741697, 1282, 1, 3, 0, 0, 0.43%, 0, 0, 1, 416.14
1606741702, 1285, 0, 3, 0, 0, 0.43%, 0, 0, 1, 413.46
1606741707, 1288, 0, 3, 0, 0, 0.43%, 0, 0, 1, 425.67
1606741713, 1291, 0, 3, 0, 0, 0.43%, 0, 0, 1, 424.14
1606741718, 1293, 2, 3, 0, 0, 0.43%, 0, 0, 1, 421.63
1606741723, 1296, 2, 3, 0, 0, 0.43%, 0, 0, 1, 421.79
1606741728, 1299, 1, 3, 0, 0, 0.43%, 0, 0, 1, 413.51
1606741733, 1302, 0, 3, 0, 0, 0.43%, 0, 0, 1, 426.17
1606741738, 1304, 2, 3, 0, 0, 0.43%, 0, 0, 1, 414.33
1606741743, 1307, 1, 3, 0, 0, 0.43%, 0, 0, 1, 423.05
1606741748, 1310, 1, 3, 0, 0, 0.43%, 0, 0, 1, 411.04
1606741753, 1312, 2, 3, 0, 0, 0.43%, 0, 0, 1, 367.88
1606741758, 1315, 0, 3, 0, 0, 0.43%, 0, 0, 1, 389.39
1606741763, 1317, 2, 3, 0, 0, 0.43%, 0, 0, 1, 366.25
1606741769, 1320, 0, 3, 0, 0, 0.43%, 0, 0, 1, 347.36
1606741774, 1322, 1, 3, 0, 0, 0.43%, 0, 0, 1, 374.59
1606741779, 1325, 0, 3, 0, 0, 0.43%, 0, 0, 1, 391.36
1606741784, 1327, 2, 3, 0, 0, 0.43%, 0, 0, 1, 410.30
1606741789, 1330, 1, 3, 0, 0, 0.43%, 0, 0, 1, 410.96
1606741794, 1333, 0, 3, 0, 0, 0.43%, 0, 0, 1, 394.31
1606741799, 1335, 2, 3, 0, 0, 0.43%, 0, 0, 1, 375.84
1606741804, 1338, 1, 3, 0, 0, 0.43%, 0, 0, 1, 418.84
1606741809, 1341, 0, 3, 0, 0, 0.43%, 0, 0, 1, 396.10
1606741814, 1343, 1, 3, 0, 0, 0.43%, 0, 0, 1, 395.26
1606741820, 1346, 1, 3, 0, 0, 0.43%, 0, 0, 1, 409.60
1606741825, 1349, 0, 3, 0, 0, 0.43%, 0, 0, 1, 419.70
1606741830, 1352, 0, 3, 0, 0, 0.43%, 0, 0, 1, 449.63
1606741835, 1355, 1, 3, 0, 0, 0.43%, 0, 0, 1, 483.44
1606741840, 1358, 1, 3, 0, 0, 0.43%, 0, 0, 1, 464.67
1606741845, 1361, 2, 3, 0, 0, 0.43%, 0, 0, 1, 471.41
1606741850, 1364, 1, 3, 0, 0, 0.43%, 0, 0, 1, 466.98
1606741855, 1367, 2, 3, 0, 0, 0.43%, 0, 0, 1, 481.04
1606741860, 1371, 0, 3, 0, 0, 0.43%, 0, 0, 1, 473.88
1606741866, 1373, 2, 3, 0, 0, 0.43%, 0, 0, 1, 391.92
1606741871, 1376, 1, 3, 0, 0, 0.43%, 0, 0, 1, 443.54
1606741876, 1379, 2, 3, 0, 0, 0.43%, 0, 0, 1, 465.58
1606741881, 1382, 2, 3, 0, 0, 0.43%, 0, 0, 1, 474.45
1606741886, 1385, 2, 3, 0, 0, 0.43%, 0, 0, 1, 439.45
1606741891, 1387, 2, 3, 0, 0, 0.43%, 0, 0, 1, 330.68
1606741896, 1389, 2, 3, 0, 0, 0.43%, 0, 0, 1, 310.17
1606741901, 1392, 0, 3, 0, 0, 0.43%, 0, 0, 1, 354.60
1606741906, 1394, 1, 3, 0, 0, 0.43%, 0, 0, 1, 334.08
1606741911, 1396, 1, 3, 0, 0, 0.43%, 0, 0, 1, 338.90
1606741916, 1398, 2, 3, 0, 0, 0.43%, 0, 0, 1, 333.81
1606741921, 1401, 1, 3, 0, 0, 0.43%, 0, 0, 1, 390.60
1606741926, 1404, 0, 3, 0, 0, 0.43%, 0, 0, 1, 425.25
1606741931, 1407, 0, 3, 0, 0, 0.43%, 0, 0, 1, 468.12
1606741937, 1410, 1, 3, 0, 0, 0.43%, 0, 0, 1, 485.15
1606741942, 1413, 2, 3, 0, 0, 0.43%, 0, 0, 1, 466.71
1606741947, 1417, 0, 3, 0, 0, 0.43%, 0, 0, 1, 494.20
1606741952, 1420, 1, 3, 0, 0, 0.43%, 0, 0, 1, 505.23
1606741957, 1423, 2, 3, 0, 0, 0.43%, 0, 0, 1, 507.92
1606741962, 1427, 0, 3, 0, 0, 0.43%, 0, 0, 1, 509.37
1606741967, 1430, 1, 3, 0, 0, 0.43%, 0, 0, 1, 509.67
1606741972, 1433, 2, 3, 0, 0, 0.43%, 0, 0, 1, 500.22
1606741977, 1437, 0, 3, 0, 0, 0.43%, 0, 0, 1, 495.13
1606741982, 1440, 1, 3, 0, 0, 0.43%, 0, 0, 1, 504.98
1606741987, 1443, 2, 3, 0, 0, 0.43%, 0, 0, 1, 499.95
1606741992, 1446, 2, 3, 0, 0, 0.43%, 0, 0, 1, 503.20
1606741997, 1450, 1, 3, 0, 0, 0.43%, 0, 0, 1, 509.71
1606742002, 1453, 2, 3, 0, 0, 0.43%, 0, 0, 1, 512.51
1606742007, 1457, 0, 3, 0, 0, 0.43%, 0, 0, 1, 508.61
1606742012, 1460, 0, 3, 0, 0, 0.43%, 0, 0, 1, 504.02
1606742017, 1463, 1, 3, 0, 0, 0.43%, 0, 0, 1, 492.67
1606742023, 1466, 2, 3, 0, 0, 0.43%, 0, 0, 1, 490.38
1606742028, 1469, 2, 3, 0, 0, 0.43%, 0, 0, 1, 493.81
1606742033, 1473, 0, 3, 0, 0, 0.43%, 0, 0, 1, 495.58
1606742038, 1476, 1, 3, 0, 0, 0.43%, 0, 0, 1, 498.26
1606742043, 1479, 1, 3, 0, 0, 0.43%, 0, 0, 1, 493.87
1606742048, 1482, 2, 3, 0, 0, 0.43%, 0, 0, 1, 501.45
1606742053, 1486, 0, 3, 0, 0, 0.43%, 0, 0, 1, 495.77
1606742058, 1489, 1, 3, 0, 0, 0.43%, 0, 0, 1, 492.71
1606742063, 1492, 2, 3, 0, 0, 0.43%, 0, 0, 1, 481.09
1606742068, 1495, 2, 3, 0, 0, 0.43%, 0, 0, 1, 474.81
1606742073, 1499, 0, 3, 0, 0, 0.43%, 0, 0, 1, 495.51
1606742078, 1502, 1, 3, 0, 0, 0.43%, 0, 0, 1, 497.39
1606742083, 1505, 1, 3, 0, 0, 0.43%, 0, 0, 1, 505.00
1606742088, 1509, 0, 3, 0, 0, 0.43%, 0, 0, 1, 509.11
1606742093, 1512, 0, 3, 0, 0, 0.43%, 0, 0, 1, 496.75
1606742098, 1514, 2, 3, 0, 0, 0.43%, 0, 0, 1, 403.14
1606742103, 1518, 0, 3, 0, 0, 0.43%, 0, 0, 1, 487.05
1606742108, 1521, 1, 3, 0, 0, 0.43%, 0, 0, 1, 503.30
1606742114, 1524, 2, 3, 0, 0, 0.43%, 0, 0, 1, 511.23
1606742119, 1528, 0, 3, 0, 0, 0.43%, 0, 0, 1, 494.05
1606742124, 1531, 1, 3, 0, 0, 0.43%, 0, 0, 1, 510.16
1606742129, 1534, 2, 3, 0, 0, 0.43%, 0, 0, 1, 513.38
1606742134, 1538, 0, 3, 0, 0, 0.43%, 0, 0, 1, 513.83
1606742139, 1541, 1, 3, 0, 0, 0.43%, 0, 0, 1, 497.92
1606742144, 1544, 2, 3, 0, 0, 0.43%, 0, 0, 1, 498.08
1606742149, 1548, 0, 3, 0, 0, 0.43%, 0, 0, 1, 507.88
1606742154, 1551, 1, 3, 0, 0, 0.43%, 0, 0, 1, 499.00
1606742159, 1554, 1, 3, 0, 0, 0.43%, 0, 0, 1, 485.17
1606742164, 1557, 2, 3, 0, 0, 0.43%, 0, 0, 1, 508.41
1606742169, 1561, 0, 3, 0, 0, 0.43%, 0, 0, 1, 516.51
1606742174, 1564, 1, 3, 0, 0, 0.43%, 0, 0, 1, 517.56
1606742179, 1568, 0, 3, 0, 0, 0.43%, 0, 0, 1, 517.98
1606742184, 1571, 1, 3, 0, 0, 0.43%, 0, 0, 1, 514.07
1606742189, 1574, 2, 3, 0, 0, 0.43%, 0, 0, 1, 517.75
1606742194, 1578, 0, 3, 0, 0, 0.43%, 0, 0, 1, 517.90
1606742199, 1581, 1, 3, 0, 0, 0.43%, 0, 0, 1, 514.39
1606742204, 1584, 2, 3, 0, 0, 0.43%, 0, 0, 1, 514.79
1606742209, 1588, 0, 3, 0, 0, 0.43%, 0, 0, 1, 500.28
1606742214, 1591, 1, 3, 0, 0, 0.43%, 0, 0, 1, 493.74
1606742219, 1594, 2, 3, 0, 0, 0.43%, 0, 0, 1, 509.28
1606742224, 1598, 0, 3, 0, 0, 0.43%, 0, 0, 1, 515.64
1606742229, 1601, 1, 3, 0, 0, 0.43%, 0, 0, 1, 515.64
1606742234, 1604, 2, 3, 0, 0, 0.43%, 0, 0, 1, 514.08
1606742239, 1607, 2, 3, 0, 0, 0.43%, 0, 0, 1, 491.72
1606742244, 1611, 0, 3, 0, 0, 0.43%, 0, 0, 1, 476.37
1606742249, 1614, 0, 3, 0, 0, 0.43%, 0, 0, 1, 458.31
1606742254, 1617, 0, 3, 0, 0, 0.43%, 0, 0, 1, 482.15
1606742260, 1620, 1, 3, 0, 0, 0.43%, 0, 0, 1, 496.72
1606742265, 1623, 2, 3, 0, 0, 0.43%, 0, 0, 1, 472.91
1606742270, 1627, 0, 3, 0, 0, 0.43%, 0, 0, 1, 495.30
1606742275, 1630, 1, 3, 0, 0, 0.43%, 0, 0, 1, 506.56
1606742280, 1633, 1, 3, 0, 0, 0.43%, 0, 0, 1, 475.84
1606742285, 1637, 0, 3, 0, 0, 0.43%, 0, 0, 1, 507.80
1606742290, 1640, 1, 3, 0, 0, 0.43%, 0, 0, 1, 520.08
1606742295, 1644, 0, 3, 0, 0, 0.43%, 0, 0, 1, 524.61
1606742301, 1647, 1, 3, 0, 0, 0.43%, 0, 0, 1, 525.33
1606742306, 1651, 0, 3, 0, 0, 0.43%, 0, 0, 1, 497.18
1606742311, 1654, 1, 3, 0, 0, 0.43%, 0, 0, 1, 516.13
1606742316, 1658, 0, 3, 0, 0, 0.43%, 0, 0, 1, 519.11
1606742321, 1661, 1, 3, 0, 0, 0.43%, 0, 0, 1, 520.69
1606742327, 1665, 0, 3, 0, 0, 0.43%, 0, 0, 1, 523.39
1606742332, 1668, 1, 3, 0, 0, 0.43%, 0, 0, 1, 526.00
1606742337, 1672, 0, 3, 0, 0, 0.43%, 0, 0, 1, 524.21
1606742342, 1675, 1, 3, 0, 0, 0.43%, 0, 0, 1, 490.64
1606742347, 1678, 0, 3, 0, 0, 0.43%, 0, 0, 1, 460.83
1606742352, 1681, 1, 3, 0, 0, 0.43%, 0, 0, 1, 477.87
1606742357, 1684, 2, 3, 0, 0, 0.43%, 0, 0, 1, 511.72
1606742362, 1688, 1, 3, 0, 0, 0.43%, 0, 0, 1, 516.97
1606742368, 1691, 2, 3, 0, 0, 0.43%, 0, 0, 1, 509.53
1606742373, 1695, 1, 3, 0, 0, 0.43%, 0, 0, 1, 516.72
1606742378, 1698, 2, 3, 0, 0, 0.43%, 0, 0, 1, 519.69
1606742383, 1702, 1, 3, 0, 0, 0.43%, 0, 0, 1, 519.88
1606742388, 1705, 2, 3, 0, 0, 0.43%, 0, 0, 1, 518.25
1606742393, 1709, 1, 3, 0, 0, 0.43%, 0, 0, 1, 515.97
1606742399, 1712, 2, 3, 0, 0, 0.43%, 0, 0, 1, 517.49
1606742404, 1716, 0, 3, 0, 0, 0.43%, 0, 0, 1, 493.52
1606742409, 1719, 1, 3, 0, 0, 0.43%, 0, 0, 1, 512.95
1606742414, 1723, 0, 3, 0, 0, 0.43%, 0, 0, 1, 518.61
1606742419, 1726, 1, 3, 0, 0, 0.43%, 0, 0, 1, 519.78
1606742424, 1730, 0, 3, 0, 0, 0.43%, 0, 0, 1, 516.42
1606742429, 1733, 1, 3, 0, 0, 0.43%, 0, 0, 1, 498.01
1606742434, 1736, 1, 3, 0, 0, 0.43%, 0, 0, 1, 504.84
1606742439, 1739, 1, 3, 0, 0, 0.43%, 0, 0, 1, 470.59
1606742444, 1742, 2, 3, 0, 0, 0.43%, 0, 0, 1, 471.71
1606742449, 1745, 1, 3, 0, 0, 0.43%, 0, 0, 1, 458.81
1606742454, 1749, 0, 3, 0, 0, 0.43%, 0, 0, 1, 507.67
1606742460, 1752, 1, 3, 0, 0, 0.43%, 0, 0, 1, 517.25
1606742465, 1756, 0, 3, 0, 0, 0.43%, 0, 0, 1, 521.55
1606742470, 1759, 1, 3, 0, 0, 0.43%, 0, 0, 1, 522.65
1606742475, 1763, 0, 3, 0, 0, 0.43%, 0, 0, 1, 519.11
1606742480, 1766, 1, 3, 0, 0, 0.43%, 0, 0, 1, 519.02
1606742486, 1770, 0, 3, 0, 0, 0.43%, 0, 0, 1, 522.43
1606742491, 1773, 1, 3, 0, 0, 0.43%, 0, 0, 1, 519.70
1606742496, 1777, 0, 3, 0, 0, 0.43%, 0, 0, 1, 517.46
1606742501, 1780, 1, 3, 0, 0, 0.43%, 0, 0, 1, 518.93
1606742506, 1784, 0, 3, 0, 0, 0.43%, 0, 0, 1, 517.16
1606742511, 1787, 1, 3, 0, 0, 0.43%, 0, 0, 1, 519.67
1606742516, 1791, 0, 3, 0, 0, 0.43%, 0, 0, 1, 520.29
1606742521, 1794, 1, 3, 0, 0, 0.43%, 0, 0, 1, 516.50
1606742527, 1797, 2, 3, 0, 0, 0.43%, 0, 0, 1, 520.54
1606742532, 1801, 1, 3, 0, 0, 0.43%, 0, 0, 1, 523.32
1606742537, 1804, 2, 3, 0, 0, 0.43%, 0, 0, 1, 523.59
1606742542, 1808, 1, 3, 0, 0, 0.43%, 0, 0, 1, 519.96
1606742547, 1811, 2, 3, 0, 0, 0.43%, 0, 0, 1, 524.48
1606742553, 1815, 1, 3, 0, 0, 0.43%, 0, 0, 1, 514.96
1606742558, 1818, 2, 3, 0, 0, 0.43%, 0, 0, 1, 516.94
1606742563, 1822, 1, 3, 0, 0, 0.43%, 0, 0, 1, 521.35
1606742568, 1826, 0, 3, 0, 0, 0.43%, 0, 0, 1, 521.44
1606742573, 1829, 1, 3, 0, 0, 0.43%, 0, 0, 1, 524.34
1606742578, 1833, 0, 3, 0, 0, 0.43%, 0, 0, 1, 515.33
1606742584, 1836, 1, 3, 0, 0, 0.43%, 0, 0, 1, 521.12
1606742589, 1839, 2, 3, 0, 0, 0.43%, 0, 0, 1, 489.54
1606742594, 1843, 0, 3, 0, 0, 0.43%, 0, 0, 1, 515.27
1606742599, 1846, 2, 3, 0, 0, 0.43%, 0, 0, 1, 520.55
1606742604, 1850, 0, 3, 0, 0, 0.43%, 0, 0, 1, 523.92
1606742609, 1853, 2, 3, 0, 0, 0.43%, 0, 0, 1, 518.10
1606742615, 1857, 0, 3, 0, 0, 0.43%, 0, 0, 1, 515.21
1606742620, 1860, 2, 3, 0, 0, 0.43%, 0, 0, 1, 520.34
1606742625, 1863, 2, 3, 0, 0, 0.43%, 0, 0, 1, 510.00
1606742630, 1867, 1, 3, 0, 0, 0.43%, 0, 0, 1, 517.16
1606742635, 1871, 0, 3, 0, 0, 0.43%, 0, 0, 1, 520.20
1606742640, 1874, 1, 3, 0, 0, 0.43%, 0, 0, 1, 520.02
1606742646, 1878, 0, 3, 0, 0, 0.43%, 0, 0, 1, 518.98
1606742651, 1881, 1, 3, 0, 0, 0.43%, 0, 0, 1, 516.89
1606742656, 1885, 0, 3, 0, 0, 0.43%, 0, 0, 1, 520.76
1606742661, 1888, 1, 3, 0, 0, 0.43%, 0, 0, 1, 524.08
1606742666, 1892, 0, 3, 0, 0, 0.43%, 0, 0, 1, 522.14
1606742671, 1895, 1, 3, 0, 0, 0.43%, 0, 0, 1, 516.40
1606742676, 1898, 2, 3, 0, 0, 0.43%, 0, 0, 1, 499.73
1606742682, 1902, 0, 3, 0, 0, 0.43%, 0, 0, 1, 515.54
1606742687, 1905, 2, 3, 0, 0, 0.43%, 0, 0, 1, 522.68
1606742692, 1909, 0, 3, 0, 0, 0.43%, 0, 0, 1, 520.87
1606742697, 1912, 2, 3, 0, 0, 0.43%, 0, 0, 1, 521.44
1606742702, 1916, 1, 3, 0, 0, 0.43%, 0, 0, 1, 522.65
1606742707, 1919, 2, 3, 0, 0, 0.43%, 0, 0, 1, 524.53
1606742713, 1923, 1, 3, 0, 0, 0.43%, 0, 0, 1, 524.41
1606742718, 1926, 2, 3, 0, 0, 0.43%, 0, 0, 1, 499.71
1606742723, 1930, 0, 3, 0, 0, 0.43%, 0, 0, 1, 515.77
1606742728, 1933, 2, 3, 0, 0, 0.43%, 0, 0, 1, 522.97
1606742733, 1937, 1, 3, 0, 0, 0.43%, 0, 0, 1, 524.32
1606742739, 1940, 2, 3, 0, 0, 0.43%, 0, 0, 1, 523.90
1606742744, 1944, 1, 3, 0, 0, 0.43%, 0, 0, 1, 524.23
1606742749, 1947, 2, 3, 0, 0, 0.43%, 0, 0, 1, 524.62
1606742754, 1951, 1, 3, 0, 0, 0.43%, 0, 0, 1, 524.98
1606742759, 1954, 2, 3, 0, 0, 0.43%, 0, 0, 1, 523.86
1606742764, 1958, 1, 3, 0, 0, 0.43%, 0, 0, 1, 522.92
1606742769, 1961, 2, 3, 0, 0, 0.43%, 0, 0, 1, 521.84
1606742775, 1965, 1, 3, 0, 0, 0.43%, 0, 0, 1, 520.69
1606742780, 1968, 2, 3, 0, 0, 0.43%, 0, 0, 1, 521.11
1606742785, 1972, 1, 3, 0, 0, 0.43%, 0, 0, 1, 520.74
1606742790, 1976, 0, 3, 0, 0, 0.43%, 0, 0, 1, 522.04
1606742795, 1979, 0, 3, 0, 0, 0.43%, 0, 0, 1, 504.28
1606742800, 1982, 2, 3, 0, 0, 0.43%, 0, 0, 1, 521.32
1606742805, 1986, 0, 3, 0, 0, 0.43%, 0, 0, 1, 519.23
1606742811, 1989, 2, 3, 0, 0, 0.43%, 0, 0, 1, 522.89
1606742816, 1993, 1, 3, 0, 0, 0.43%, 0, 0, 1, 524.95
1606742821, 1996, 2, 3, 0, 0, 0.43%, 0, 0, 1, 520.19
1606742826, 2000, 1, 3, 0, 0, 0.43%, 0, 0, 1, 520.86
1606742831, 2003, 2, 3, 0, 0, 0.43%, 0, 0, 1, 521.68
1606742836, 2007, 1, 3, 0, 0, 0.43%, 0, 0, 1, 520.83
1606742842, 2010, 2, 3, 0, 0, 0.43%, 0, 0, 1, 523.40
1606742847, 2014, 1, 3, 0, 0, 0.43%, 0, 0, 1, 524.74
1606742852, 2017, 2, 3, 0, 0, 0.43%, 0, 0, 1, 520.84
1606742857, 2021, 1, 3, 0, 0, 0.43%, 0, 0, 1, 520.00
1606742862, 2025, 0, 3, 0, 0, 0.43%, 0, 0, 1, 524.03
1606742868, 2028, 1, 3, 0, 0, 0.43%, 0, 0, 1, 524.36
1606742873, 2032, 0, 3, 0, 0, 0.43%, 0, 0, 1, 523.92
1606742878, 2035, 1, 3, 0, 0, 0.43%, 0, 0, 1, 524.24
1606742883, 2039, 0, 3, 0, 0, 0.43%, 0, 0, 1, 524.39
1606742888, 2042, 1, 3, 0, 0, 0.43%, 0, 0, 1, 523.02
1606742893, 2046, 0, 3, 0, 0, 0.43%, 0, 0, 1, 524.95
1606742899, 2049, 2, 3, 0, 0, 0.43%, 0, 0, 1, 525.19
1606742904, 2053, 0, 3, 0, 0, 0.43%, 0, 0, 1, 525.13
1606742909, 2056, 2, 3, 0, 0, 0.43%, 0, 0, 1, 523.80
1606742914, 2060, 0, 3, 0, 0, 0.43%, 0, 0, 1, 522.40
1606742919, 2063, 1, 3, 0, 0, 0.43%, 0, 0, 1, 493.70
1606742924, 2067, 0, 3, 0, 0, 0.43%, 0, 0, 1, 516.69
1606742930, 2070, 2, 3, 0, 0, 0.43%, 0, 0, 1, 520.87
1606742935, 2074, 0, 3, 0, 0, 0.43%, 0, 0, 1, 524.71
1606742940, 2077, 2, 3, 0, 0, 0.43%, 0, 0, 1, 525.21
1606742945, 2081, 0, 3, 0, 0, 0.43%, 0, 0, 1, 524.06
1606742950, 2084, 2, 3, 0, 0, 0.43%, 0, 0, 1, 523.95
1606742955, 2088, 1, 3, 0, 0, 0.43%, 0, 0, 1, 524.13
1606742961, 2091, 2, 3, 0, 0, 0.43%, 0, 0, 1, 524.72
1606742966, 2095, 1, 3, 0, 0, 0.43%, 0, 0, 1, 526.13
1606742971, 2098, 2, 3, 0, 0, 0.43%, 0, 0, 1, 525.60
1606742976, 2102, 1, 3, 0, 0, 0.43%, 0, 0, 1, 523.04
1606742981, 2106, 0, 3, 0, 0, 0.43%, 0, 0, 1, 520.60
1606742987, 2109, 1, 3, 0, 0, 0.43%, 0, 0, 1, 521.61
1606742992, 2113, 0, 3, 0, 0, 0.43%, 0, 0, 1, 522.68
1606742997, 2116, 1, 3, 0, 0, 0.43%, 0, 0, 1, 523.54
1606743002, 2120, 0, 3, 0, 0, 0.43%, 0, 0, 1, 521.71
1606743007, 2123, 1, 3, 0, 0, 0.43%, 0, 0, 1, 523.26
1606743012, 2127, 0, 3, 0, 0, 0.43%, 0, 0, 1, 523.98
1606743018, 2130, 1, 3, 0, 0, 0.43%, 0, 0, 1, 522.81
1606743023, 2134, 0, 3, 0, 0, 0.43%, 0, 0, 1, 523.19
1606743028, 2137, 2, 3, 0, 0, 0.43%, 0, 0, 1, 521.20
1606743033, 2141, 0, 3, 0, 0, 0.43%, 0, 0, 1, 521.24
1606743038, 2144, 1, 3, 0, 0, 0.43%, 0, 0, 1, 522.00
1606743043, 2147, 2, 3, 0, 0, 0.43%, 0, 0, 1, 507.92
1606743048, 2151, 1, 3, 0, 0, 0.43%, 0, 0, 1, 517.89
1606743054, 2154, 2, 3, 0, 0, 0.43%, 0, 0, 1, 520.22
1606743059, 2158, 0, 3, 0, 0, 0.43%, 0, 0, 1, 519.55
1606743064, 2161, 2, 3, 0, 0, 0.43%, 0, 0, 1, 522.14
1606743069, 2165, 1, 3, 0, 0, 0.43%, 0, 0, 1, 522.12
1606743074, 2168, 2, 3, 0, 0, 0.43%, 0, 0, 1, 521.95
1606743079, 2172, 1, 3, 0, 0, 0.43%, 0, 0, 1, 521.94
1606743084, 2175, 2, 3, 0, 0, 0.43%, 0, 0, 1, 520.33
1606743089, 2179, 0, 3, 0, 0, 0.43%, 0, 0, 1, 520.27
1606743095, 2182, 2, 3, 0, 0, 0.43%, 0, 0, 1, 521.31
1606743100, 2186, 0, 3, 0, 0, 0.43%, 0, 0, 1, 519.73
1606743105, 2189, 2, 3, 0, 0, 0.43%, 0, 0, 1, 522.09
1606743110, 2193, 1, 3, 0, 0, 0.43%, 0, 0, 1, 522.42
1606743115, 2196, 2, 3, 0, 0, 0.43%, 0, 0, 1, 523.25
1606743121, 2200, 1, 3, 0, 0, 0.43%, 0, 0, 1, 519.90
1606743126, 2203, 1, 3, 0, 0, 0.43%, 0, 0, 1, 499.46
1606743131, 2207, 0, 3, 0, 0, 0.43%, 0, 0, 1, 516.02
1606743136, 2210, 1, 3, 0, 0, 0.43%, 0, 0, 1, 519.42
1606743141, 2214, 0, 3, 0, 0, 0.43%, 0, 0, 1, 518.53
1606743146, 2217, 1, 3, 0, 0, 0.43%, 0, 0, 1, 519.08
1606743152, 2221, 0, 3, 0, 0, 0.43%, 0, 0, 1, 517.11
1606743157, 2224, 1, 3, 0, 0, 0.43%, 0, 0, 1, 517.02
1606743162, 2228, 0, 3, 0, 0, 0.43%, 0, 0, 1, 517.26
1606743167, 2231, 1, 3, 0, 0, 0.43%, 0, 0, 1, 520.77
1606743172, 2235, 0, 3, 0, 0, 0.43%, 0, 0, 1, 523.51
1606743177, 2238, 2, 3, 0, 0, 0.43%, 0, 0, 1, 522.53
1606743183, 2242, 0, 3, 0, 0, 0.43%, 0, 0, 1, 520.09
1606743188, 2245, 2, 3, 0, 0, 0.43%, 0, 0, 1, 520.81
1606743193, 2249, 0, 3, 0, 0, 0.43%, 0, 0, 1, 523.87
1606743198, 2252, 2, 3, 0, 0, 0.43%, 0, 0, 1, 524.89
1606743203, 2256, 0, 3, 0, 0, 0.43%, 0, 0, 1, 523.47
1606743208, 2259, 2, 3, 0, 0, 0.43%, 0, 0, 1, 522.49
1606743213, 2263, 0, 3, 0, 0, 0.43%, 0, 0, 1, 519.88
1606743219, 2266, 2, 3, 0, 0, 0.43%, 0, 0, 1, 520.20
1606743224, 2270, 0, 3, 0, 0, 0.43%, 0, 0, 1, 523.34
1606743229, 2273, 2, 3, 0, 0, 0.43%, 0, 0, 1, 523.93
1606743234, 2277, 0, 3, 0, 0, 0.43%, 0, 0, 1, 526.12
1606743239, 2280, 2, 3, 0, 0, 0.43%, 0, 0, 1, 525.30
1606743244, 2284, 0, 3, 0, 0, 0.43%, 0, 0, 1, 525.88
1606743250, 2287, 2, 3, 0, 0, 0.43%, 0, 0, 1, 525.22
1606743255, 2291, 1, 3, 0, 0, 0.43%, 0, 0, 1, 525.19
1606743260, 2294, 2, 3, 0, 0, 0.43%, 0, 0, 1, 523.25
1606743265, 2298, 1, 3, 0, 0, 0.43%, 0, 0, 1, 525.35
1606743270, 2301, 2, 3, 0, 0, 0.43%, 0, 0, 1, 523.26
1606743275, 2305, 1, 3, 0, 0, 0.43%, 0, 0, 1, 521.67
1606743281, 2308, 2, 3, 0, 0, 0.43%, 0, 0, 1, 524.78
1606743286, 2312, 1, 3, 0, 0, 0.43%, 0, 0, 1, 514.37
1606743291, 2315, 2, 3, 0, 0, 0.43%, 0, 0, 1, 523.09
1606743296, 2319, 1, 3, 0, 0, 0.43%, 0, 0, 1, 523.88
1606743301, 2323, 0, 3, 0, 0, 0.43%, 0, 0, 1, 524.70
1606743306, 2326, 1, 3, 0, 0, 0.43%, 0, 0, 1, 526.43
1606743312, 2330, 0, 3, 0, 0, 0.43%, 0, 0, 1, 525.32
1606743317, 2333, 1, 3, 0, 0, 0.43%, 0, 0, 1, 527.11
1606743322, 2337, 0, 3, 0, 0, 0.43%, 0, 0, 1, 527.72
1606743327, 2340, 2, 3, 0, 0, 0.43%, 0, 0, 1, 524.05
1606743332, 2344, 0, 3, 0, 0, 0.43%, 0, 0, 1, 520.17
1606743337, 2347, 2, 3, 0, 0, 0.43%, 0, 0, 1, 520.41
1606743343, 2351, 0, 3, 0, 0, 0.43%, 0, 0, 1, 521.56
1606743348, 2354, 2, 3, 0, 0, 0.43%, 0, 0, 1, 522.39
1606743353, 2358, 0, 3, 0, 0, 0.43%, 0, 0, 1, 525.78
1606743358, 2361, 2, 3, 0, 0, 0.43%, 0, 0, 1, 526.42
1606743363, 2365, 0, 3, 0, 0, 0.43%, 0, 0, 1, 527.29
1606743368, 2368, 2, 3, 0, 0, 0.43%, 0, 0, 1, 527.90
1606743373, 2372, 1, 3, 0, 0, 0.43%, 0, 0, 1, 526.77
1606743379, 2375, 2, 3, 0, 0, 0.43%, 0, 0, 1, 525.52
1606743384, 2379, 1, 3, 0, 0, 0.43%, 0, 0, 1, 525.72
1606743389, 2383, 0, 3, 0, 0, 0.43%, 0, 0, 1, 521.67
1606743394, 2386, 1, 3, 0, 0, 0.43%, 0, 0, 1, 522.34
1606743399, 2390, 0, 3, 0, 0, 0.43%, 0, 0, 1, 524.83
1606743405, 2393, 1, 3, 0, 0, 0.43%, 0, 0, 1, 514.19
1606743410, 2397, 0, 3, 0, 0, 0.43%, 0, 0, 1, 520.62
1606743415, 2400, 1, 3, 0, 0, 0.43%, 0, 0, 1, 524.50
1606743420, 2404, 0, 3, 0, 0, 0.43%, 0, 0, 1, 525.33
1606743425, 2407, 2, 3, 0, 0, 0.43%, 0, 0, 1, 523.64
1606743430, 2411, 0, 3, 0, 0, 0.43%, 0, 0, 1, 523.74
1606743436, 2414, 2, 3, 0, 0, 0.43%, 0, 0, 1, 524.79
1606743441, 2418, 0, 3, 0, 0, 0.43%, 0, 0, 1, 525.46
1606743446, 2421, 2, 3, 0, 0, 0.43%, 0, 0, 1, 525.72
1606743451, 2425, 0, 3, 0, 0, 0.43%, 0, 0, 1, 526.35
1606743456, 2428, 2, 3, 0, 0, 0.43%, 0, 0, 1, 521.11
1606743461, 2432, 1, 3, 0, 0, 0.43%, 0, 0, 1, 522.61
1606743467, 2435, 2, 3, 0, 0, 0.43%, 0, 0, 1, 523.95
1606743472, 2439, 1, 3, 0, 0, 0.43%, 0, 0, 1, 525.78
1606743477, 2442, 2, 3, 0, 0, 0.43%, 0, 0, 1, 524.75
1606743482, 2446, 1, 3, 0, 0, 0.43%, 0, 0, 1, 523.77
1606743487, 2450, 0, 3, 0, 0, 0.43%, 0, 0, 1, 521.84
1606743492, 2453, 1, 3, 0, 0, 0.43%, 0, 0, 1, 523.97
1606743498, 2457, 0, 3, 0, 0, 0.43%, 0, 0, 1, 524.64
1606743503, 2460, 1, 3, 0, 0, 0.43%, 0, 0, 1, 522.06
1606743508, 2464, 0, 3, 0, 0, 0.43%, 0, 0, 1, 523.51
1606743513, 2467, 2, 3, 0, 0, 0.43%, 0, 0, 1, 522.78
1606743518, 2471, 0, 3, 0, 0, 0.43%, 0, 0, 1, 519.53
1606743524, 2474, 2, 3, 0, 0, 0.43%, 0, 0, 1, 522.54
1606743529, 2478, 0, 3, 0, 0, 0.43%, 0, 0, 1, 520.30
1606743534, 2481, 2, 3, 0, 0, 0.43%, 0, 0, 1, 522.42
1606743539, 2485, 0, 3, 0, 0, 0.43%, 0, 0, 1, 523.98
1606743544, 2488, 2, 3, 0, 0, 0.43%, 0, 0, 1, 524.59
1606743549, 2492, 0, 3, 0, 0, 0.43%, 0, 0, 1, 524.79
1606743555, 2495, 2, 3, 0, 0, 0.43%, 0, 0, 1, 526.71
1606743560, 2499, 1, 3, 0, 0, 0.43%, 0, 0, 1, 525.35
1606743565, 2502, 2, 3, 0, 0, 0.43%, 0, 0, 1, 525.44
1606743570, 2506, 1, 3, 0, 0, 0.43%, 0, 0, 1, 524.49
1606743575, 2509, 2, 3, 0, 0, 0.43%, 0, 0, 1, 523.41
1606743580, 2513, 1, 3, 0, 0, 0.43%, 0, 0, 1, 524.62
1606743586, 2517, 0, 3, 0, 0, 0.43%, 0, 0, 1, 524.82
1606743591, 2520, 1, 3, 0, 0, 0.43%, 0, 0, 1, 525.34
1606743596, 2524, 0, 3, 0, 0, 0.43%, 0, 0, 1, 525.69
1606743601, 2527, 1, 3, 0, 0, 0.43%, 0, 0, 1, 526.68
1606743606, 2531, 0, 3, 0, 0, 0.43%, 0, 0, 1, 526.51
1606743611, 2534, 1, 3, 0, 0, 0.43%, 0, 0, 1, 516.18
1606743616, 2538, 0, 3, 0, 0, 0.43%, 0, 0, 1, 523.42
1606743622, 2541, 2, 3, 0, 0, 0.43%, 0, 0, 1, 524.81
1606743627, 2545, 0, 3, 0, 0, 0.43%, 0, 0, 1, 526.09
1606743632, 2548, 2, 3, 0, 0, 0.43%, 0, 0, 1, 526.35
1606743637, 2552, 0, 3, 0, 0, 0.43%, 0, 0, 1, 524.77
1606743642, 2555, 2, 3, 0, 0, 0.43%, 0, 0, 1, 526.12
1606743647, 2559, 1, 3, 0, 0, 0.43%, 0, 0, 1, 525.96
1606743653, 2562, 2, 3, 0, 0, 0.43%, 0, 0, 1, 522.79
1606743658, 2566, 1, 3, 0, 0, 0.43%, 0, 0, 1, 523.00
1606743663, 2569, 2, 3, 0, 0, 0.43%, 0, 0, 1, 526.00
1606743668, 2573, 1, 3, 0, 0, 0.43%, 0, 0, 1, 523.06
1606743673, 2576, 2, 3, 0, 0, 0.43%, 0, 0, 1, 522.51
1606743678, 2580, 1, 3, 0, 0, 0.43%, 0, 0, 1, 523.94
1606743683, 2583, 2, 3, 0, 0, 0.43%, 0, 0, 1, 523.55
1606743689, 2587, 1, 3, 0, 0, 0.43%, 0, 0, 1, 521.98
1606743694, 2590, 2, 3, 0, 0, 0.43%, 0, 0, 1, 524.06
1606743699, 2594, 1, 3, 0, 0, 0.43%, 0, 0, 1, 525.00
1606743704, 2598, 0, 3, 0, 0, 0.43%, 0, 0, 1, 526.47
1606743709, 2601, 1, 3, 0, 0, 0.43%, 0, 0, 1, 526.65
1606743714, 2605, 0, 3, 0, 0, 0.43%, 0, 0, 1, 525.76
1606743720, 2608, 1, 3, 0, 0, 0.43%, 0, 0, 1, 525.44
1606743725, 2612, 0, 3, 0, 0, 0.43%, 0, 0, 1, 507.23
1606743730, 2615, 1, 3, 0, 0, 0.43%, 0, 0, 1, 516.40
1606743735, 2619, 0, 3, 0, 0, 0.43%, 0, 0, 1, 522.11
1606743740, 2622, 1, 3, 0, 0, 0.43%, 0, 0, 1, 522.48
1606743745, 2626, 0, 3, 0, 0, 0.43%, 0, 0, 1, 524.91
1606743751, 2629, 1, 3, 0, 0, 0.43%, 0, 0, 1, 526.45
1606743756, 2633, 0, 3, 0, 0, 0.43%, 0, 0, 1, 524.39
1606743761, 2636, 2, 3, 0, 0, 0.43%, 0, 0, 1, 525.99
1606743766, 2640, 0, 3, 0, 0, 0.43%, 0, 0, 1, 526.56
1606743771, 2643, 2, 3, 0, 0, 0.43%, 0, 0, 1, 526.17
1606743776, 2647, 0, 3, 0, 0, 0.43%, 0, 0, 1, 521.83
1606743782, 2650, 2, 3, 0, 0, 0.43%, 0, 0, 1, 521.53
1606743787, 2654, 0, 3, 0, 0, 0.43%, 0, 0, 1, 523.64
1606743792, 2657, 2, 3, 0, 0, 0.43%, 0, 0, 1, 524.47
1606743797, 2661, 1, 3, 0, 0, 0.43%, 0, 0, 1, 524.44
1606743802, 2664, 2, 3, 0, 0, 0.43%, 0, 0, 1, 524.89
1606743807, 2668, 1, 3, 0, 0, 0.43%, 0, 0, 1, 525.10
1606743813, 2672, 0, 3, 0, 0, 0.43%, 0, 0, 1, 524.79
1606743818, 2675, 1, 3, 0, 0, 0.43%, 0, 0, 1, 524.61
1606743823, 2679, 0, 3, 0, 0, 0.43%, 0, 0, 1, 526.89
1606743828, 2682, 1, 3, 0, 0, 0.43%, 0, 0, 1, 528.47
1606743833, 2686, 0, 3, 0, 0, 0.43%, 0, 0, 1, 528.71
1606743838, 2689, 2, 3, 0, 0, 0.43%, 0, 0, 1, 527.79
1606743843, 2693, 0, 3, 0, 0, 0.43%, 0, 0, 1, 524.62
1606743849, 2696, 1, 3, 0, 0, 0.43%, 0, 0, 1, 524.71
1606743854, 2700, 0, 3, 0, 0, 0.43%, 0, 0, 1, 527.29
1606743859, 2703, 1, 3, 0, 0, 0.43%, 0, 0, 1, 524.91
1606743864, 2707, 0, 3, 0, 0, 0.43%, 0, 0, 1, 524.91
1606743869, 2710, 2, 3, 0, 0, 0.43%, 0, 0, 1, 525.07
1606743874, 2714, 0, 3, 0, 0, 0.43%, 0, 0, 1, 527.59
1606743880, 2717, 2, 3, 0, 0, 0.43%, 0, 0, 1, 526.19
1606743885, 2721, 1, 3, 0, 0, 0.43%, 0, 0, 1, 526.03
1606743890, 2724, 2, 3, 0, 0, 0.43%, 0, 0, 1, 525.29
1606743895, 2728, 0, 3, 0, 0, 0.43%, 0, 0, 1, 502.37
1606743900, 2731, 2, 3, 0, 0, 0.43%, 0, 0, 1, 520.00
1606743905, 2735, 1, 3, 0, 0, 0.43%, 0, 0, 1, 525.17
1606743911, 2738, 2, 3, 0, 0, 0.43%, 0, 0, 1, 522.53
1606743916, 2742, 1, 3, 0, 0, 0.43%, 0, 0, 1, 525.67
1606743921, 2745, 2, 3, 0, 0, 0.43%, 0, 0, 1, 526.35
1606743926, 2749, 1, 3, 0, 0, 0.43%, 0, 0, 1, 522.64
1606743931, 2752, 2, 3, 0, 0, 0.43%, 0, 0, 1, 523.42
1606743936, 2756, 1, 3, 0, 0, 0.43%, 0, 0, 1, 518.18
1606743942, 2759, 2, 3, 0, 0, 0.43%, 0, 0, 1, 520.08
1606743947, 2763, 1, 3, 0, 0, 0.43%, 0, 0, 1, 523.21
1606743952, 2767, 0, 3, 0, 0, 0.43%, 0, 0, 1, 525.20
1606743957, 2770, 1, 3, 0, 0, 0.43%, 0, 0, 1, 521.46
1606743962, 2774, 0, 3, 0, 0, 0.43%, 0, 0, 1, 522.86
1606743967, 2777, 1, 3, 0, 0, 0.43%, 0, 0, 1, 525.36
1606743973, 2781, 0, 3, 0, 0, 0.43%, 0, 0, 1, 526.18
1606743978, 2784, 2, 3, 0, 0, 0.43%, 0, 0, 1, 526.40
1606743983, 2788, 0, 3, 0, 0, 0.43%, 0, 0, 1, 526.48
1606743988, 2791, 2, 3, 0, 0, 0.43%, 0, 0, 1, 526.28
1606743993, 2795, 0, 3, 0, 0, 0.43%, 0, 0, 1, 526.83
1606743998, 2798, 2, 3, 0, 0, 0.43%, 0, 0, 1, 526.25
1606744004, 2802, 1, 3, 0, 0, 0.43%, 0, 0, 1, 526.98
1606744009, 2805, 2, 3, 0, 0, 0.43%, 0, 0, 1, 526.63
1606744014, 2809, 1, 3, 0, 0, 0.43%, 0, 0, 1, 526.10
1606744019, 2812, 2, 3, 0, 0, 0.43%, 0, 0, 1, 522.69
1606744024, 2816, 1, 3, 0, 0, 0.43%, 0, 0, 1, 525.73
1606744029, 2820, 0, 3, 0, 0, 0.43%, 0, 0, 1, 526.81
1606744034, 2823, 1, 3, 0, 0, 0.43%, 0, 0, 1, 526.42
1606744040, 2827, 0, 3, 0, 0, 0.43%, 0, 0, 1, 527.76
1606744045, 2830, 1, 3, 0, 0, 0.43%, 0, 0, 1, 526.64
1606744050, 2834, 0, 3, 0, 0, 0.43%, 0, 0, 1, 527.53
1606744055, 2837, 2, 3, 0, 0, 0.43%, 0, 0, 1, 524.72
1606744060, 2841, 0, 3, 0, 0, 0.43%, 0, 0, 1, 526.16
1606744065, 2844, 2, 3, 0, 0, 0.43%, 0, 0, 1, 527.54
1606744071, 2848, 1, 3, 0, 0, 0.43%, 0, 0, 1, 527.83
1606744076, 2851, 2, 3, 0, 0, 0.43%, 0, 0, 1, 526.76
1606744081, 2855, 1, 3, 0, 0, 0.43%, 0, 0, 1, 526.63
1606744086, 2858, 2, 3, 0, 0, 0.43%, 0, 0, 1, 527.47
1606744091, 2862, 1, 3, 0, 0, 0.43%, 0, 0, 1, 527.50
1606744096, 2866, 0, 3, 0, 0, 0.43%, 0, 0, 1, 527.31
1606744102, 2869, 1, 3, 0, 0, 0.43%, 0, 0, 1, 527.82
1606744107, 2873, 0, 3, 0, 0, 0.43%, 0, 0, 1, 527.49
1606744112, 2876, 2, 3, 0, 0, 0.43%, 0, 0, 1, 522.10
1606744117, 2880, 0, 3, 0, 0, 0.43%, 0, 0, 1, 525.07
1606744122, 2883, 2, 3, 0, 0, 0.43%, 0, 0, 1, 528.02
1606744127, 2887, 0, 3, 0, 0, 0.43%, 0, 0, 1, 528.57
1606744133, 2890, 2, 3, 0, 0, 0.43%, 0, 0, 1, 527.35
1606744138, 2894, 1, 3, 0, 0, 0.43%, 0, 0, 1, 526.97
1606744143, 2897, 2, 3, 0, 0, 0.43%, 0, 0, 1, 521.13
1606744148, 2901, 1, 3, 0, 0, 0.43%, 0, 0, 1, 525.86
1606744153, 2904, 2, 3, 0, 0, 0.43%, 0, 0, 1, 528.31
1606744158, 2908, 1, 3, 0, 0, 0.43%, 0, 0, 1, 526.80
1606744163, 2912, 0, 3, 0, 0, 0.43%, 0, 0, 1, 525.58
1606744169, 2915, 1, 3, 0, 0, 0.43%, 0, 0, 1, 524.94
1606744174, 2919, 0, 3, 0, 0, 0.43%, 0, 0, 1, 525.62
1606744179, 2922, 1, 3, 0, 0, 0.43%, 0, 0, 1, 525.03
1606744184, 2926, 0, 3, 0, 0, 0.43%, 0, 0, 1, 525.72
1606744189, 2929, 2, 3, 0, 0, 0.43%, 0, 0, 1, 525.38
1606744194, 2933, 0, 3, 0, 0, 0.43%, 0, 0, 1, 526.40
1606744199, 2936, 1, 3, 0, 0, 0.43%, 0, 0, 1, 524.19
1606744205, 2940, 0, 3, 0, 0, 0.43%, 0, 0, 1, 523.66
1606744210, 2943, 2, 3, 0, 0, 0.43%, 0, 0, 1, 525.47
1606744215, 2947, 0, 3, 0, 0, 0.43%, 0, 0, 1, 521.05
1606744220, 2950, 2, 3, 0, 0, 0.43%, 0, 0, 1, 525.69
1606744225, 2954, 0, 3, 0, 0, 0.43%, 0, 0, 1, 524.70
1606744230, 2957, 2, 3, 0, 0, 0.43%, 0, 0, 1, 525.09
1606744236, 2961, 0, 3, 0, 0, 0.43%, 0, 0, 1, 525.74
1606744241, 2964, 2, 3, 0, 0, 0.43%, 0, 0, 1, 525.35
1606744246, 2968, 1, 3, 0, 0, 0.43%, 0, 0, 1, 525.19
1606744251, 2971, 2, 3, 0, 0, 0.43%, 0, 0, 1, 525.26
1606744256, 2975, 1, 3, 0, 0, 0.43%, 0, 0, 1, 524.71
1606744261, 2978, 2, 3, 0, 0, 0.43%, 0, 0, 1, 525.09
1606744267, 2982, 1, 3, 0, 0, 0.43%, 0, 0, 1, 516.30
1606744272, 2985, 2, 3, 0, 0, 0.43%, 0, 0, 1, 524.20
1606744277, 2989, 1, 3, 0, 0, 0.43%, 0, 0, 1, 527.08
1606744282, 2992, 2, 3, 0, 0, 0.43%, 0, 0, 1, 526.27
1606744287, 2996, 1, 3, 0, 0, 0.43%, 0, 0, 1, 526.35
1606744292, 3000, 0, 3, 0, 0, 0.43%, 0, 0, 1, 526.17
1606744297, 3003, 1, 3, 0, 0, 0.43%, 0, 0, 1, 525.40
1606744303, 3007, 0, 3, 0, 0, 0.43%, 0, 0, 1, 524.68
1606744308, 3010, 1, 3, 0, 0, 0.43%, 0, 0, 1, 525.35
1606744313, 3014, 0, 3, 0, 0, 0.43%, 0, 0, 1, 526.01
1606744318, 3017, 1, 3, 0, 0, 0.43%, 0, 0, 1, 525.29
1606744323, 3021, 0, 3, 0, 0, 0.43%, 0, 0, 1, 524.58
1606744328, 3024, 1, 3, 0, 0, 0.43%, 0, 0, 1, 490.75
1606744333, 3027, 2, 3, 0, 0, 0.43%, 0, 0, 1, 514.92
1606744338, 3031, 0, 3, 0, 0, 0.43%, 0, 0, 1, 519.09
1606744344, 3034, 2, 3, 0, 0, 0.43%, 0, 0, 1, 522.69
1606744349, 3038, 1, 3, 0, 0, 0.43%, 0, 0, 1, 524.05
1606744354, 3041, 2, 3, 0, 0, 0.43%, 0, 0, 1, 522.77
1606744359, 3045, 1, 3, 0, 0, 0.43%, 0, 0, 1, 522.52
1606744364, 3048, 2, 3, 0, 0, 0.43%, 0, 0, 1, 524.27
1606744370, 3052, 1, 3, 0, 0, 0.43%, 0, 0, 1, 524.11
1606744375, 3056, 0, 3, 0, 0, 0.43%, 0, 0, 1, 523.84
1606744380, 3059, 1, 3, 0, 0, 0.43%, 0, 0, 1, 519.09
1606744385, 3062, 2, 3, 0, 0, 0.43%, 0, 0, 1, 521.11
1606744390, 3066, 1, 3, 0, 0, 0.43%, 0, 0, 1, 522.55
1606744395, 3070, 0, 3, 0, 0, 0.43%, 0, 0, 1, 523.21
1606744401, 3073, 1, 3, 0, 0, 0.43%, 0, 0, 1, 524.30
1606744406, 3076, 2, 3, 0, 0, 0.43%, 0, 0, 1, 511.88
1606744411, 3080, 1, 3, 0, 0, 0.43%, 0, 0, 1, 510.49
1606744416, 3083, 2, 3, 0, 0, 0.43%, 0, 0, 1, 517.34
1606744421, 3087, 1, 3, 0, 0, 0.43%, 0, 0, 1, 518.65
1606744427, 3090, 2, 3, 0, 0, 0.43%, 0, 0, 1, 521.53
1606744432, 3094, 1, 3, 0, 0, 0.43%, 0, 0, 1, 524.45
1606744437, 3097, 2, 3, 0, 0, 0.43%, 0, 0, 1, 524.96
1606744442, 3101, 1, 3, 0, 0, 0.43%, 0, 0, 1, 518.56
1606744447, 3104, 2, 3, 0, 0, 0.43%, 0, 0, 1, 521.39
1606744452, 3108, 0, 3, 0, 0, 0.43%, 0, 0, 1, 516.69
1606744457, 3111, 2, 3, 0, 0, 0.43%, 0, 0, 1, 521.67
1606744462, 3115, 0, 3, 0, 0, 0.43%, 0, 0, 1, 519.51
1606744467, 3118, 2, 3, 0, 0, 0.43%, 0, 0, 1, 521.81
1606744473, 3122, 0, 3, 0, 0, 0.43%, 0, 0, 1, 521.30
1606744478, 3125, 1, 3, 0, 0, 0.43%, 0, 0, 1, 520.39
1606744483, 3129, 0, 3, 0, 0, 0.43%, 0, 0, 1, 520.11
1606744488, 3132, 1, 3, 0, 0, 0.43%, 0, 0, 1, 520.51
1606744493, 3136, 0, 3, 0, 0, 0.43%, 0, 0, 1, 522.36
1606744498, 3139, 1, 3, 0, 0, 0.43%, 0, 0, 1, 521.77
1606744503, 3143, 0, 3, 0, 0, 0.43%, 0, 0, 1, 522.73
1606744509, 3146, 1, 3, 0, 0, 0.43%, 0, 0, 1, 511.32
1606744514, 3149, 2, 3, 0, 0, 0.43%, 0, 0, 1, 513.78
1606744519, 3153, 1, 3, 0, 0, 0.43%, 0, 0, 1, 517.20
1606744524, 3156, 2, 3, 0, 0, 0.43%, 0, 0, 1, 522.82
1606744529, 3160, 1, 3, 0, 0, 0.43%, 0, 0, 1, 519.77
1606744534, 3163, 2, 3, 0, 0, 0.43%, 0, 0, 1, 518.88
1606744539, 3167, 1, 3, 0, 0, 0.43%, 0, 0, 1, 520.05
1606744545, 3170, 2, 3, 0, 0, 0.43%, 0, 0, 1, 519.64
1606744550, 3174, 1, 3, 0, 0, 0.43%, 0, 0, 1, 520.62
1606744555, 3177, 2, 3, 0, 0, 0.43%, 0, 0, 1, 522.19
1606744560, 3181, 0, 3, 0, 0, 0.43%, 0, 0, 1, 521.63
1606744565, 3184, 2, 3, 0, 0, 0.43%, 0, 0, 1, 521.05
1606744570, 3187, 0, 3, 0, 0, 0.43%, 0, 0, 1, 413.19
1606748112, 3187, 2, 3, 0, 0, 0.43%, 0, 0, 1, 0.03
1606748117, 3190, 1, 3, 0, 0, 0.43%, 0, 0, 1, 407.64
1606748122, 3193, 1, 3, 0, 0, 0.43%, 0, 0, 1, 453.91
1606748127, 3196, 2, 3, 0, 0, 0.43%, 0, 0, 1, 499.41
1606748132, 3200, 1, 3, 0, 0, 0.43%, 0, 0, 1, 520.88
1606748137, 3204, 0, 3, 0, 0, 0.43%, 0, 0, 1, 534.31
1606748143, 3207, 1, 3, 0, 0, 0.43%, 0, 0, 1, 535.58
1606748148, 3211, 0, 3, 0, 0, 0.43%, 0, 0, 1, 522.58
1606748153, 3214, 2, 3, 0, 0, 0.43%, 0, 0, 1, 534.68
1606748158, 3218, 0, 3, 0, 0, 0.43%, 0, 0, 1, 522.45
1606748163, 3221, 1, 3, 0, 0, 0.43%, 0, 0, 1, 502.04
1606748168, 3224, 2, 3, 0, 0, 0.43%, 0, 0, 1, 519.61
1606748173, 3228, 0, 3, 0, 0, 0.43%, 0, 0, 1, 512.98
1606748178, 3231, 1, 3, 0, 0, 0.43%, 0, 0, 1, 513.31
1606748183, 3234, 2, 3, 0, 0, 0.43%, 0, 0, 1, 512.03
1606748188, 3238, 0, 3, 0, 0, 0.43%, 0, 0, 1, 531.53
1606748193, 3241, 2, 3, 0, 0, 0.43%, 0, 0, 1, 529.71
1606748198, 3245, 0, 3, 0, 0, 0.43%, 0, 0, 1, 534.16
1606748203, 3248, 2, 3, 0, 0, 0.43%, 0, 0, 1, 533.91
1606748208, 3252, 0, 3, 0, 0, 0.43%, 0, 0, 1, 535.64
1606748213, 3255, 2, 3, 0, 0, 0.43%, 0, 0, 1, 528.55
1606748218, 3259, 0, 3, 0, 0, 0.43%, 0, 0, 1, 523.04
1606748223, 3262, 2, 3, 0, 0, 0.43%, 0, 0, 1, 531.20
1606748228, 3266, 0, 3, 0, 0, 0.43%, 0, 0, 1, 518.47
1606748234, 3269, 1, 3, 0, 0, 0.43%, 0, 0, 1, 498.78
1606748239, 3272, 2, 3, 0, 0, 0.43%, 0, 0, 1, 514.32
1606748244, 3276, 0, 3, 0, 0, 0.43%, 0, 0, 1, 519.35
1606748249, 3279, 2, 3, 0, 0, 0.43%, 0, 0, 1, 508.27
1606748254, 3282, 2, 3, 0, 0, 0.43%, 0, 0, 1, 495.40
1606748259, 3285, 0, 3, 0, 0, 0.43%, 0, 0, 1, 371.03
1606748264, 3288, 1, 3, 0, 0, 0.43%, 0, 0, 1, 445.32
1606748269, 3291, 1, 3, 0, 0, 0.43%, 0, 0, 1, 487.29
1606748274, 3294, 1, 3, 0, 0, 0.43%, 0, 0, 1, 458.06
1606748279, 3297, 2, 3, 0, 0, 0.43%, 0, 0, 1, 473.61
1606748285, 3300, 2, 3, 0, 0, 0.43%, 0, 0, 1, 489.51
1606748290, 3304, 0, 3, 0, 0, 0.43%, 0, 0, 1, 502.20
1606748295, 3307, 1, 3, 0, 0, 0.43%, 0, 0, 1, 509.04
1606748300, 3311, 0, 3, 0, 0, 0.43%, 0, 0, 1, 509.95
1606748305, 3314, 1, 3, 0, 0, 0.43%, 0, 0, 1, 510.77
1606748310, 3317, 1, 3, 0, 0, 0.43%, 0, 0, 1, 509.30
1606748315, 3320, 2, 3, 0, 0, 0.43%, 0, 0, 1, 498.03
1606748320, 3323, 2, 3, 0, 0, 0.43%, 0, 0, 1, 448.73
1606748325, 3327, 0, 3, 0, 0, 0.43%, 0, 0, 1, 486.65
1606748330, 3330, 0, 3, 0, 0, 0.43%, 0, 0, 1, 460.98
1606748335, 3333, 1, 3, 0, 0, 0.43%, 0, 0, 1, 481.11
1606748340, 3336, 1, 3, 0, 0, 0.43%, 0, 0, 1, 460.58
1606748345, 3339, 2, 3, 0, 0, 0.43%, 0, 0, 1, 480.67
1606748350, 3343, 0, 3, 0, 0, 0.43%, 0, 0, 1, 499.53
1606748355, 3346, 0, 3, 0, 0, 0.43%, 0, 0, 1, 484.31
1606748360, 3349, 0, 3, 0, 0, 0.43%, 0, 0, 1, 455.37
1606748366, 3351, 2, 3, 0, 0, 0.43%, 0, 0, 1, 436.86
1606748371, 3355, 0, 3, 0, 0, 0.43%, 0, 0, 1, 449.31
1606748376, 3358, 0, 3, 0, 0, 0.43%, 0, 0, 1, 479.07
1606748381, 3361, 1, 3, 0, 0, 0.43%, 0, 0, 1, 477.65
1606748386, 3364, 1, 3, 0, 0, 0.43%, 0, 0, 1, 479.59
1606748391, 3367, 1, 3, 0, 0, 0.43%, 0, 0, 1, 451.78
1606748396, 3370, 1, 3, 0, 0, 0.43%, 0, 0, 1, 456.36
1606748401, 3373, 2, 3, 0, 0, 0.43%, 0, 0, 1, 488.33
1606748406, 3376, 2, 3, 0, 0, 0.43%, 0, 0, 1, 496.85
1606748411, 3380, 0, 3, 0, 0, 0.43%, 0, 0, 1, 484.49
1606748416, 3383, 0, 3, 0, 0, 0.43%, 0, 0, 1, 442.31
1606748421, 3386, 0, 3, 0, 0, 0.43%, 0, 0, 1, 481.84
1606748426, 3389, 1, 3, 0, 0, 0.43%, 0, 0, 1, 503.07
1606748431, 3392, 2, 3, 0, 0, 0.43%, 0, 0, 1, 491.94
1606748437, 3395, 2, 3, 0, 0, 0.43%, 0, 0, 1, 480.81
1606748442, 3399, 0, 3, 0, 0, 0.43%, 0, 0, 1, 498.84
1606748447, 3402, 1, 3, 0, 0, 0.43%, 0, 0, 1, 507.89
1606748452, 3405, 2, 3, 0, 0, 0.43%, 0, 0, 1, 512.63
1606748457, 3409, 0, 3, 0, 0, 0.43%, 0, 0, 1, 515.94
1606748462, 3412, 1, 3, 0, 0, 0.43%, 0, 0, 1, 514.38
1606748467, 3415, 2, 3, 0, 0, 0.43%, 0, 0, 1, 495.83
1606748472, 3418, 2, 3, 0, 0, 0.43%, 0, 0, 1, 464.76
1606748477, 3422, 0, 3, 0, 0, 0.43%, 0, 0, 1, 485.03
1606748482, 3425, 1, 3, 0, 0, 0.43%, 0, 0, 1, 497.15
1606748487, 3428, 2, 3, 0, 0, 0.43%, 0, 0, 1, 496.20
1606748492, 3431, 2, 3, 0, 0, 0.43%, 0, 0, 1, 490.46
1606748497, 3435, 0, 3, 0, 0, 0.43%, 0, 0, 1, 495.87
1606748502, 3438, 1, 3, 0, 0, 0.43%, 0, 0, 1, 500.50
1606748507, 3441, 2, 3, 0, 0, 0.43%, 0, 0, 1, 478.71
1606748512, 3444, 2, 3, 0, 0, 0.43%, 0, 0, 1, 493.95
1606748517, 3448, 0, 3, 0, 0, 0.43%, 0, 0, 1, 505.21
1606748523, 3451, 1, 3, 0, 0, 0.43%, 0, 0, 1, 506.24
1606748528, 3455, 0, 3, 0, 0, 0.43%, 0, 0, 1, 506.03
1606748533, 3458, 1, 3, 0, 0, 0.43%, 0, 0, 1, 504.97
1606748538, 3461, 2, 3, 0, 0, 0.43%, 0, 0, 1, 502.97
1606748543, 3464, 2, 3, 0, 0, 0.43%, 0, 0, 1, 497.68
1606748548, 3468, 0, 3, 0, 0, 0.43%, 0, 0, 1, 478.22
1606748553, 3471, 0, 3, 0, 0, 0.43%, 0, 0, 1, 489.56
1606748558, 3474, 1, 3, 0, 0, 0.43%, 0, 0, 1, 497.35
1606748563, 3477, 2, 3, 0, 0, 0.43%, 0, 0, 1, 489.88
1606748568, 3480, 2, 3, 0, 0, 0.43%, 0, 0, 1, 489.93
1606748573, 3484, 0, 3, 0, 0, 0.43%, 0, 0, 1, 491.38
1606748578, 3487, 1, 3, 0, 0, 0.43%, 0, 0, 1, 508.23
1606748583, 3490, 2, 3, 0, 0, 0.43%, 0, 0, 1, 504.23
1606748588, 3494, 0, 3, 0, 0, 0.43%, 0, 0, 1, 499.09
1606748594, 3497, 1, 3, 0, 0, 0.43%, 0, 0, 1, 485.72
1606748599, 3500, 2, 3, 0, 0, 0.43%, 0, 0, 1, 500.44
1606748604, 3504, 0, 3, 0, 0, 0.43%, 0, 0, 1, 502.14
1606748609, 3507, 1, 3, 0, 0, 0.43%, 0, 0, 1, 503.53
1606748614, 3510, 0, 3, 0, 0, 0.43%, 0, 0, 1, 384.35
1606748619, 3512, 0, 3, 0, 0, 0.43%, 0, 0, 1, 346.32
1606748624, 3514, 1, 3, 0, 0, 0.43%, 0, 0, 1, 348.73
1606748629, 3516, 2, 3, 0, 0, 0.43%, 0, 0, 1, 349.42
1606748634, 3519, 0, 3, 0, 0, 0.43%, 0, 0, 1, 345.67
1606748640, 3522, 1, 3, 0, 0, 0.43%, 0, 0, 1, 469.69
1606748645, 3525, 2, 3, 0, 0, 0.43%, 0, 0, 1, 490.27
1606748650, 3528, 2, 3, 0, 0, 0.43%, 0, 0, 1, 499.70
1606748655, 3532, 0, 3, 0, 0, 0.43%, 0, 0, 1, 502.21
1606748660, 3535, 1, 3, 0, 0, 0.43%, 0, 0, 1, 500.79
1606748665, 3538, 2, 3, 0, 0, 0.43%, 0, 0, 1, 502.71
1606748670, 3542, 0, 3, 0, 0, 0.43%, 0, 0, 1, 492.23
1606748675, 3545, 0, 3, 0, 0, 0.43%, 0, 0, 1, 496.02
1606748680, 3548, 1, 3, 0, 0, 0.43%, 0, 0, 1, 502.51
1606748685, 3551, 2, 3, 0, 0, 0.43%, 0, 0, 1, 493.45
1606748690, 3555, 0, 3, 0, 0, 0.43%, 0, 0, 1, 484.20
1606748695, 3558, 1, 3, 0, 0, 0.43%, 0, 0, 1, 498.21
1606748700, 3561, 2, 3, 0, 0, 0.43%, 0, 0, 1, 491.85
1606748705, 3564, 2, 3, 0, 0, 0.43%, 0, 0, 1, 495.13
1606748710, 3568, 0, 3, 0, 0, 0.43%, 0, 0, 1, 482.78
1606748716, 3570, 2, 3, 0, 0, 0.43%, 0, 0, 1, 430.13
1606748721, 3574, 0, 3, 0, 0, 0.43%, 0, 0, 1, 481.49
1606748726, 3577, 0, 3, 0, 0, 0.43%, 0, 0, 1, 456.93
1606748731, 3579, 2, 3, 0, 0, 0.43%, 0, 0, 1, 426.35
1606748736, 3582, 2, 3, 0, 0, 0.43%, 0, 0, 1, 421.96
1606748741, 3585, 2, 3, 0, 0, 0.43%, 0, 0, 1, 465.64
1606748746, 3588, 2, 3, 0, 0, 0.43%, 0, 0, 1, 466.62
1606748751, 3592, 0, 3, 0, 0, 0.43%, 0, 0, 1, 461.12
1606748756, 3594, 2, 3, 0, 0, 0.43%, 0, 0, 1, 439.38
1606748761, 3597, 2, 3, 0, 0, 0.43%, 0, 0, 1, 437.21
1606748766, 3600, 1, 3, 0, 0, 0.43%, 0, 0, 1, 424.87
1606748771, 3603, 1, 3, 0, 0, 0.43%, 0, 0, 1, 419.35
1606748777, 3606, 0, 3, 0, 0, 0.43%, 0, 0, 1, 424.42
1606748782, 3609, 0, 3, 0, 0, 0.43%, 0, 0, 1, 426.39
1606748787, 3611, 2, 3, 0, 0, 0.43%, 0, 0, 1, 431.39
1606748792, 3614, 2, 3, 0, 0, 0.43%, 0, 0, 1, 441.13
1606748797, 3617, 2, 3, 0, 0, 0.43%, 0, 0, 1, 430.47
1606748802, 3620, 1, 3, 0, 0, 0.43%, 0, 0, 1, 394.83
1606748807, 3623, 0, 3, 0, 0, 0.43%, 0, 0, 1, 423.15
1606748812, 3625, 2, 3, 0, 0, 0.43%, 0, 0, 1, 409.42
1606748817, 3628, 1, 3, 0, 0, 0.43%, 0, 0, 1, 396.94
1606748822, 3631, 0, 3, 0, 0, 0.43%, 0, 0, 1, 398.40
1606748827, 3633, 2, 3, 0, 0, 0.43%, 0, 0, 1, 417.57
1606748832, 3636, 1, 3, 0, 0, 0.43%, 0, 0, 1, 425.90
1606748837, 3639, 0, 3, 0, 0, 0.43%, 0, 0, 1, 406.28
1606748842, 3641, 2, 3, 0, 0, 0.43%, 0, 0, 1, 384.84
1606748848, 3644, 1, 3, 0, 0, 0.43%, 0, 0, 1, 399.46
1606748853, 3647, 1, 3, 0, 0, 0.43%, 0, 0, 1, 420.47
1606748858, 3650, 0, 3, 0, 0, 0.43%, 0, 0, 1, 427.65
1606748863, 3652, 2, 3, 0, 0, 0.43%, 0, 0, 1, 422.56
1606748868, 3655, 2, 3, 0, 0, 0.43%, 0, 0, 1, 429.33
1606748873, 3658, 1, 3, 0, 0, 0.43%, 0, 0, 1, 428.05
1606748878, 3661, 0, 3, 0, 0, 0.43%, 0, 0, 1, 436.03
1606748883, 3664, 0, 3, 0, 0, 0.43%, 0, 0, 1, 423.31
1606748888, 3666, 1, 3, 0, 0, 0.43%, 0, 0, 1, 397.00
1606748893, 3669, 0, 3, 0, 0, 0.43%, 0, 0, 1, 399.43
1606748898, 3671, 2, 3, 0, 0, 0.43%, 0, 0, 1, 387.52
1606748903, 3674, 1, 3, 0, 0, 0.43%, 0, 0, 1, 381.15
1606748908, 3676, 2, 3, 0, 0, 0.43%, 0, 0, 1, 389.90
1606748913, 3679, 1, 3, 0, 0, 0.43%, 0, 0, 1, 380.55
1606748919, 3682, 0, 3, 0, 0, 0.43%, 0, 0, 1, 387.37
1606748924, 3684, 2, 3, 0, 0, 0.43%, 0, 0, 1, 390.70
1606748929, 3686, 2, 3, 0, 0, 0.43%, 0, 0, 1, 318.86
1606748934, 3689, 0, 3, 0, 0, 0.43%, 0, 0, 1, 361.24
1606748939, 3691, 2, 3, 0, 0, 0.43%, 0, 0, 1, 394.19
1606748944, 3694, 1, 3, 0, 0, 0.43%, 0, 0, 1, 408.42
1606748949, 3697, 1, 3, 0, 0, 0.43%, 0, 0, 1, 442.96
1606748954, 3699, 2, 3, 0, 0, 0.43%, 0, 0, 1, 400.27
1606748959, 3702, 1, 3, 0, 0, 0.43%, 0, 0, 1, 382.11
1606748964, 3705, 0, 3, 0, 0, 0.43%, 0, 0, 1, 401.45
1606748969, 3707, 2, 3, 0, 0, 0.43%, 0, 0, 1, 412.83
1606748975, 3710, 2, 3, 0, 0, 0.43%, 0, 0, 1, 417.59
1606748980, 3713, 1, 3, 0, 0, 0.43%, 0, 0, 1, 407.50
1606748985, 3715, 2, 3, 0, 0, 0.43%, 0, 0, 1, 385.66
1606748990, 3718, 0, 3, 0, 0, 0.43%, 0, 0, 1, 373.12
1606748995, 3720, 2, 3, 0, 0, 0.43%, 0, 0, 1, 388.11
1606749000, 3723, 1, 3, 0, 0, 0.43%, 0, 0, 1, 372.43
1606749005, 3725, 2, 3, 0, 0, 0.43%, 0, 0, 1, 364.63
1606749010, 3728, 0, 3, 0, 0, 0.43%, 0, 0, 1, 366.69
1606749015, 3730, 1, 3, 0, 0, 0.43%, 0, 0, 1, 365.72
1606749020, 3732, 2, 3, 0, 0, 0.43%, 0, 0, 1, 367.71
1606749025, 3735, 1, 3, 0, 0, 0.43%, 0, 0, 1, 390.08
1606749030, 3737, 2, 3, 0, 0, 0.43%, 0, 0, 1, 379.81
1606749035, 3740, 1, 3, 0, 0, 0.43%, 0, 0, 1, 385.42
1606749040, 3743, 0, 3, 0, 0, 0.43%, 0, 0, 1, 386.87
1606749045, 3745, 1, 3, 0, 0, 0.43%, 0, 0, 1, 388.11
1606749050, 3748, 0, 3, 0, 0, 0.43%, 0, 0, 1, 376.07
1606749055, 3750, 1, 3, 0, 0, 0.43%, 0, 0, 1, 393.19
1606749061, 3753, 1, 3, 0, 0, 0.43%, 0, 0, 1, 410.95
1606749066, 3756, 0, 3, 0, 0, 0.43%, 0, 0, 1, 425.90
1606749071, 3759, 0, 3, 0, 0, 0.43%, 0, 0, 1, 433.32
1606749076, 3761, 2, 3, 0, 0, 0.43%, 0, 0, 1, 414.24
1606749081, 3764, 2, 3, 0, 0, 0.43%, 0, 0, 1, 434.26
1606749086, 3767, 1, 3, 0, 0, 0.43%, 0, 0, 1, 405.25
1606749091, 3770, 0, 3, 0, 0, 0.43%, 0, 0, 1, 406.24
1606749096, 3772, 2, 3, 0, 0, 0.43%, 0, 0, 1, 419.45
1606749101, 3775, 2, 3, 0, 0, 0.43%, 0, 0, 1, 425.54
1606749106, 3778, 1, 3, 0, 0, 0.43%, 0, 0, 1, 413.90
1606749111, 3781, 0, 3, 0, 0, 0.43%, 0, 0, 1, 415.64
1606749116, 3783, 2, 3, 0, 0, 0.43%, 0, 0, 1, 434.06
1606749121, 3786, 2, 3, 0, 0, 0.43%, 0, 0, 1, 423.13
1606749126, 3789, 1, 3, 0, 0, 0.43%, 0, 0, 1, 405.93
1606749132, 3792, 0, 3, 0, 0, 0.43%, 0, 0, 1, 419.61
1606749137, 3794, 2, 3, 0, 0, 0.43%, 0, 0, 1, 409.76
1606749142, 3797, 1, 3, 0, 0, 0.43%, 0, 0, 1, 406.47
1606749147, 3800, 0, 3, 0, 0, 0.43%, 0, 0, 1, 412.63
1606749152, 3803, 0, 3, 0, 0, 0.43%, 0, 0, 1, 405.65
1606749157, 3805, 1, 3, 0, 0, 0.43%, 0, 0, 1, 371.74
1606749162, 3808, 0, 3, 0, 0, 0.43%, 0, 0, 1, 401.30
1606749167, 3810, 2, 3, 0, 0, 0.43%, 0, 0, 1, 397.88
1606749172, 3813, 1, 3, 0, 0, 0.43%, 0, 0, 1, 413.06
1606749177, 3816, 1, 3, 0, 0, 0.43%, 0, 0, 1, 432.78
1606749182, 3819, 0, 3, 0, 0, 0.43%, 0, 0, 1, 417.04
1606749187, 3821, 2, 3, 0, 0, 0.43%, 0, 0, 1, 421.79
1606749192, 3824, 1, 3, 0, 0, 0.43%, 0, 0, 1, 417.36
1606749197, 3827, 0, 3, 0, 0, 0.43%, 0, 0, 1, 418.43
1606749202, 3830, 0, 3, 0, 0, 0.43%, 0, 0, 1, 422.60
1606749208, 3832, 2, 3, 0, 0, 0.43%, 0, 0, 1, 412.26
1606749213, 3835, 1, 3, 0, 0, 0.43%, 0, 0, 1, 425.56
1606749218, 3838, 1, 3, 0, 0, 0.43%, 0, 0, 1, 425.13
1606749223, 3841, 0, 3, 0, 0, 0.43%, 0, 0, 1, 429.95
1606749228, 3844, 0, 3, 0, 0, 0.43%, 0, 0, 1, 414.69
1606749233, 3846, 1, 3, 0, 0, 0.43%, 0, 0, 1, 397.34
1606749238, 3849, 0, 3, 0, 0, 0.43%, 0, 0, 1, 410.93
1606749243, 3851, 2, 3, 0, 0, 0.43%, 0, 0, 1, 395.66
1606749248, 3854, 1, 3, 0, 0, 0.43%, 0, 0, 1, 388.17
1606749253, 3856, 2, 3, 0, 0, 0.43%, 0, 0, 1, 396.62
1606749258, 3859, 1, 3, 0, 0, 0.43%, 0, 0, 1, 392.86
1606749263, 3862, 1, 3, 0, 0, 0.43%, 0, 0, 1, 416.55
1606749268, 3865, 0, 3, 0, 0, 0.43%, 0, 0, 1, 422.78
1606749274, 3868, 0, 3, 0, 0, 0.43%, 0, 0, 1, 416.55
1606749279, 3870, 2, 3, 0, 0, 0.43%, 0, 0, 1, 415.90
1606749284, 3873, 1, 3, 0, 0, 0.43%, 0, 0, 1, 420.88
1606749289, 3876, 0, 3, 0, 0, 0.43%, 0, 0, 1, 410.73
1606749294, 3878, 2, 3, 0, 0, 0.43%, 0, 0, 1, 411.63
1606749299, 3881, 2, 3, 0, 0, 0.43%, 0, 0, 1, 411.92
1606749304, 3884, 1, 3, 0, 0, 0.43%, 0, 0, 1, 401.52
1606749309, 3887, 0, 3, 0, 0, 0.43%, 0, 0, 1, 412.11
1606749314, 3889, 2, 3, 0, 0, 0.43%, 0, 0, 1, 419.06
1606749319, 3892, 1, 3, 0, 0, 0.43%, 0, 0, 1, 407.87
1606749324, 3895, 0, 3, 0, 0, 0.43%, 0, 0, 1, 406.43
1606749329, 3897, 2, 3, 0, 0, 0.43%, 0, 0, 1, 417.62
1606749334, 3900, 2, 3, 0, 0, 0.43%, 0, 0, 1, 428.27
