# unix_time, cycles_done, cur_path, paths_total, pending_total, pending_favs, map_size, unique_crashes, unique_hangs, max_depth, execs_per_sec
1606739511, 0, 0, 3, 3, 1, 0.43%, 0, 0, 1, 324.32
1606739516, 3, 0, 3, 0, 0, 0.43%, 0, 0, 1, 372.07
1606739521, 5, 1, 3, 0, 0, 0.43%, 0, 0, 1, 383.56
1606739526, 8, 0, 3, 0, 0, 0.43%, 0, 0, 1, 389.05
1606739531, 10, 2, 3, 0, 0, 0.43%, 0, 0, 1, 392.35
1606739536, 13, 0, 3, 0, 0, 0.43%, 0, 0, 1, 392.89
1606739541, 15, 2, 3, 0, 0, 0.43%, 0, 0, 1, 393.34
1606739546, 18, 1, 3, 0, 0, 0.43%, 0, 0, 1, 392.83
1606739551, 21, 0, 3, 0, 0, 0.43%, 0, 0, 1, 391.61
1606739556, 23, 1, 3, 0, 0, 0.43%, 0, 0, 1, 386.73
1606739561, 26, 0, 3, 0, 0, 0.43%, 0, 0, 1, 385.92
1606739566, 28, 1, 3, 0, 0, 0.43%, 0, 0, 1, 386.41
1606739571, 31, 0, 3, 0, 0, 0.43%, 0, 0, 1, 364.38
1606739576, 33, 1, 3, 0, 0, 0.43%, 0, 0, 1, 360.64
1606739581, 35, 2, 3, 0, 0, 0.43%, 0, 0, 1, 370.09
1606739586, 38, 1, 3, 0, 0, 0.43%, 0, 0, 1, 369.38
1606739591, 40, 2, 3, 0, 0, 0.43%, 0, 0, 1, 378.05
1606739597, 43, 1, 3, 0, 0, 0.43%, 0, 0, 1, 375.84
1606739602, 45, 2, 3, 0, 0, 0.43%, 0, 0, 1, 381.81
1606739607, 48, 1, 3, 0, 0, 0.43%, 0, 0, 1, 382.25
1606739612, 51, 0, 3, 0, 0, 0.43%, 0, 0, 1, 387.36
1606739617, 53, 1, 3, 0, 0, 0.43%, 0, 0, 1, 387.76
1606739622, 56, 0, 3, 0, 0, 0.43%, 0, 0, 1, 388.91
1606739627, 58, 1, 3, 0, 0, 0.43%, 0, 0, 1, 369.21
1606739632, 61, 0, 3, 0, 0, 0.43%, 0, 0, 1, 373.38
1606739637, 63, 0, 3, 0, 0, 0.43%, 0, 0, 1, 313.46
1606739642, 65, 1, 3, 0, 0, 0.43%, 0, 0, 1, 356.58
1606739647, 68, 0, 3, 0, 0, 0.43%, 0, 0, 1, 371.63
1606739653, 70, 1, 3, 0, 0, 0.43%, 0, 0, 1, 377.82
1606739658, 73, 0, 3, 0, 0, 0.43%, 0, 0, 1, 386.69
1606739663, 75, 1, 3, 0, 0, 0.43%, 0, 0, 1, 375.94
1606739668, 78, 0, 3, 0, 0, 0.43%, 0, 0, 1, 374.46
1606739673, 80, 1, 3, 0, 0, 0.43%, 0, 0, 1, 371.98
1606739678, 82, 2, 3, 0, 0, 0.43%, 0, 0, 1, 379.84
1606739683, 84, 2, 3, 0, 0, 0.43%, 0, 0, 1, 316.75
1606739688, 87, 0, 3, 0, 0, 0.43%, 0, 0, 1, 323.49
1606739693, 89, 1, 3, 0, 0, 0.43%, 0, 0, 1, 358.73
1606739698, 92, 0, 3, 0, 0, 0.43%, 0, 0, 1, 362.85
1606739703, 94, 1, 3, 0, 0, 0.43%, 0, 0, 1, 369.11
1606739708, 96, 2, 3, 0, 0, 0.43%, 0, 0, 1, 365.17
1606739713, 99, 0, 3, 0, 0, 0.43%, 0, 0, 1, 379.99
1606739718, 101, 2, 3, 0, 0, 0.43%, 0, 0, 1, 383.57
1606739723, 104, 1, 3, 0, 0, 0.43%, 0, 0, 1, 369.91
1606739729, 106, 2, 3, 0, 0, 0.43%, 0, 0, 1, 372.15
1606739734, 109, 1, 3, 0, 0, 0.43%, 0, 0, 1, 375.00
1606739739, 111, 2, 3, 0, 0, 0.43%, 0, 0, 1, 370.17
1606739744, 114, 0, 3, 0, 0, 0.43%, 0, 0, 1, 377.39
1606739749, 116, 1, 3, 0, 0, 0.43%, 0, 0, 1, 369.24
1606739754, 119, 0, 3, 0, 0, 0.43%, 0, 0, 1, 364.88
1606739759, 121, 0, 3, 0, 0, 0.43%, 0, 0, 1, 339.92
1606739764, 123, 1, 3, 0, 0, 0.43%, 0, 0, 1, 352.10
1606739769, 126, 0, 3, 0, 0, 0.43%, 0, 0, 1, 363.75
1606739774, 128, 1, 3, 0, 0, 0.43%, 0, 0, 1, 376.09
1606739779, 131, 0, 3, 0, 0, 0.43%, 0, 0, 1, 377.12
1606739784, 133, 1, 3, 0, 0, 0.43%, 0, 0, 1, 381.56
1606739789, 136, 0, 3, 0, 0, 0.43%, 0, 0, 1, 376.00
1606739795, 138, 1, 3, 0, 0, 0.43%, 0, 0, 1, 378.48
1606739800, 141, 0, 3, 0, 0, 0.43%, 0, 0, 1, 382.81
1606739805, 143, 2, 3, 0, 0, 0.43%, 0, 0, 1, 384.75
1606739810, 146, 0, 3, 0, 0, 0.43%, 0, 0, 1, 383.77
1606739815, 148, 2, 3, 0, 0, 0.43%, 0, 0, 1, 380.58
1606739820, 151, 0, 3, 0, 0, 0.43%, 0, 0, 1, 383.34
1606739825, 153, 2, 3, 0, 0, 0.43%, 0, 0, 1, 383.10
1606739830, 156, 1, 3, 0, 0, 0.43%, 0, 0, 1, 383.40
1606739835, 158, 2, 3, 0, 0, 0.43%, 0, 0, 1, 384.23
1606739841, 161, 1, 3, 0, 0, 0.43%, 0, 0, 1, 384.92
1606739846, 164, 0, 3, 0, 0, 0.43%, 0, 0, 1, 385.09
1606739851, 166, 2, 3, 0, 0, 0.43%, 0, 0, 1, 383.02
1606739856, 169, 0, 3, 0, 0, 0.43%, 0, 0, 1, 383.96
1606739861, 171, 2, 3, 0, 0, 0.43%, 0, 0, 1, 382.77
1606739866, 174, 1, 3, 0, 0, 0.43%, 0, 0, 1, 376.49
1606739871, 176, 2, 3, 0, 0, 0.43%, 0, 0, 1, 371.69
1606739876, 179, 0, 3, 0, 0, 0.43%, 0, 0, 1, 380.33
1606739881, 181, 2, 3, 0, 0, 0.43%, 0, 0, 1, 382.62
1606739887, 184, 1, 3, 0, 0, 0.43%, 0, 0, 1, 385.13
1606739892, 186, 2, 3, 0, 0, 0.43%, 0, 0, 1, 382.52
1606739897, 189, 1, 3, 0, 0, 0.43%, 0, 0, 1, 378.13
1606739902, 191, 2, 3, 0, 0, 0.43%, 0, 0, 1, 372.30
1606739907, 194, 1, 3, 0, 0, 0.43%, 0, 0, 1, 373.99
1606739912, 196, 2, 3, 0, 0, 0.43%, 0, 0, 1, 379.55
1606739917, 199, 1, 3, 0, 0, 0.43%, 0, 0, 1, 365.25
1606739922, 201, 2, 3, 0, 0, 0.43%, 0, 0, 1, 361.17
1606739927, 204, 0, 3, 0, 0, 0.43%, 0, 0, 1, 362.82
1606739932, 206, 1, 3, 0, 0, 0.43%, 0, 0, 1, 354.38
1606739937, 208, 2, 3, 0, 0, 0.43%, 0, 0, 1, 357.53
1606739942, 211, 0, 3, 0, 0, 0.43%, 0, 0, 1, 349.20
1606739948, 213, 1, 3, 0, 0, 0.43%, 0, 0, 1, 341.75
1606739953, 215, 2, 3, 0, 0, 0.43%, 0, 0, 1, 364.34
1606739958, 218, 1, 3, 0, 0, 0.43%, 0, 0, 1, 371.25
1606739963, 220, 2, 3, 0, 0, 0.43%, 0, 0, 1, 373.65
1606739968, 223, 1, 3, 0, 0, 0.43%, 0, 0, 1, 370.72
1606739973, 225, 2, 3, 0, 0, 0.43%, 0, 0, 1, 372.15
1606739978, 228, 1, 3, 0, 0, 0.43%, 0, 0, 1, 371.87
1606739983, 230, 2, 3, 0, 0, 0.43%, 0, 0, 1, 361.94
1606739988, 233, 0, 3, 0, 0, 0.43%, 0, 0, 1, 367.46
1606739993, 235, 1, 3, 0, 0, 0.43%, 0, 0, 1, 367.04
1606739998, 238, 0, 3, 0, 0, 0.43%, 0, 0, 1, 371.57
1606740004, 240, 1, 3, 0, 0, 0.43%, 0, 0, 1, 363.86
1606740009, 242, 1, 3, 0, 0, 0.43%, 0, 0, 1, 339.37
1606740014, 244, 2, 3, 0, 0, 0.43%, 0, 0, 1, 347.15
1606740019, 247, 1, 3, 0, 0, 0.43%, 0, 0, 1, 367.60
1606740024, 249, 2, 3, 0, 0, 0.43%, 0, 0, 1, 371.06
1606740029, 252, 1, 3, 0, 0, 0.43%, 0, 0, 1, 373.38
1606740034, 254, 2, 3, 0, 0, 0.43%, 0, 0, 1, 364.45
1606740039, 257, 0, 3, 0, 0, 0.43%, 0, 0, 1, 371.64
1606740044, 259, 1, 3, 0, 0, 0.43%, 0, 0, 1, 365.80
1606740049, 261, 2, 3, 0, 0, 0.43%, 0, 0, 1, 364.83
1606740054, 264, 1, 3, 0, 0, 0.43%, 0, 0, 1, 371.94
1606740059, 266, 2, 3, 0, 0, 0.43%, 0, 0, 1, 375.63
1606740064, 269, 1, 3, 0, 0, 0.43%, 0, 0, 1, 368.72
1606740070, 271, 2, 3, 0, 0, 0.43%, 0, 0, 1, 375.12
1606740075, 274, 1, 3, 0, 0, 0.43%, 0, 0, 1, 374.63
1606740080, 276, 2, 3, 0, 0, 0.43%, 0, 0, 1, 369.99
1606740085, 279, 1, 3, 0, 0, 0.43%, 0, 0, 1, 374.04
1606740090, 281, 2, 3, 0, 0, 0.43%, 0, 0, 1, 374.34
1606740095, 284, 1, 3, 0, 0, 0.43%, 0, 0, 1, 370.78
1606740101, 286, 2, 3, 0, 0, 0.43%, 0, 0, 1, 378.38
1606740106, 289, 1, 3, 0, 0, 0.43%, 0, 0, 1, 372.37
1606740111, 291, 2, 3, 0, 0, 0.43%, 0, 0, 1, 378.03
1606740116, 294, 1, 3, 0, 0, 0.43%, 0, 0, 1, 374.67
1606740121, 296, 2, 3, 0, 0, 0.43%, 0, 0, 1, 376.36
1606740126, 299, 1, 3, 0, 0, 0.43%, 0, 0, 1, 376.38
1606740131, 301, 2, 3, 0, 0, 0.43%, 0, 0, 1, 369.78
1606740136, 304, 0, 3, 0, 0, 0.43%, 0, 0, 1, 365.01
1606740141, 306, 2, 3, 0, 0, 0.43%, 0, 0, 1, 366.34
1606740147, 309, 0, 3, 0, 0, 0.43%, 0, 0, 1, 368.36
1606740152, 311, 1, 3, 0, 0, 0.43%, 0, 0, 1, 365.27
1606740157, 313, 2, 3, 0, 0, 0.43%, 0, 0, 1, 348.18
1606740162, 316, 0, 3, 0, 0, 0.43%, 0, 0, 1, 366.43
1606740167, 318, 2, 3, 0, 0, 0.43%, 0, 0, 1, 357.96
1606740172, 321, 0, 3, 0, 0, 0.43%, 0, 0, 1, 367.13
1606740177, 323, 1, 3, 0, 0, 0.43%, 0, 0, 1, 354.43
1606740182, 325, 0, 3, 0, 0, 0.43%, 0, 0, 1, 293.83
1606740187, 327, 2, 3, 0, 0, 0.43%, 0, 0, 1, 354.10
1606740193, 330, 0, 3, 0, 0, 0.43%, 0, 0, 1, 368.01
1606740198, 332, 2, 3, 0, 0, 0.43%, 0, 0, 1, 370.67
1606740203, 335, 0, 3, 0, 0, 0.43%, 0, 0, 1, 372.02
1606740208, 337, 2, 3, 0, 0, 0.43%, 0, 0, 1, 372.81
1606740213, 340, 0, 3, 0, 0, 0.43%, 0, 0, 1, 361.72
1606740218, 342, 1, 3, 0, 0, 0.43%, 0, 0, 1, 371.81
1606740223, 345, 0, 3, 0, 0, 0.43%, 0, 0, 1, 372.27
1606740229, 347, 1, 3, 0, 0, 0.43%, 0, 0, 1, 376.92
1606740234, 350, 0, 3, 0, 0, 0.43%, 0, 0, 1, 376.17
1606740239, 352, 2, 3, 0, 0, 0.43%, 0, 0, 1, 376.05
1606740244, 355, 0, 3, 0, 0, 0.43%, 0, 0, 1, 376.57
1606740249, 357, 2, 3, 0, 0, 0.43%, 0, 0, 1, 376.83
1606740254, 360, 0, 3, 0, 0, 0.43%, 0, 0, 1, 364.91
1606740259, 362, 1, 3, 0, 0, 0.43%, 0, 0, 1, 367.63
1606740265, 365, 0, 3, 0, 0, 0.43%, 0, 0, 1, 370.60
1606740270, 367, 1, 3, 0, 0, 0.43%, 0, 0, 1, 344.41
1606740275, 369, 1, 3, 0, 0, 0.43%, 0, 0, 1, 338.19
1606740280, 372, 0, 3, 0, 0, 0.43%, 0, 0, 1, 356.49
1606740285, 374, 1, 3, 0, 0, 0.43%, 0, 0, 1, 363.11
1606740290, 376, 2, 3, 0, 0, 0.43%, 0, 0, 1, 373.43
1606740295, 379, 1, 3, 0, 0, 0.43%, 0, 0, 1, 372.43
1606740301, 381, 2, 3, 0, 0, 0.43%, 0, 0, 1, 369.62
1606740306, 384, 0, 3, 0, 0, 0.43%, 0, 0, 1, 342.31
1606740311, 386, 0, 3, 0, 0, 0.43%, 0, 0, 1, 339.37
1606740316, 388, 1, 3, 0, 0, 0.43%, 0, 0, 1, 334.83
1606740321, 390, 2, 3, 0, 0, 0.43%, 0, 0, 1, 355.68
1606740326, 393, 1, 3, 0, 0, 0.43%, 0, 0, 1, 364.45
1606740331, 395, 2, 3, 0, 0, 0.43%, 0, 0, 1, 374.76
1606740336, 398, 0, 3, 0, 0, 0.43%, 0, 0, 1, 358.53
1606740341, 400, 1, 3, 0, 0, 0.43%, 0, 0, 1, 360.50
1606740346, 403, 0, 3, 0, 0, 0.43%, 0, 0, 1, 371.89
1606740352, 405, 1, 3, 0, 0, 0.43%, 0, 0, 1, 365.76
1606740357, 407, 2, 3, 0, 0, 0.43%, 0, 0, 1, 364.01
1606740362, 410, 1, 3, 0, 0, 0.43%, 0, 0, 1, 373.44
1606740367, 412, 2, 3, 0, 0, 0.43%, 0, 0, 1, 363.96
1606740372, 415, 1, 3, 0, 0, 0.43%, 0, 0, 1, 369.58
1606740377, 417, 2, 3, 0, 0, 0.43%, 0, 0, 1, 361.42
1606740382, 420, 0, 3, 0, 0, 0.43%, 0, 0, 1, 368.60
1606740388, 422, 2, 3, 0, 0, 0.43%, 0, 0, 1, 361.46
1606740393, 425, 0, 3, 0, 0, 0.43%, 0, 0, 1, 364.46
1606740398, 427, 1, 3, 0, 0, 0.43%, 0, 0, 1, 369.30
1606740403, 429, 2, 3, 0, 0, 0.43%, 0, 0, 1, 353.30
1606740408, 432, 0, 3, 0, 0, 0.43%, 0, 0, 1, 350.78
1606740413, 434, 1, 3, 0, 0, 0.43%, 0, 0, 1, 345.89
1606740418, 436, 2, 3, 0, 0, 0.43%, 0, 0, 1, 351.41
1606740423, 439, 0, 3, 0, 0, 0.43%, 0, 0, 1, 345.91
1606740428, 441, 1, 3, 0, 0, 0.43%, 0, 0, 1, 362.74
1606740433, 443, 2, 3, 0, 0, 0.43%, 0, 0, 1, 362.61
1606740438, 446, 1, 3, 0, 0, 0.43%, 0, 0, 1, 373.81
1606740444, 449, 0, 3, 0, 0, 0.43%, 0, 0, 1, 377.62
1606740449, 451, 1, 3, 0, 0, 0.43%, 0, 0, 1, 377.03
1606740454, 453, 2, 3, 0, 0, 0.43%, 0, 0, 1, 365.29
1606740459, 456, 1, 3, 0, 0, 0.43%, 0, 0, 1, 373.42
1606740464, 458, 2, 3, 0, 0, 0.43%, 0, 0, 1, 361.78
1606740469, 461, 1, 3, 0, 0, 0.43%, 0, 0, 1, 370.30
1606740475, 463, 2, 3, 0, 0, 0.43%, 0, 0, 1, 375.18
1606740480, 466, 0, 3, 0, 0, 0.43%, 0, 0, 1, 362.44
1606740485, 468, 2, 3, 0, 0, 0.43%, 0, 0, 1, 368.28
1606740490, 471, 0, 3, 0, 0, 0.43%, 0, 0, 1, 372.51
1606740495, 473, 2, 3, 0, 0, 0.43%, 0, 0, 1, 375.35
1606740500, 476, 1, 3, 0, 0, 0.43%, 0, 0, 1, 375.70
1606740505, 478, 2, 3, 0, 0, 0.43%, 0, 0, 1, 355.48
1606740510, 481, 0, 3, 0, 0, 0.43%, 0, 0, 1, 357.22
1606740516, 483, 1, 3, 0, 0, 0.43%, 0, 0, 1, 368.88
1606740521, 485, 2, 3, 0, 0, 0.43%, 0, 0, 1, 365.14
1606740526, 488, 1, 3, 0, 0, 0.43%, 0, 0, 1, 362.73
1606740531, 490, 2, 3, 0, 0, 0.43%, 0, 0, 1, 361.73
1606740536, 493, 0, 3, 0, 0, 0.43%, 0, 0, 1, 370.35
1606740541, 495, 1, 3, 0, 0, 0.43%, 0, 0, 1, 367.35
1606740546, 497, 2, 3, 0, 0, 0.43%, 0, 0, 1, 364.48
1606740551, 500, 1, 3, 0, 0, 0.43%, 0, 0, 1, 370.79
1606740556, 502, 2, 3, 0, 0, 0.43%, 0, 0, 1, 357.10
1606740561, 505, 0, 3, 0, 0, 0.43%, 0, 0, 1, 366.76
1606740566, 507, 2, 3, 0, 0, 0.43%, 0, 0, 1, 367.09
1606740571, 510, 0, 3, 0, 0, 0.43%, 0, 0, 1, 355.23
1606740576, 512, 1, 3, 0, 0, 0.43%, 0, 0, 1, 357.82
1606740581, 514, 2, 3, 0, 0, 0.43%, 0, 0, 1, 364.97
1606740586, 517, 0, 3, 0, 0, 0.43%, 0, 0, 1, 363.28
1606740591, 519, 1, 3, 0, 0, 0.43%, 0, 0, 1, 367.86
1606740597, 522, 0, 3, 0, 0, 0.43%, 0, 0, 1, 377.30
1606740602, 524, 1, 3, 0, 0, 0.43%, 0, 0, 1, 378.79
1606740607, 527, 0, 3, 0, 0, 0.43%, 0, 0, 1, 376.52
1606740612, 529, 1, 3, 0, 0, 0.43%, 0, 0, 1, 370.09
1606740617, 532, 0, 3, 0, 0, 0.43%, 0, 0, 1, 369.97
1606740622, 534, 1, 3, 0, 0, 0.43%, 0, 0, 1, 374.10
1606740627, 536, 2, 3, 0, 0, 0.43%, 0, 0, 1, 371.37
1606740632, 539, 1, 3, 0, 0, 0.43%, 0, 0, 1, 367.14
1606740637, 541, 2, 3, 0, 0, 0.43%, 0, 0, 1, 367.12
1606740642, 544, 0, 3, 0, 0, 0.43%, 0, 0, 1, 367.64
1606740647, 546, 1, 3, 0, 0, 0.43%, 0, 0, 1, 376.75
1606740653, 549, 0, 3, 0, 0, 0.43%, 0, 0, 1, 368.51
1606740658, 551, 1, 3, 0, 0, 0.43%, 0, 0, 1, 365.92
1606740663, 554, 0, 3, 0, 0, 0.43%, 0, 0, 1, 372.98
1606740668, 556, 1, 3, 0, 0, 0.43%, 0, 0, 1, 367.41
1606740673, 559, 0, 3, 0, 0, 0.43%, 0, 0, 1, 370.25
1606740678, 561, 1, 3, 0, 0, 0.43%, 0, 0, 1, 370.78
1606740683, 564, 0, 3, 0, 0, 0.43%, 0, 0, 1, 374.65
1606740689, 566, 1, 3, 0, 0, 0.43%, 0, 0, 1, 380.11
1606740694, 569, 0, 3, 0, 0, 0.43%, 0, 0, 1, 370.38
1606740699, 571, 1, 3, 0, 0, 0.43%, 0, 0, 1, 373.64
1606740704, 574, 0, 3, 0, 0, 0.43%, 0, 0, 1, 373.13
1606740709, 576, 1, 3, 0, 0, 0.43%, 0, 0, 1, 374.37
1606740714, 579, 0, 3, 0, 0, 0.43%, 0, 0, 1, 374.91
1606740719, 581, 1, 3, 0, 0, 0.43%, 0, 0, 1, 365.51
1606740725, 583, 2, 3, 0, 0, 0.43%, 0, 0, 1, 370.53
1606740730, 586, 1, 3, 0, 0, 0.43%, 0, 0, 1, 377.96
1606740735, 589, 0, 3, 0, 0, 0.43%, 0, 0, 1, 380.37
1606740740, 591, 1, 3, 0, 0, 0.43%, 0, 0, 1, 380.20
1606740745, 594, 0, 3, 0, 0, 0.43%, 0, 0, 1, 375.69
1606740750, 596, 1, 3, 0, 0, 0.43%, 0, 0, 1, 374.24
1606740755, 599, 0, 3, 0, 0, 0.43%, 0, 0, 1, 379.88
1606740761, 601, 2, 3, 0, 0, 0.43%, 0, 0, 1, 375.95
1606740766, 604, 0, 3, 0, 0, 0.43%, 0, 0, 1, 374.49
1606740771, 606, 2, 3, 0, 0, 0.43%, 0, 0, 1, 377.52
1606740776, 609, 0, 3, 0, 0, 0.43%, 0, 0, 1, 371.43
1606740781, 611, 2, 3, 0, 0, 0.43%, 0, 0, 1, 375.14
1606740786, 614, 0, 3, 0, 0, 0.43%, 0, 0, 1, 380.57
1606740791, 616, 2, 3, 0, 0, 0.43%, 0, 0, 1, 372.79
1606740797, 619, 0, 3, 0, 0, 0.43%, 0, 0, 1, 367.86
1606740802, 621, 1, 3, 0, 0, 0.43%, 0, 0, 1, 362.28
1606740807, 624, 0, 3, 0, 0, 0.43%, 0, 0, 1, 373.69
1606740812, 626, 1, 3, 0, 0, 0.43%, 0, 0, 1, 368.69
1606740817, 629, 0, 3, 0, 0, 0.43%, 0, 0, 1, 365.33
1606740822, 631, 1, 3, 0, 0, 0.43%, 0, 0, 1, 369.32
1606740828, 634, 0, 3, 0, 0, 0.43%, 0, 0, 1, 368.97
1606740833, 636, 1, 3, 0, 0, 0.43%, 0, 0, 1, 364.64
1606740838, 639, 0, 3, 0, 0, 0.43%, 0, 0, 1, 369.59
1606740843, 641, 1, 3, 0, 0, 0.43%, 0, 0, 1, 374.20
1606740848, 644, 0, 3, 0, 0, 0.43%, 0, 0, 1, 364.61
1606740854, 646, 1, 3, 0, 0, 0.43%, 0, 0, 1, 356.21
1606740859, 648, 2, 3, 0, 0, 0.43%, 0, 0, 1, 365.96
1606740864, 651, 1, 3, 0, 0, 0.43%, 0, 0, 1, 359.39
1606740869, 653, 1, 3, 0, 0, 0.43%, 0, 0, 1, 345.18
1606740874, 655, 2, 3, 0, 0, 0.43%, 0, 0, 1, 349.26
1606740879, 658, 0, 3, 0, 0, 0.43%, 0, 0, 1, 347.37
1606740884, 660, 1, 3, 0, 0, 0.43%, 0, 0, 1, 347.56
1606740889, 662, 2, 3, 0, 0, 0.43%, 0, 0, 1, 349.60
1606740894, 665, 0, 3, 0, 0, 0.43%, 0, 0, 1, 361.48
1606740899, 667, 1, 3, 0, 0, 0.43%, 0, 0, 1, 361.49
1606740904, 670, 0, 3, 0, 0, 0.43%, 0, 0, 1, 364.75
1606740909, 672, 1, 3, 0, 0, 0.43%, 0, 0, 1, 358.34
1606740914, 674, 2, 3, 0, 0, 0.43%, 0, 0, 1, 357.05
1606740919, 677, 0, 3, 0, 0, 0.43%, 0, 0, 1, 360.09
1606740924, 679, 1, 3, 0, 0, 0.43%, 0, 0, 1, 364.07
1606740930, 681, 2, 3, 0, 0, 0.43%, 0, 0, 1, 367.16
1606740935, 684, 1, 3, 0, 0, 0.43%, 0, 0, 1, 375.58
1606740940, 686, 2, 3, 0, 0, 0.43%, 0, 0, 1, 377.05
1606740945, 689, 1, 3, 0, 0, 0.43%, 0, 0, 1, 375.63
1606740950, 692, 0, 3, 0, 0, 0.43%, 0, 0, 1, 377.13
1606740955, 694, 1, 3, 0, 0, 0.43%, 0, 0, 1, 373.57
1606740961, 697, 0, 3, 0, 0, 0.43%, 0, 0, 1, 376.41
1606740966, 699, 1, 3, 0, 0, 0.43%, 0, 0, 1, 356.23
1606740971, 701, 2, 3, 0, 0, 0.43%, 0, 0, 1, 359.45
1606740976, 704, 0, 3, 0, 0, 0.43%, 0, 0, 1, 368.94
1606740981, 706, 1, 3, 0, 0, 0.43%, 0, 0, 1, 370.65
1606740986, 709, 0, 3, 0, 0, 0.43%, 0, 0, 1, 368.15
1606740991, 711, 1, 3, 0, 0, 0.43%, 0, 0, 1, 361.09
1606740996, 713, 2, 3, 0, 0, 0.43%, 0, 0, 1, 355.51
1606741001, 716, 0, 3, 0, 0, 0.43%, 0, 0, 1, 356.49
1606741006, 718, 1, 3, 0, 0, 0.43%, 0, 0, 1, 343.68
1606741011, 720, 1, 3, 0, 0, 0.43%, 0, 0, 1, 343.02
1606741016, 722, 2, 3, 0, 0, 0.43%, 0, 0, 1, 350.16
1606741021, 725, 0, 3, 0, 0, 0.43%, 0, 0, 1, 349.03
1606741026, 727, 1, 3, 0, 0, 0.43%, 0, 0, 1, 344.81
1606741032, 729, 2, 3, 0, 0, 0.43%, 0, 0, 1, 345.31
1606741037, 732, 0, 3, 0, 0, 0.43%, 0, 0, 1, 350.93
1606741042, 734, 1, 3, 0, 0, 0.43%, 0, 0, 1, 352.63
1606741047, 736, 2, 3, 0, 0, 0.43%, 0, 0, 1, 346.01
1606741052, 739, 0, 3, 0, 0, 0.43%, 0, 0, 1, 338.23
1606741057, 741, 1, 3, 0, 0, 0.43%, 0, 0, 1, 348.25
1606741062, 743, 2, 3, 0, 0, 0.43%, 0, 0, 1, 348.23
1606741067, 746, 0, 3, 0, 0, 0.43%, 0, 0, 1, 356.66
1606741072, 748, 1, 3, 0, 0, 0.43%, 0, 0, 1, 356.81
1606741077, 750, 2, 3, 0, 0, 0.43%, 0, 0, 1, 369.27
1606741083, 753, 1, 3, 0, 0, 0.43%, 0, 0, 1, 373.65
1606741088, 755, 2, 3, 0, 0, 0.43%, 0, 0, 1, 372.88
1606741093, 758, 0, 3, 0, 0, 0.43%, 0, 0, 1, 370.33
1606741098, 760, 2, 3, 0, 0, 0.43%, 0, 0, 1, 373.89
1606741103, 763, 0, 3, 0, 0, 0.43%, 0, 0, 1, 373.66
1606741108, 765, 2, 3, 0, 0, 0.43%, 0, 0, 1, 374.38
1606741113, 768, 0, 3, 0, 0, 0.43%, 0, 0, 1, 374.26
1606741118, 770, 2, 3, 0, 0, 0.43%, 0, 0, 1, 375.95
1606741124, 773, 0, 3, 0, 0, 0.43%, 0, 0, 1, 361.22
1606741129, 775, 1, 3, 0, 0, 0.43%, 0, 0, 1, 368.31
1606741134, 778, 0, 3, 0, 0, 0.43%, 0, 0, 1, 367.28
1606741139, 780, 1, 3, 0, 0, 0.43%, 0, 0, 1, 358.38
1606741144, 782, 2, 3, 0, 0, 0.43%, 0, 0, 1, 367.54
1606741149, 785, 1, 3, 0, 0, 0.43%, 0, 0, 1, 372.05
1606741154, 787, 2, 3, 0, 0, 0.43%, 0, 0, 1, 360.66
1606741159, 790, 0, 3, 0, 0, 0.43%, 0, 0, 1, 366.58
1606741164, 792, 1, 3, 0, 0, 0.43%, 0, 0, 1, 359.06
1606741170, 795, 0, 3, 0, 0, 0.43%, 0, 0, 1, 369.22
1606741175, 797, 1, 3, 0, 0, 0.43%, 0, 0, 1, 374.27
1606741180, 800, 0, 3, 0, 0, 0.43%, 0, 0, 1, 373.96
1606741185, 802, 1, 3, 0, 0, 0.43%, 0, 0, 1, 372.35
1606741190, 804, 2, 3, 0, 0, 0.43%, 0, 0, 1, 351.00
1606741195, 807, 0, 3, 0, 0, 0.43%, 0, 0, 1, 350.68
1606741200, 809, 1, 3, 0, 0, 0.43%, 0, 0, 1, 366.50
1606741205, 812, 0, 3, 0, 0, 0.43%, 0, 0, 1, 373.37
1606741210, 814, 1, 3, 0, 0, 0.43%, 0, 0, 1, 371.22
1606741215, 816, 2, 3, 0, 0, 0.43%, 0, 0, 1, 362.50
1606741220, 819, 0, 3, 0, 0, 0.43%, 0, 0, 1, 354.93
1606741225, 821, 1, 3, 0, 0, 0.43%, 0, 0, 1, 356.76
1606741230, 823, 2, 3, 0, 0, 0.43%, 0, 0, 1, 359.90
1606741235, 826, 0, 3, 0, 0, 0.43%, 0, 0, 1, 366.80
1606741240, 828, 1, 3, 0, 0, 0.43%, 0, 0, 1, 368.58
1606741245, 831, 0, 3, 0, 0, 0.43%, 0, 0, 1, 371.35
1606741251, 833, 1, 3, 0, 0, 0.43%, 0, 0, 1, 370.21
1606741256, 835, 2, 3, 0, 0, 0.43%, 0, 0, 1, 363.98
1606741261, 838, 1, 3, 0, 0, 0.43%, 0, 0, 1, 369.86
1606741266, 840, 2, 3, 0, 0, 0.43%, 0, 0, 1, 368.53
1606741271, 843, 0, 3, 0, 0, 0.43%, 0, 0, 1, 359.23
1606741276, 845, 1, 3, 0, 0, 0.43%, 0, 0, 1, 350.97
1606741281, 847, 2, 3, 0, 0, 0.43%, 0, 0, 1, 356.66
1606741286, 850, 0, 3, 0, 0, 0.43%, 0, 0, 1, 352.19
1606741291, 852, 1, 3, 0, 0, 0.43%, 0, 0, 1, 352.23
1606741297, 855, 0, 3, 0, 0, 0.43%, 0, 0, 1, 361.08
1606741302, 857, 1, 3, 0, 0, 0.43%, 0, 0, 1, 371.10
1606741307, 860, 0, 3, 0, 0, 0.43%, 0, 0, 1, 374.66
1606741312, 862, 1, 3, 0, 0, 0.43%, 0, 0, 1, 376.72
1606741317, 865, 0, 3, 0, 0, 0.43%, 0, 0, 1, 374.47
1606741322, 867, 1, 3, 0, 0, 0.43%, 0, 0, 1, 364.66
1606741327, 869, 2, 3, 0, 0, 0.43%, 0, 0, 1, 361.98
1606741332, 872, 0, 3, 0, 0, 0.43%, 0, 0, 1, 368.36
1606741338, 874, 2, 3, 0, 0, 0.43%, 0, 0, 1, 361.53
1606741343, 877, 0, 3, 0, 0, 0.43%, 0, 0, 1, 360.97
1606741348, 879, 1, 3, 0, 0, 0.43%, 0, 0, 1, 349.38
1606741353, 881, 2, 3, 0, 0, 0.43%, 0, 0, 1, 341.79
1606741358, 884, 0, 3, 0, 0, 0.43%, 0, 0, 1, 345.48
1606741363, 886, 1, 3, 0, 0, 0.43%, 0, 0, 1, 346.80
1606741368, 888, 2, 3, 0, 0, 0.43%, 0, 0, 1, 353.18
1606741373, 891, 0, 3, 0, 0, 0.43%, 0, 0, 1, 356.08
1606741378, 893, 1, 3, 0, 0, 0.43%, 0, 0, 1, 357.40
1606741384, 895, 2, 3, 0, 0, 0.43%, 0, 0, 1, 356.29
1606741389, 898, 0, 3, 0, 0, 0.43%, 0, 0, 1, 358.67
1606741394, 900, 1, 3, 0, 0, 0.43%, 0, 0, 1, 354.89
1606741399, 902, 2, 3, 0, 0, 0.43%, 0, 0, 1, 353.98
1606741404, 905, 0, 3, 0, 0, 0.43%, 0, 0, 1, 358.28
1606741409, 907, 1, 3, 0, 0, 0.43%, 0, 0, 1, 356.33
1606741414, 909, 2, 3, 0, 0, 0.43%, 0, 0, 1, 356.85
1606741419, 912, 0, 3, 0, 0, 0.43%, 0, 0, 1, 355.61
1606741424, 914, 1, 3, 0, 0, 0.43%, 0, 0, 1, 355.45
1606741429, 916, 2, 3, 0, 0, 0.43%, 0, 0, 1, 355.81
1606741434, 919, 0, 3, 0, 0, 0.43%, 0, 0, 1, 355.29
1606741440, 921, 2, 3, 0, 0, 0.43%, 0, 0, 1, 356.55
1606741445, 924, 0, 3, 0, 0, 0.43%, 0, 0, 1, 358.97
1606741450, 926, 1, 3, 0, 0, 0.43%, 0, 0, 1, 357.00
1606741455, 928, 2, 3, 0, 0, 0.43%, 0, 0, 1, 345.79
1606741460, 931, 0, 3, 0, 0, 0.43%, 0, 0, 1, 353.21
1606741465, 933, 1, 3, 0, 0, 0.43%, 0, 0, 1, 357.42
1606741470, 935, 2, 3, 0, 0, 0.43%, 0, 0, 1, 358.15
1606741475, 938, 0, 3, 0, 0, 0.43%, 0, 0, 1, 355.05
1606741480, 940, 1, 3, 0, 0, 0.43%, 0, 0, 1, 352.99
1606741485, 942, 2, 3, 0, 0, 0.43%, 0, 0, 1, 345.91
1606741491, 945, 0, 3, 0, 0, 0.43%, 0, 0, 1, 349.16
1606741496, 947, 1, 3, 0, 0, 0.43%, 0, 0, 1, 347.10
1606741501, 949, 2, 3, 0, 0, 0.43%, 0, 0, 1, 351.05
1606741506, 952, 0, 3, 0, 0, 0.43%, 0, 0, 1, 351.41
1606741511, 954, 1, 3, 0, 0, 0.43%, 0, 0, 1, 356.73
1606741516, 956, 2, 3, 0, 0, 0.43%, 0, 0, 1, 352.87
1606741521, 959, 0, 3, 0, 0, 0.43%, 0, 0, 1, 355.53
1606741526, 961, 1, 3, 0, 0, 0.43%, 0, 0, 1, 357.48
1606741531, 963, 2, 3, 0, 0, 0.43%, 0, 0, 1, 357.26
1606741536, 965, 2, 3, 0, 0, 0.43%, 0, 0, 1, 327.59
1606741541, 968, 0, 3, 0, 0, 0.43%, 0, 0, 1, 328.94
1606741546, 970, 0, 3, 0, 0, 0.43%, 0, 0, 1, 324.59
1606741551, 972, 1, 3, 0, 0, 0.43%, 0, 0, 1, 346.59
1606741556, 974, 2, 3, 0, 0, 0.43%, 0, 0, 1, 349.76
1606741561, 977, 0, 3, 0, 0, 0.43%, 0, 0, 1, 353.94
1606741566, 979, 1, 3, 0, 0, 0.43%, 0, 0, 1, 344.85
1606741572, 981, 1, 3, 0, 0, 0.43%, 0, 0, 1, 315.03
1606741577, 983, 0, 3, 0, 0, 0.43%, 0, 0, 1, 273.50
1606741582, 985, 0, 3, 0, 0, 0.43%, 0, 0, 1, 270.45
1606741587, 986, 2, 3, 0, 0, 0.43%, 0, 0, 1, 264.08
1606741592, 988, 2, 3, 0, 0, 0.43%, 0, 0, 1, 309.24
1606741597, 991, 0, 3, 0, 0, 0.43%, 0, 0, 1, 330.72
1606741602, 993, 1, 3, 0, 0, 0.43%, 0, 0, 1, 333.04
1606741607, 995, 2, 3, 0, 0, 0.43%, 0, 0, 1, 341.97
1606741612, 997, 2, 3, 0, 0, 0.43%, 0, 0, 1, 337.64
1606741618, 1000, 0, 3, 0, 0, 0.43%, 0, 0, 1, 334.21
1606741623, 1002, 1, 3, 0, 0, 0.43%, 0, 0, 1, 341.49
1606741628, 1004, 2, 3, 0, 0, 0.43%, 0, 0, 1, 345.97
1606741633, 1007, 0, 3, 0, 0, 0.43%, 0, 0, 1, 338.54
1606741638, 1009, 0, 3, 0, 0, 0.43%, 0, 0, 1, 335.23
1606741643, 1011, 1, 3, 0, 0, 0.43%, 0, 0, 1, 329.23
1606741648, 1013, 2, 3, 0, 0, 0.43%, 0, 0, 1, 336.08
1606741653, 1015, 2, 3, 0, 0, 0.43%, 0, 0, 1, 312.78
1606741659, 1017, 1, 3, 0, 0, 0.43%, 0, 0, 1, 277.72
1606741664, 1019, 2, 3, 0, 0, 0.43%, 0, 0, 1, 332.57
1606741669, 1022, 0, 3, 0, 0, 0.43%, 0, 0, 1, 354.51
1606741674, 1024, 1, 3, 0, 0, 0.43%, 0, 0, 1, 351.42
1606741679, 1026, 2, 3, 0, 0, 0.43%, 0, 0, 1, 346.16
1606741684, 1029, 0, 3, 0, 0, 0.43%, 0, 0, 1, 344.15
1606741689, 1031, 1, 3, 0, 0, 0.43%, 0, 0, 1, 345.84
1606741694, 1033, 2, 3, 0, 0, 0.43%, 0, 0, 1, 355.91
1606741699, 1036, 0, 3, 0, 0, 0.43%, 0, 0, 1, 357.65
1606741704, 1038, 1, 3, 0, 0, 0.43%, 0, 0, 1, 359.66
1606741709, 1040, 2, 3, 0, 0, 0.43%, 0, 0, 1, 359.10
1606741714, 1043, 0, 3, 0, 0, 0.43%, 0, 0, 1, 363.75
1606741719, 1045, 1, 3, 0, 0, 0.43%, 0, 0, 1, 362.76
1606741724, 1048, 0, 3, 0, 0, 0.43%, 0, 0, 1, 362.39
1606741729, 1050, 1, 3, 0, 0, 0.43%, 0, 0, 1, 357.15
1606741734, 1052, 2, 3, 0, 0, 0.43%, 0, 0, 1, 359.52
1606741739, 1055, 0, 3, 0, 0, 0.43%, 0, 0, 1, 355.53
1606741744, 1057, 1, 3, 0, 0, 0.43%, 0, 0, 1, 359.60
1606741750, 1059, 1, 3, 0, 0, 0.43%, 0, 0, 1, 343.85
1606741755, 1061, 2, 3, 0, 0, 0.43%, 0, 0, 1, 329.82
1606741760, 1064, 0, 3, 0, 0, 0.43%, 0, 0, 1, 341.78
1606741765, 1066, 0, 3, 0, 0, 0.43%, 0, 0, 1, 325.15
1606741770, 1068, 0, 3, 0, 0, 0.43%, 0, 0, 1, 316.61
1606741775, 1070, 1, 3, 0, 0, 0.43%, 0, 0, 1, 335.75
1606741780, 1072, 2, 3, 0, 0, 0.43%, 0, 0, 1, 344.22
1606741785, 1075, 0, 3, 0, 0, 0.43%, 0, 0, 1, 340.57
1606741790, 1077, 1, 3, 0, 0, 0.43%, 0, 0, 1, 345.74
1606741796, 1079, 2, 3, 0, 0, 0.43%, 0, 0, 1, 344.47
1606741801, 1081, 2, 3, 0, 0, 0.43%, 0, 0, 1, 339.01
1606741806, 1084, 0, 3, 0, 0, 0.43%, 0, 0, 1, 355.70
1606741811, 1086, 1, 3, 0, 0, 0.43%, 0, 0, 1, 333.82
1606741816, 1088, 2, 3, 0, 0, 0.43%, 0, 0, 1, 350.20
1606741821, 1091, 0, 3, 0, 0, 0.43%, 0, 0, 1, 357.05
1606741826, 1093, 1, 3, 0, 0, 0.43%, 0, 0, 1, 348.22
1606741831, 1096, 0, 3, 0, 0, 0.43%, 0, 0, 1, 364.10
1606741836, 1098, 1, 3, 0, 0, 0.43%, 0, 0, 1, 357.23
1606741841, 1100, 2, 3, 0, 0, 0.43%, 0, 0, 1, 359.79
1606741846, 1103, 0, 3, 0, 0, 0.43%, 0, 0, 1, 354.30
1606741851, 1105, 1, 3, 0, 0, 0.43%, 0, 0, 1, 364.05
1606741857, 1107, 2, 3, 0, 0, 0.43%, 0, 0, 1, 366.17
1606741862, 1110, 1, 3, 0, 0, 0.43%, 0, 0, 1, 366.52
1606741867, 1112, 1, 3, 0, 0, 0.43%, 0, 0, 1, 307.73
1606741872, 1114, 2, 3, 0, 0, 0.43%, 0, 0, 1, 350.46
1606741877, 1117, 0, 3, 0, 0, 0.43%, 0, 0, 1, 360.27
1606741882, 1119, 1, 3, 0, 0, 0.43%, 0, 0, 1, 364.67
1606741887, 1121, 2, 3, 0, 0, 0.43%, 0, 0, 1, 327.73
1606741892, 1123, 1, 3, 0, 0, 0.43%, 0, 0, 1, 278.27
1606741897, 1125, 0, 3, 0, 0, 0.43%, 0, 0, 1, 271.73
1606741902, 1127, 0, 3, 0, 0, 0.43%, 0, 0, 1, 286.97
1606741907, 1129, 0, 3, 0, 0, 0.43%, 0, 0, 1, 277.81
1606741913, 1130, 2, 3, 0, 0, 0.43%, 0, 0, 1, 281.45
1606741918, 1132, 2, 3, 0, 0, 0.43%, 0, 0, 1, 288.73
1606741923, 1134, 2, 3, 0, 0, 0.43%, 0, 0, 1, 311.39
1606741928, 1137, 0, 3, 0, 0, 0.43%, 0, 0, 1, 345.08
1606741933, 1139, 1, 3, 0, 0, 0.43%, 0, 0, 1, 362.21
1606741938, 1142, 0, 3, 0, 0, 0.43%, 0, 0, 1, 363.05
1606741943, 1144, 1, 3, 0, 0, 0.43%, 0, 0, 1, 359.52
1606741948, 1147, 0, 3, 0, 0, 0.43%, 0, 0, 1, 373.24
1606741953, 1149, 1, 3, 0, 0, 0.43%, 0, 0, 1, 377.44
1606741959, 1152, 0, 3, 0, 0, 0.43%, 0, 0, 1, 377.90
1606741964, 1154, 1, 3, 0, 0, 0.43%, 0, 0, 1, 378.55
1606741969, 1157, 0, 3, 0, 0, 0.43%, 0, 0, 1, 378.18
1606741974, 1159, 2, 3, 0, 0, 0.43%, 0, 0, 1, 372.77
1606741979, 1162, 0, 3, 0, 0, 0.43%, 0, 0, 1, 375.23
1606741984, 1164, 2, 3, 0, 0, 0.43%, 0, 0, 1, 378.48
1606741990, 1167, 0, 3, 0, 0, 0.43%, 0, 0, 1, 376.72
1606741995, 1169, 2, 3, 0, 0, 0.43%, 0, 0, 1, 379.58
1606742000, 1172, 1, 3, 0, 0, 0.43%, 0, 0, 1, 380.63
1606742005, 1174, 2, 3, 0, 0, 0.43%, 0, 0, 1, 381.23
1606742010, 1177, 1, 3, 0, 0, 0.43%, 0, 0, 1, 374.87
1606742015, 1179, 2, 3, 0, 0, 0.43%, 0, 0, 1, 377.04
1606742020, 1182, 1, 3, 0, 0, 0.43%, 0, 0, 1, 365.16
1606742026, 1184, 2, 3, 0, 0, 0.43%, 0, 0, 1, 373.31
1606742031, 1187, 1, 3, 0, 0, 0.43%, 0, 0, 1, 377.83
1606742036, 1189, 2, 3, 0, 0, 0.43%, 0, 0, 1, 367.22
1606742041, 1192, 1, 3, 0, 0, 0.43%, 0, 0, 1, 365.85
1606742046, 1194, 2, 3, 0, 0, 0.43%, 0, 0, 1, 376.39
1606742051, 1197, 1, 3, 0, 0, 0.43%, 0, 0, 1, 379.28
1606742057, 1199, 2, 3, 0, 0, 0.43%, 0, 0, 1, 375.96
1606742062, 1202, 1, 3, 0, 0, 0.43%, 0, 0, 1, 365.78
1606742067, 1204, 2, 3, 0, 0, 0.43%, 0, 0, 1, 363.70
1606742072, 1207, 0, 3, 0, 0, 0.43%, 0, 0, 1, 371.25
1606742077, 1209, 2, 3, 0, 0, 0.43%, 0, 0, 1, 373.25
1606742082, 1212, 1, 3, 0, 0, 0.43%, 0, 0, 1, 378.25
1606742087, 1214, 2, 3, 0, 0, 0.43%, 0, 0, 1, 379.71
1606742092, 1217, 1, 3, 0, 0, 0.43%, 0, 0, 1, 374.33
1606742098, 1219, 1, 3, 0, 0, 0.43%, 0, 0, 1, 333.28
1606742103, 1222, 0, 3, 0, 0, 0.43%, 0, 0, 1, 365.35
1606742108, 1224, 1, 3, 0, 0, 0.43%, 0, 0, 1, 376.08
1606742113, 1227, 0, 3, 0, 0, 0.43%, 0, 0, 1, 377.84
1606742118, 1229, 1, 3, 0, 0, 0.43%, 0, 0, 1, 373.41
1606742123, 1232, 0, 3, 0, 0, 0.43%, 0, 0, 1, 376.55
1606742128, 1234, 2, 3, 0, 0, 0.43%, 0, 0, 1, 377.21
1606742134, 1237, 0, 3, 0, 0, 0.43%, 0, 0, 1, 377.37
1606742139, 1239, 2, 3, 0, 0, 0.43%, 0, 0, 1, 375.08
1606742144, 1242, 0, 3, 0, 0, 0.43%, 0, 0, 1, 373.52
1606742149, 1244, 2, 3, 0, 0, 0.43%, 0, 0, 1, 376.42
1606742154, 1247, 0, 3, 0, 0, 0.43%, 0, 0, 1, 370.31
1606742159, 1249, 1, 3, 0, 0, 0.43%, 0, 0, 1, 366.54
1606742164, 1252, 0, 3, 0, 0, 0.43%, 0, 0, 1, 376.92
1606742169, 1254, 2, 3, 0, 0, 0.43%, 0, 0, 1, 379.61
1606742175, 1257, 0, 3, 0, 0, 0.43%, 0, 0, 1, 380.19
1606742180, 1259, 2, 3, 0, 0, 0.43%, 0, 0, 1, 380.19
1606742185, 1262, 1, 3, 0, 0, 0.43%, 0, 0, 1, 378.87
1606742190, 1264, 2, 3, 0, 0, 0.43%, 0, 0, 1, 380.18
1606742195, 1267, 1, 3, 0, 0, 0.43%, 0, 0, 1, 379.87
1606742200, 1270, 0, 3, 0, 0, 0.43%, 0, 0, 1, 379.44
1606742205, 1272, 1, 3, 0, 0, 0.43%, 0, 0, 1, 380.40
1606742211, 1275, 0, 3, 0, 0, 0.43%, 0, 0, 1, 368.51
1606742216, 1277, 1, 3, 0, 0, 0.43%, 0, 0, 1, 374.97
1606742221, 1280, 0, 3, 0, 0, 0.43%, 0, 0, 1, 378.40
1606742226, 1282, 1, 3, 0, 0, 0.43%, 0, 0, 1, 379.46
1606742231, 1285, 0, 3, 0, 0, 0.43%, 0, 0, 1, 379.60
1606742236, 1287, 1, 3, 0, 0, 0.43%, 0, 0, 1, 361.84
1606742241, 1290, 0, 3, 0, 0, 0.43%, 0, 0, 1, 369.01
1606742246, 1292, 1, 3, 0, 0, 0.43%, 0, 0, 1, 354.20
1606742252, 1294, 2, 3, 0, 0, 0.43%, 0, 0, 1, 354.28
1606742257, 1297, 0, 3, 0, 0, 0.43%, 0, 0, 1, 362.04
1606742262, 1299, 2, 3, 0, 0, 0.43%, 0, 0, 1, 372.76
1606742267, 1302, 0, 3, 0, 0, 0.43%, 0, 0, 1, 364.75
1606742272, 1304, 1, 3, 0, 0, 0.43%, 0, 0, 1, 369.08
1606742277, 1307, 0, 3, 0, 0, 0.43%, 0, 0, 1, 375.15
1606742282, 1309, 1, 3, 0, 0, 0.43%, 0, 0, 1, 368.24
1606742287, 1311, 2, 3, 0, 0, 0.43%, 0, 0, 1, 378.50
1606742292, 1314, 1, 3, 0, 0, 0.43%, 0, 0, 1, 381.29
1606742298, 1317, 0, 3, 0, 0, 0.43%, 0, 0, 1, 381.85
1606742303, 1319, 1, 3, 0, 0, 0.43%, 0, 0, 1, 383.54
1606742308, 1322, 0, 3, 0, 0, 0.43%, 0, 0, 1, 380.16
1606742313, 1324, 2, 3, 0, 0, 0.43%, 0, 0, 1, 381.49
1606742318, 1327, 0, 3, 0, 0, 0.43%, 0, 0, 1, 383.24
1606742323, 1329, 2, 3, 0, 0, 0.43%, 0, 0, 1, 383.87
1606742328, 1332, 1, 3, 0, 0, 0.43%, 0, 0, 1, 383.82
1606742334, 1334, 2, 3, 0, 0, 0.43%, 0, 0, 1, 383.59
1606742339, 1337, 1, 3, 0, 0, 0.43%, 0, 0, 1, 380.48
1606742344, 1339, 2, 3, 0, 0, 0.43%, 0, 0, 1, 351.10
1606742349, 1342, 0, 3, 0, 0, 0.43%, 0, 0, 1, 358.97
1606742354, 1344, 2, 3, 0, 0, 0.43%, 0, 0, 1, 371.85
1606742359, 1347, 0, 3, 0, 0, 0.43%, 0, 0, 1, 380.03
1606742364, 1349, 2, 3, 0, 0, 0.43%, 0, 0, 1, 380.95
1606742369, 1352, 1, 3, 0, 0, 0.43%, 0, 0, 1, 378.98
1606742375, 1354, 2, 3, 0, 0, 0.43%, 0, 0, 1, 381.13
1606742380, 1357, 1, 3, 0, 0, 0.43%, 0, 0, 1, 381.66
1606742385, 1360, 0, 3, 0, 0, 0.43%, 0, 0, 1, 381.97
1606742390, 1362, 1, 3, 0, 0, 0.43%, 0, 0, 1, 381.99
1606742395, 1365, 0, 3, 0, 0, 0.43%, 0, 0, 1, 376.72
1606742400, 1367, 1, 3, 0, 0, 0.43%, 0, 0, 1, 378.62
1606742406, 1370, 0, 3, 0, 0, 0.43%, 0, 0, 1, 379.14
1606742411, 1372, 2, 3, 0, 0, 0.43%, 0, 0, 1, 379.04
1606742416, 1375, 0, 3, 0, 0, 0.43%, 0, 0, 1, 380.67
1606742421, 1377, 2, 3, 0, 0, 0.43%, 0, 0, 1, 380.94
1606742426, 1380, 1, 3, 0, 0, 0.43%, 0, 0, 1, 379.25
1606742431, 1382, 2, 3, 0, 0, 0.43%, 0, 0, 1, 374.09
1606742436, 1385, 0, 3, 0, 0, 0.43%, 0, 0, 1, 353.70
1606742442, 1387, 1, 3, 0, 0, 0.43%, 0, 0, 1, 358.96
1606742447, 1389, 2, 3, 0, 0, 0.43%, 0, 0, 1, 353.78
1606742452, 1392, 1, 3, 0, 0, 0.43%, 0, 0, 1, 368.85
1606742457, 1394, 2, 3, 0, 0, 0.43%, 0, 0, 1, 378.51
1606742462, 1397, 1, 3, 0, 0, 0.43%, 0, 0, 1, 381.26
1606742467, 1400, 0, 3, 0, 0, 0.43%, 0, 0, 1, 381.59
1606742472, 1402, 1, 3, 0, 0, 0.43%, 0, 0, 1, 382.21
1606742477, 1405, 0, 3, 0, 0, 0.43%, 0, 0, 1, 382.89
1606742482, 1407, 2, 3, 0, 0, 0.43%, 0, 0, 1, 382.94
1606742487, 1410, 0, 3, 0, 0, 0.43%, 0, 0, 1, 382.43
1606742493, 1412, 2, 3, 0, 0, 0.43%, 0, 0, 1, 382.04
1606742498, 1415, 1, 3, 0, 0, 0.43%, 0, 0, 1, 382.01
1606742503, 1417, 2, 3, 0, 0, 0.43%, 0, 0, 1, 381.58
1606742508, 1420, 1, 3, 0, 0, 0.43%, 0, 0, 1, 380.97
1606742513, 1423, 0, 3, 0, 0, 0.43%, 0, 0, 1, 382.23
1606742518, 1425, 1, 3, 0, 0, 0.43%, 0, 0, 1, 381.23
1606742523, 1428, 0, 3, 0, 0, 0.43%, 0, 0, 1, 381.90
1606742528, 1430, 1, 3, 0, 0, 0.43%, 0, 0, 1, 382.07
1606742534, 1433, 0, 3, 0, 0, 0.43%, 0, 0, 1, 382.81
1606742539, 1435, 2, 3, 0, 0, 0.43%, 0, 0, 1, 382.23
1606742544, 1438, 0, 3, 0, 0, 0.43%, 0, 0, 1, 381.13
1606742549, 1440, 2, 3, 0, 0, 0.43%, 0, 0, 1, 381.05
1606742554, 1443, 1, 3, 0, 0, 0.43%, 0, 0, 1, 380.78
1606742559, 1445, 2, 3, 0, 0, 0.43%, 0, 0, 1, 379.44
1606742564, 1448, 1, 3, 0, 0, 0.43%, 0, 0, 1, 380.86
1606742570, 1451, 0, 3, 0, 0, 0.43%, 0, 0, 1, 380.51
1606742575, 1453, 1, 3, 0, 0, 0.43%, 0, 0, 1, 381.60
1606742580, 1456, 0, 3, 0, 0, 0.43%, 0, 0, 1, 378.48
1606742585, 1458, 1, 3, 0, 0, 0.43%, 0, 0, 1, 377.96
1606742590, 1461, 0, 3, 0, 0, 0.43%, 0, 0, 1, 371.34
1606742595, 1463, 1, 3, 0, 0, 0.43%, 0, 0, 1, 379.84
1606742600, 1466, 0, 3, 0, 0, 0.43%, 0, 0, 1, 381.14
1606742606, 1468, 2, 3, 0, 0, 0.43%, 0, 0, 1, 382.04
1606742611, 1471, 0, 3, 0, 0, 0.43%, 0, 0, 1, 378.22
1606742616, 1473, 2, 3, 0, 0, 0.43%, 0, 0, 1, 380.01
1606742621, 1476, 1, 3, 0, 0, 0.43%, 0, 0, 1, 382.72
1606742626, 1478, 2, 3, 0, 0, 0.43%, 0, 0, 1, 382.54
1606742631, 1481, 1, 3, 0, 0, 0.43%, 0, 0, 1, 382.31
1606742636, 1484, 0, 3, 0, 0, 0.43%, 0, 0, 1, 381.57
1606742641, 1486, 1, 3, 0, 0, 0.43%, 0, 0, 1, 381.79
1606742647, 1489, 0, 3, 0, 0, 0.43%, 0, 0, 1, 382.22
1606742652, 1491, 1, 3, 0, 0, 0.43%, 0, 0, 1, 382.04
1606742657, 1494, 0, 3, 0, 0, 0.43%, 0, 0, 1, 382.54
1606742662, 1496, 2, 3, 0, 0, 0.43%, 0, 0, 1, 383.14
1606742667, 1499, 0, 3, 0, 0, 0.43%, 0, 0, 1, 382.51
1606742672, 1501, 2, 3, 0, 0, 0.43%, 0, 0, 1, 379.47
1606742677, 1504, 1, 3, 0, 0, 0.43%, 0, 0, 1, 379.91
1606742683, 1506, 2, 3, 0, 0, 0.43%, 0, 0, 1, 383.41
1606742688, 1509, 1, 3, 0, 0, 0.43%, 0, 0, 1, 384.02
1606742693, 1512, 0, 3, 0, 0, 0.43%, 0, 0, 1, 382.91
1606742698, 1514, 1, 3, 0, 0, 0.43%, 0, 0, 1, 383.55
1606742703, 1517, 0, 3, 0, 0, 0.43%, 0, 0, 1, 383.15
1606742708, 1519, 2, 3, 0, 0, 0.43%, 0, 0, 1, 383.70
1606742713, 1522, 0, 3, 0, 0, 0.43%, 0, 0, 1, 383.22
1606742718, 1524, 2, 3, 0, 0, 0.43%, 0, 0, 1, 376.85
1606742724, 1527, 1, 3, 0, 0, 0.43%, 0, 0, 1, 381.87
1606742729, 1529, 2, 3, 0, 0, 0.43%, 0, 0, 1, 383.37
1606742734, 1532, 1, 3, 0, 0, 0.43%, 0, 0, 1, 382.96
1606742739, 1535, 0, 3, 0, 0, 0.43%, 0, 0, 1, 383.22
1606742744, 1537, 1, 3, 0, 0, 0.43%, 0, 0, 1, 383.13
1606742749, 1540, 0, 3, 0, 0, 0.43%, 0, 0, 1, 382.72
1606742754, 1542, 2, 3, 0, 0, 0.43%, 0, 0, 1, 383.24
1606742760, 1545, 0, 3, 0, 0, 0.43%, 0, 0, 1, 382.97
1606742765, 1547, 2, 3, 0, 0, 0.43%, 0, 0, 1, 382.98
1606742770, 1550, 1, 3, 0, 0, 0.43%, 0, 0, 1, 382.83
1606742775, 1553, 0, 3, 0, 0, 0.43%, 0, 0, 1, 382.68
1606742780, 1555, 1, 3, 0, 0, 0.43%, 0, 0, 1, 382.99
1606742785, 1558, 0, 3, 0, 0, 0.43%, 0, 0, 1, 382.78
1606742790, 1560, 2, 3, 0, 0, 0.43%, 0, 0, 1, 382.74
1606742796, 1563, 0, 3, 0, 0, 0.43%, 0, 0, 1, 381.56
1606742801, 1565, 2, 3, 0, 0, 0.43%, 0, 0, 1, 382.94
1606742806, 1568, 1, 3, 0, 0, 0.43%, 0, 0, 1, 383.13
1606742811, 1570, 2, 3, 0, 0, 0.43%, 0, 0, 1, 383.44
1606742816, 1573, 1, 3, 0, 0, 0.43%, 0, 0, 1, 383.98
1606742821, 1576, 0, 3, 0, 0, 0.43%, 0, 0, 1, 383.45
1606742826, 1578, 2, 3, 0, 0, 0.43%, 0, 0, 1, 383.29
1606742832, 1581, 0, 3, 0, 0, 0.43%, 0, 0, 1, 383.37
1606742837, 1583, 2, 3, 0, 0, 0.43%, 0, 0, 1, 382.73
1606742842, 1586, 1, 3, 0, 0, 0.43%, 0, 0, 1, 382.78
1606742847, 1588, 2, 3, 0, 0, 0.43%, 0, 0, 1, 382.78
1606742852, 1591, 1, 3, 0, 0, 0.43%, 0, 0, 1, 382.36
1606742857, 1594, 0, 3, 0, 0, 0.43%, 0, 0, 1, 383.46
1606742862, 1596, 1, 3, 0, 0, 0.43%, 0, 0, 1, 383.61
1606742867, 1599, 0, 3, 0, 0, 0.43%, 0, 0, 1, 383.24
1606742873, 1601, 2, 3, 0, 0, 0.43%, 0, 0, 1, 382.91
1606742878, 1604, 0, 3, 0, 0, 0.43%, 0, 0, 1, 383.46
1606742883, 1606, 2, 3, 0, 0, 0.43%, 0, 0, 1, 383.35
1606742888, 1609, 1, 3, 0, 0, 0.43%, 0, 0, 1, 382.24
1606742893, 1611, 2, 3, 0, 0, 0.43%, 0, 0, 1, 383.17
1606742898, 1614, 1, 3, 0, 0, 0.43%, 0, 0, 1, 383.48
1606742903, 1617, 0, 3, 0, 0, 0.43%, 0, 0, 1, 383.44
1606742908, 1619, 1, 3, 0, 0, 0.43%, 0, 0, 1, 382.82
1606742913, 1622, 0, 3, 0, 0, 0.43%, 0, 0, 1, 382.88
1606742919, 1624, 1, 3, 0, 0, 0.43%, 0, 0, 1, 375.90
1606742924, 1627, 0, 3, 0, 0, 0.43%, 0, 0, 1, 375.25
1606742929, 1629, 2, 3, 0, 0, 0.43%, 0, 0, 1, 381.25
1606742934, 1632, 0, 3, 0, 0, 0.43%, 0, 0, 1, 382.49
1606742939, 1634, 2, 3, 0, 0, 0.43%, 0, 0, 1, 382.96
1606742944, 1637, 1, 3, 0, 0, 0.43%, 0, 0, 1, 382.94
1606742949, 1639, 2, 3, 0, 0, 0.43%, 0, 0, 1, 381.92
1606742955, 1642, 1, 3, 0, 0, 0.43%, 0, 0, 1, 382.12
1606742960, 1645, 0, 3, 0, 0, 0.43%, 0, 0, 1, 382.06
1606742965, 1647, 1, 3, 0, 0, 0.43%, 0, 0, 1, 383.02
1606742970, 1650, 0, 3, 0, 0, 0.43%, 0, 0, 1, 382.65
1606742975, 1652, 2, 3, 0, 0, 0.43%, 0, 0, 1, 382.63
1606742980, 1655, 0, 3, 0, 0, 0.43%, 0, 0, 1, 381.97
1606742985, 1657, 2, 3, 0, 0, 0.43%, 0, 0, 1, 381.23
1606742990, 1660, 1, 3, 0, 0, 0.43%, 0, 0, 1, 382.95
1606742996, 1662, 2, 3, 0, 0, 0.43%, 0, 0, 1, 383.03
1606743001, 1665, 1, 3, 0, 0, 0.43%, 0, 0, 1, 382.42
1606743006, 1668, 0, 3, 0, 0, 0.43%, 0, 0, 1, 382.31
1606743011, 1670, 1, 3, 0, 0, 0.43%, 0, 0, 1, 383.24
1606743016, 1673, 0, 3, 0, 0, 0.43%, 0, 0, 1, 383.09
1606743021, 1675, 2, 3, 0, 0, 0.43%, 0, 0, 1, 383.26
1606743026, 1678, 0, 3, 0, 0, 0.43%, 0, 0, 1, 382.89
1606743032, 1680, 2, 3, 0, 0, 0.43%, 0, 0, 1, 383.17
1606743037, 1683, 1, 3, 0, 0, 0.43%, 0, 0, 1, 382.62
1606743042, 1685, 2, 3, 0, 0, 0.43%, 0, 0, 1, 378.87
1606743047, 1688, 1, 3, 0, 0, 0.43%, 0, 0, 1, 381.05
1606743052, 1691, 0, 3, 0, 0, 0.43%, 0, 0, 1, 381.58
1606743057, 1693, 1, 3, 0, 0, 0.43%, 0, 0, 1, 381.94
1606743062, 1696, 0, 3, 0, 0, 0.43%, 0, 0, 1, 382.31
1606743067, 1698, 1, 3, 0, 0, 0.43%, 0, 0, 1, 382.36
1606743073, 1701, 0, 3, 0, 0, 0.43%, 0, 0, 1, 382.53
1606743078, 1703, 2, 3, 0, 0, 0.43%, 0, 0, 1, 382.76
1606743083, 1706, 0, 3, 0, 0, 0.43%, 0, 0, 1, 383.70
1606743088, 1708, 2, 3, 0, 0, 0.43%, 0, 0, 1, 382.75
1606743093, 1711, 1, 3, 0, 0, 0.43%, 0, 0, 1, 382.89
1606743098, 1713, 2, 3, 0, 0, 0.43%, 0, 0, 1, 383.06
1606743103, 1716, 1, 3, 0, 0, 0.43%, 0, 0, 1, 383.35
1606743108, 1719, 0, 3, 0, 0, 0.43%, 0, 0, 1, 384.09
1606743114, 1721, 2, 3, 0, 0, 0.43%, 0, 0, 1, 383.72
1606743119, 1724, 0, 3, 0, 0, 0.43%, 0, 0, 1, 384.05
1606743124, 1726, 2, 3, 0, 0, 0.43%, 0, 0, 1, 377.10
1606743129, 1729, 1, 3, 0, 0, 0.43%, 0, 0, 1, 381.37
1606743134, 1731, 2, 3, 0, 0, 0.43%, 0, 0, 1, 382.09
1606743139, 1734, 1, 3, 0, 0, 0.43%, 0, 0, 1, 382.34
1606743144, 1737, 0, 3, 0, 0, 0.43%, 0, 0, 1, 382.65
1606743150, 1739, 1, 3, 0, 0, 0.43%, 0, 0, 1, 383.00
1606743155, 1742, 0, 3, 0, 0, 0.43%, 0, 0, 1, 382.74
1606743160, 1744, 2, 3, 0, 0, 0.43%, 0, 0, 1, 381.67
1606743165, 1747, 0, 3, 0, 0, 0.43%, 0, 0, 1, 380.95
1606743170, 1749, 2, 3, 0, 0, 0.43%, 0, 0, 1, 381.97
1606743175, 1752, 1, 3, 0, 0, 0.43%, 0, 0, 1, 381.99
1606743180, 1754, 2, 3, 0, 0, 0.43%, 0, 0, 1, 382.66
1606743186, 1757, 1, 3, 0, 0, 0.43%, 0, 0, 1, 381.99
1606743191, 1760, 0, 3, 0, 0, 0.43%, 0, 0, 1, 382.19
1606743196, 1762, 1, 3, 0, 0, 0.43%, 0, 0, 1, 383.01
1606743201, 1765, 0, 3, 0, 0, 0.43%, 0, 0, 1, 382.93
1606743206, 1767, 2, 3, 0, 0, 0.43%, 0, 0, 1, 383.08
1606743211, 1770, 0, 3, 0, 0, 0.43%, 0, 0, 1, 381.67
1606743216, 1772, 2, 3, 0, 0, 0.43%, 0, 0, 1, 382.36
1606743222, 1775, 1, 3, 0, 0, 0.43%, 0, 0, 1, 383.33
1606743227, 1777, 2, 3, 0, 0, 0.43%, 0, 0, 1, 383.36
1606743232, 1780, 1, 3, 0, 0, 0.43%, 0, 0, 1, 382.89
1606743237, 1783, 0, 3, 0, 0, 0.43%, 0, 0, 1, 382.34
1606743242, 1785, 1, 3, 0, 0, 0.43%, 0, 0, 1, 382.40
1606743247, 1788, 0, 3, 0, 0, 0.43%, 0, 0, 1, 383.59
1606743252, 1790, 2, 3, 0, 0, 0.43%, 0, 0, 1, 382.29
1606743257, 1793, 0, 3, 0, 0, 0.43%, 0, 0, 1, 382.49
1606743263, 1795, 2, 3, 0, 0, 0.43%, 0, 0, 1, 381.25
1606743268, 1798, 1, 3, 0, 0, 0.43%, 0, 0, 1, 381.63
1606743273, 1800, 2, 3, 0, 0, 0.43%, 0, 0, 1, 381.73
1606743278, 1803, 1, 3, 0, 0, 0.43%, 0, 0, 1, 381.67
1606743283, 1805, 2, 3, 0, 0, 0.43%, 0, 0, 1, 380.65
1606743288, 1808, 1, 3, 0, 0, 0.43%, 0, 0, 1, 382.00
1606743293, 1811, 0, 3, 0, 0, 0.43%, 0, 0, 1, 382.22
1606743298, 1813, 1, 3, 0, 0, 0.43%, 0, 0, 1, 382.01
1606743303, 1816, 0, 3, 0, 0, 0.43%, 0, 0, 1, 382.35
1606743309, 1818, 2, 3, 0, 0, 0.43%, 0, 0, 1, 382.69
1606743314, 1821, 0, 3, 0, 0, 0.43%, 0, 0, 1, 382.32
1606743319, 1823, 2, 3, 0, 0, 0.43%, 0, 0, 1, 382.58
1606743324, 1826, 1, 3, 0, 0, 0.43%, 0, 0, 1, 382.19
1606743329, 1828, 2, 3, 0, 0, 0.43%, 0, 0, 1, 382.13
1606743334, 1831, 1, 3, 0, 0, 0.43%, 0, 0, 1, 381.58
1606743339, 1834, 0, 3, 0, 0, 0.43%, 0, 0, 1, 382.44
1606743345, 1836, 1, 3, 0, 0, 0.43%, 0, 0, 1, 382.80
1606743350, 1839, 0, 3, 0, 0, 0.43%, 0, 0, 1, 382.65
1606743355, 1841, 2, 3, 0, 0, 0.43%, 0, 0, 1, 382.39
1606743360, 1844, 0, 3, 0, 0, 0.43%, 0, 0, 1, 382.62
1606743365, 1846, 2, 3, 0, 0, 0.43%, 0, 0, 1, 382.81
1606743370, 1849, 1, 3, 0, 0, 0.43%, 0, 0, 1, 383.11
1606743375, 1851, 2, 3, 0, 0, 0.43%, 0, 0, 1, 383.00
1606743380, 1854, 1, 3, 0, 0, 0.43%, 0, 0, 1, 383.40
1606743386, 1857, 0, 3, 0, 0, 0.43%, 0, 0, 1, 383.42
1606743391, 1859, 1, 3, 0, 0, 0.43%, 0, 0, 1, 382.62
1606743396, 1862, 0, 3, 0, 0, 0.43%, 0, 0, 1, 382.49
1606743401, 1864, 2, 3, 0, 0, 0.43%, 0, 0, 1, 382.36
1606743406, 1867, 0, 3, 0, 0, 0.43%, 0, 0, 1, 381.22
1606743411, 1869, 2, 3, 0, 0, 0.43%, 0, 0, 1, 382.71
1606743416, 1872, 1, 3, 0, 0, 0.43%, 0, 0, 1, 382.79
1606743422, 1874, 2, 3, 0, 0, 0.43%, 0, 0, 1, 383.17
1606743427, 1877, 1, 3, 0, 0, 0.43%, 0, 0, 1, 383.06
1606743432, 1880, 0, 3, 0, 0, 0.43%, 0, 0, 1, 382.54
1606743437, 1882, 2, 3, 0, 0, 0.43%, 0, 0, 1, 383.73
1606743442, 1885, 0, 3, 0, 0, 0.43%, 0, 0, 1, 383.39
1606743447, 1887, 2, 3, 0, 0, 0.43%, 0, 0, 1, 382.81
1606743452, 1890, 1, 3, 0, 0, 0.43%, 0, 0, 1, 383.02
1606743457, 1892, 2, 3, 0, 0, 0.43%, 0, 0, 1, 382.54
1606743463, 1895, 1, 3, 0, 0, 0.43%, 0, 0, 1, 382.90
1606743468, 1898, 0, 3, 0, 0, 0.43%, 0, 0, 1, 382.98
1606743473, 1900, 1, 3, 0, 0, 0.43%, 0, 0, 1, 382.74
1606743478, 1903, 0, 3, 0, 0, 0.43%, 0, 0, 1, 382.42
1606743483, 1905, 1, 3, 0, 0, 0.43%, 0, 0, 1, 382.09
1606743488, 1908, 0, 3, 0, 0, 0.43%, 0, 0, 1, 382.93
1606743493, 1910, 2, 3, 0, 0, 0.43%, 0, 0, 1, 382.53
1606743498, 1913, 0, 3, 0, 0, 0.43%, 0, 0, 1, 382.43
1606743504, 1915, 2, 3, 0, 0, 0.43%, 0, 0, 1, 381.55
1606743509, 1918, 1, 3, 0, 0, 0.43%, 0, 0, 1, 382.66
1606743514, 1920, 2, 3, 0, 0, 0.43%, 0, 0, 1, 381.83
1606743519, 1923, 1, 3, 0, 0, 0.43%, 0, 0, 1, 381.37
1606743524, 1926, 0, 3, 0, 0, 0.43%, 0, 0, 1, 381.73
1606743529, 1928, 1, 3, 0, 0, 0.43%, 0, 0, 1, 379.51
1606743534, 1931, 0, 3, 0, 0, 0.43%, 0, 0, 1, 382.29
1606743539, 1933, 2, 3, 0, 0, 0.43%, 0, 0, 1, 383.18
1606743545, 1936, 0, 3, 0, 0, 0.43%, 0, 0, 1, 383.02
1606743550, 1938, 2, 3, 0, 0, 0.43%, 0, 0, 1, 382.91
1606743555, 1941, 1, 3, 0, 0, 0.43%, 0, 0, 1, 383.38
1606743560, 1943, 2, 3, 0, 0, 0.43%, 0, 0, 1, 383.01
1606743565, 1946, 1, 3, 0, 0, 0.43%, 0, 0, 1, 383.22
1606743570, 1949, 0, 3, 0, 0, 0.43%, 0, 0, 1, 383.19
1606743575, 1951, 1, 3, 0, 0, 0.43%, 0, 0, 1, 382.33
1606743581, 1954, 0, 3, 0, 0, 0.43%, 0, 0, 1, 382.71
1606743586, 1956, 2, 3, 0, 0, 0.43%, 0, 0, 1, 382.28
1606743591, 1959, 0, 3, 0, 0, 0.43%, 0, 0, 1, 382.58
1606743596, 1961, 2, 3, 0, 0, 0.43%, 0, 0, 1, 382.04
1606743601, 1964, 1, 3, 0, 0, 0.43%, 0, 0, 1, 383.00
1606743606, 1966, 2, 3, 0, 0, 0.43%, 0, 0, 1, 383.39
1606743611, 1969, 1, 3, 0, 0, 0.43%, 0, 0, 1, 380.20
1606743617, 1972, 0, 3, 0, 0, 0.43%, 0, 0, 1, 382.48
1606743622, 1974, 1, 3, 0, 0, 0.43%, 0, 0, 1, 382.59
1606743627, 1977, 0, 3, 0, 0, 0.43%, 0, 0, 1, 382.94
1606743632, 1979, 2, 3, 0, 0, 0.43%, 0, 0, 1, 382.71
1606743637, 1982, 0, 3, 0, 0, 0.43%, 0, 0, 1, 382.42
1606743642, 1984, 2, 3, 0, 0, 0.43%, 0, 0, 1, 382.72
1606743647, 1987, 1, 3, 0, 0, 0.43%, 0, 0, 1, 383.07
1606743652, 1989, 2, 3, 0, 0, 0.43%, 0, 0, 1, 380.57
1606743658, 1992, 1, 3, 0, 0, 0.43%, 0, 0, 1, 381.05
1606743663, 1995, 0, 3, 0, 0, 0.43%, 0, 0, 1, 382.69
1606743668, 1997, 1, 3, 0, 0, 0.43%, 0, 0, 1, 382.66
1606743673, 2000, 0, 3, 0, 0, 0.43%, 0, 0, 1, 382.50
1606743678, 2002, 2, 3, 0, 0, 0.43%, 0, 0, 1, 382.91
1606743683, 2005, 0, 3, 0, 0, 0.43%, 0, 0, 1, 382.78
1606743688, 2007, 2, 3, 0, 0, 0.43%, 0, 0, 1, 382.85
1606743693, 2010, 1, 3, 0, 0, 0.43%, 0, 0, 1, 383.15
1606743699, 2012, 2, 3, 0, 0, 0.43%, 0, 0, 1, 382.98
1606743704, 2015, 1, 3, 0, 0, 0.43%, 0, 0, 1, 382.94
1606743709, 2018, 0, 3, 0, 0, 0.43%, 0, 0, 1, 382.30
1606743714, 2020, 1, 3, 0, 0, 0.43%, 0, 0, 1, 382.38
1606743719, 2023, 0, 3, 0, 0, 0.43%, 0, 0, 1, 383.29
1606743724, 2025, 2, 3, 0, 0, 0.43%, 0, 0, 1, 380.85
1606743729, 2028, 0, 3, 0, 0, 0.43%, 0, 0, 1, 380.34
1606743734, 2030, 2, 3, 0, 0, 0.43%, 0, 0, 1, 383.09
1606743740, 2033, 1, 3, 0, 0, 0.43%, 0, 0, 1, 383.07
1606743745, 2035, 2, 3, 0, 0, 0.43%, 0, 0, 1, 384.56
1606743750, 2038, 1, 3, 0, 0, 0.43%, 0, 0, 1, 384.81
1606743755, 2041, 0, 3, 0, 0, 0.43%, 0, 0, 1, 384.29
1606743760, 2043, 2, 3, 0, 0, 0.43%, 0, 0, 1, 384.37
1606743765, 2046, 0, 3, 0, 0, 0.43%, 0, 0, 1, 384.47
1606743771, 2048, 2, 3, 0, 0, 0.43%, 0, 0, 1, 384.84
1606743776, 2051, 1, 3, 0, 0, 0.43%, 0, 0, 1, 383.16
1606743781, 2053, 2, 3, 0, 0, 0.43%, 0, 0, 1, 384.83
1606743786, 2056, 1, 3, 0, 0, 0.43%, 0, 0, 1, 385.23
1606743791, 2059, 0, 3, 0, 0, 0.43%, 0, 0, 1, 385.18
1606743796, 2061, 1, 3, 0, 0, 0.43%, 0, 0, 1, 384.87
1606743801, 2064, 0, 3, 0, 0, 0.43%, 0, 0, 1, 384.69
1606743806, 2066, 2, 3, 0, 0, 0.43%, 0, 0, 1, 384.75
1606743811, 2069, 0, 3, 0, 0, 0.43%, 0, 0, 1, 384.52
1606743816, 2071, 2, 3, 0, 0, 0.43%, 0, 0, 1, 384.26
1606743822, 2074, 1, 3, 0, 0, 0.43%, 0, 0, 1, 384.92
1606743827, 2076, 2, 3, 0, 0, 0.43%, 0, 0, 1, 384.87
1606743832, 2079, 1, 3, 0, 0, 0.43%, 0, 0, 1, 385.09
1606743837, 2082, 0, 3, 0, 0, 0.43%, 0, 0, 1, 385.00
1606743842, 2084, 1, 3, 0, 0, 0.43%, 0, 0, 1, 385.60
1606743847, 2087, 0, 3, 0, 0, 0.43%, 0, 0, 1, 385.64
1606743852, 2089, 1, 3, 0, 0, 0.43%, 0, 0, 1, 385.43
1606743857, 2092, 0, 3, 0, 0, 0.43%, 0, 0, 1, 385.23
1606743862, 2094, 2, 3, 0, 0, 0.43%, 0, 0, 1, 385.53
1606743867, 2097, 0, 3, 0, 0, 0.43%, 0, 0, 1, 385.71
1606743872, 2099, 2, 3, 0, 0, 0.43%, 0, 0, 1, 384.85
1606743878, 2102, 1, 3, 0, 0, 0.43%, 0, 0, 1, 384.45
1606743883, 2104, 2, 3, 0, 0, 0.43%, 0, 0, 1, 385.04
1606743888, 2107, 1, 3, 0, 0, 0.43%, 0, 0, 1, 385.40
1606743893, 2110, 0, 3, 0, 0, 0.43%, 0, 0, 1, 385.10
1606743898, 2112, 2, 3, 0, 0, 0.43%, 0, 0, 1, 383.54
1606743903, 2115, 0, 3, 0, 0, 0.43%, 0, 0, 1, 384.14
1606743908, 2117, 2, 3, 0, 0, 0.43%, 0, 0, 1, 385.51
1606743913, 2120, 1, 3, 0, 0, 0.43%, 0, 0, 1, 384.24
1606743918, 2122, 2, 3, 0, 0, 0.43%, 0, 0, 1, 385.05
1606743924, 2125, 1, 3, 0, 0, 0.43%, 0, 0, 1, 384.57
1606743929, 2128, 0, 3, 0, 0, 0.43%, 0, 0, 1, 384.56
1606743934, 2130, 2, 3, 0, 0, 0.43%, 0, 0, 1, 383.44
1606743939, 2133, 0, 3, 0, 0, 0.43%, 0, 0, 1, 383.77
1606743944, 2135, 2, 3, 0, 0, 0.43%, 0, 0, 1, 384.89
1606743949, 2138, 1, 3, 0, 0, 0.43%, 0, 0, 1, 384.61
1606743954, 2140, 2, 3, 0, 0, 0.43%, 0, 0, 1, 385.04
1606743960, 2143, 1, 3, 0, 0, 0.43%, 0, 0, 1, 384.22
1606743965, 2146, 0, 3, 0, 0, 0.43%, 0, 0, 1, 384.52
1606743970, 2148, 2, 3, 0, 0, 0.43%, 0, 0, 1, 384.36
1606743975, 2151, 0, 3, 0, 0, 0.43%, 0, 0, 1, 383.62
1606743980, 2153, 2, 3, 0, 0, 0.43%, 0, 0, 1, 384.44
1606743985, 2156, 1, 3, 0, 0, 0.43%, 0, 0, 1, 384.42
1606743990, 2158, 2, 3, 0, 0, 0.43%, 0, 0, 1, 384.17
1606743996, 2161, 1, 3, 0, 0, 0.43%, 0, 0, 1, 384.89
1606744001, 2164, 0, 3, 0, 0, 0.43%, 0, 0, 1, 384.63
1606744006, 2166, 2, 3, 0, 0, 0.43%, 0, 0, 1, 384.59
1606744011, 2169, 1, 3, 0, 0, 0.43%, 0, 0, 1, 384.23
1606744016, 2171, 2, 3, 0, 0, 0.43%, 0, 0, 1, 383.98
1606744021, 2174, 1, 3, 0, 0, 0.43%, 0, 0, 1, 382.70
1606744027, 2177, 0, 3, 0, 0, 0.43%, 0, 0, 1, 383.95
1606744032, 2179, 1, 3, 0, 0, 0.43%, 0, 0, 1, 383.97
1606744037, 2182, 0, 3, 0, 0, 0.43%, 0, 0, 1, 384.45
1606744042, 2184, 2, 3, 0, 0, 0.43%, 0, 0, 1, 384.63
1606744047, 2187, 0, 3, 0, 0, 0.43%, 0, 0, 1, 384.28
1606744052, 2189, 2, 3, 0, 0, 0.43%, 0, 0, 1, 384.65
1606744057, 2192, 1, 3, 0, 0, 0.43%, 0, 0, 1, 383.77
1606744063, 2195, 0, 3, 0, 0, 0.43%, 0, 0, 1, 384.55
1606744068, 2197, 1, 3, 0, 0, 0.43%, 0, 0, 1, 384.98
1606744073, 2200, 0, 3, 0, 0, 0.43%, 0, 0, 1, 384.42
1606744078, 2202, 2, 3, 0, 0, 0.43%, 0, 0, 1, 384.14
1606744083, 2205, 1, 3, 0, 0, 0.43%, 0, 0, 1, 384.86
1606744088, 2207, 2, 3, 0, 0, 0.43%, 0, 0, 1, 384.96
1606744093, 2210, 1, 3, 0, 0, 0.43%, 0, 0, 1, 384.24
1606744099, 2213, 0, 3, 0, 0, 0.43%, 0, 0, 1, 384.55
1606744104, 2215, 2, 3, 0, 0, 0.43%, 0, 0, 1, 384.53
1606744109, 2218, 0, 3, 0, 0, 0.43%, 0, 0, 1, 384.57
1606744114, 2220, 2, 3, 0, 0, 0.43%, 0, 0, 1, 383.40
1606744119, 2223, 0, 3, 0, 0, 0.43%, 0, 0, 1, 384.32
1606744124, 2225, 2, 3, 0, 0, 0.43%, 0, 0, 1, 384.38
1606744129, 2228, 1, 3, 0, 0, 0.43%, 0, 0, 1, 384.59
1606744135, 2231, 0, 3, 0, 0, 0.43%, 0, 0, 1, 384.24
1606744140, 2233, 1, 3, 0, 0, 0.43%, 0, 0, 1, 383.42
1606744145, 2236, 0, 3, 0, 0, 0.43%, 0, 0, 1, 382.93
1606744150, 2238, 2, 3, 0, 0, 0.43%, 0, 0, 1, 383.45
1606744155, 2241, 1, 3, 0, 0, 0.43%, 0, 0, 1, 384.22
1606744160, 2243, 2, 3, 0, 0, 0.43%, 0, 0, 1, 384.45
1606744165, 2246, 1, 3, 0, 0, 0.43%, 0, 0, 1, 384.20
1606744171, 2249, 0, 3, 0, 0, 0.43%, 0, 0, 1, 384.87
1606744176, 2251, 2, 3, 0, 0, 0.43%, 0, 0, 1, 384.15
1606744181, 2254, 0, 3, 0, 0, 0.43%, 0, 0, 1, 384.21
1606744186, 2256, 2, 3, 0, 0, 0.43%, 0, 0, 1, 384.27
1606744191, 2259, 1, 3, 0, 0, 0.43%, 0, 0, 1, 384.07
1606744196, 2262, 0, 3, 0, 0, 0.43%, 0, 0, 1, 384.35
1606744202, 2264, 1, 3, 0, 0, 0.43%, 0, 0, 1, 384.80
1606744207, 2267, 0, 3, 0, 0, 0.43%, 0, 0, 1, 384.89
1606744212, 2269, 2, 3, 0, 0, 0.43%, 0, 0, 1, 382.50
1606744217, 2272, 1, 3, 0, 0, 0.43%, 0, 0, 1, 385.28
1606744222, 2275, 0, 3, 0, 0, 0.43%, 0, 0, 1, 384.86
1606744227, 2277, 1, 3, 0, 0, 0.43%, 0, 0, 1, 385.16
1606744233, 2280, 0, 3, 0, 0, 0.43%, 0, 0, 1, 384.77
1606744238, 2282, 2, 3, 0, 0, 0.43%, 0, 0, 1, 384.38
1606744243, 2285, 0, 3, 0, 0, 0.43%, 0, 0, 1, 384.71
1606744248, 2287, 2, 3, 0, 0, 0.43%, 0, 0, 1, 384.46
1606744253, 2290, 1, 3, 0, 0, 0.43%, 0, 0, 1, 384.59
1606744258, 2292, 2, 3, 0, 0, 0.43%, 0, 0, 1, 384.26
1606744263, 2295, 1, 3, 0, 0, 0.43%, 0, 0, 1, 384.52
1606744268, 2298, 0, 3, 0, 0, 0.43%, 0, 0, 1, 383.43
1606744274, 2300, 2, 3, 0, 0, 0.43%, 0, 0, 1, 384.13
1606744279, 2303, 0, 3, 0, 0, 0.43%, 0, 0, 1, 385.25
1606744284, 2305, 2, 3, 0, 0, 0.43%, 0, 0, 1, 384.63
1606744289, 2308, 1, 3, 0, 0, 0.43%, 0, 0, 1, 384.42
1606744294, 2311, 0, 3, 0, 0, 0.43%, 0, 0, 1, 384.48
1606744299, 2313, 1, 3, 0, 0, 0.43%, 0, 0, 1, 385.26
1606744305, 2316, 0, 3, 0, 0, 0.43%, 0, 0, 1, 385.19
1606744310, 2318, 2, 3, 0, 0, 0.43%, 0, 0, 1, 383.85
1606744315, 2321, 1, 3, 0, 0, 0.43%, 0, 0, 1, 385.42
1606744320, 2323, 2, 3, 0, 0, 0.43%, 0, 0, 1, 386.07
1606744325, 2326, 1, 3, 0, 0, 0.43%, 0, 0, 1, 384.61
1606744330, 2328, 2, 3, 0, 0, 0.43%, 0, 0, 1, 381.31
1606744335, 2331, 1, 3, 0, 0, 0.43%, 0, 0, 1, 384.26
1606744340, 2334, 0, 3, 0, 0, 0.43%, 0, 0, 1, 384.80
1606744345, 2336, 1, 3, 0, 0, 0.43%, 0, 0, 1, 385.18
1606744351, 2339, 0, 3, 0, 0, 0.43%, 0, 0, 1, 385.19
1606744356, 2341, 2, 3, 0, 0, 0.43%, 0, 0, 1, 384.98
1606744361, 2344, 1, 3, 0, 0, 0.43%, 0, 0, 1, 383.86
1606744366, 2346, 2, 3, 0, 0, 0.43%, 0, 0, 1, 384.61
1606744371, 2349, 1, 3, 0, 0, 0.43%, 0, 0, 1, 384.56
1606744376, 2352, 0, 3, 0, 0, 0.43%, 0, 0, 1, 383.79
1606744382, 2354, 2, 3, 0, 0, 0.43%, 0, 0, 1, 384.55
1606744387, 2357, 0, 3, 0, 0, 0.43%, 0, 0, 1, 382.67
1606744392, 2359, 2, 3, 0, 0, 0.43%, 0, 0, 1, 383.97
1606744397, 2362, 1, 3, 0, 0, 0.43%, 0, 0, 1, 383.99
1606744402, 2365, 0, 3, 0, 0, 0.43%, 0, 0, 1, 384.82
1606744407, 2367, 1, 3, 0, 0, 0.43%, 0, 0, 1, 383.12
1606744412, 2370, 0, 3, 0, 0, 0.43%, 0, 0, 1, 383.81
1606744418, 2372, 2, 3, 0, 0, 0.43%, 0, 0, 1, 383.70
1606744423, 2375, 0, 3, 0, 0, 0.43%, 0, 0, 1, 381.86
1606744428, 2377, 2, 3, 0, 0, 0.43%, 0, 0, 1, 383.98
1606744433, 2380, 1, 3, 0, 0, 0.43%, 0, 0, 1, 385.02
1606744438, 2383, 0, 3, 0, 0, 0.43%, 0, 0, 1, 384.74
1606744443, 2385, 1, 3, 0, 0, 0.43%, 0, 0, 1, 382.22
1606744448, 2388, 0, 3, 0, 0, 0.43%, 0, 0, 1, 383.93
1606744454, 2390, 2, 3, 0, 0, 0.43%, 0, 0, 1, 382.78
1606744459, 2393, 0, 3, 0, 0, 0.43%, 0, 0, 1, 382.74
1606744464, 2395, 2, 3, 0, 0, 0.43%, 0, 0, 1, 383.44
1606744469, 2398, 1, 3, 0, 0, 0.43%, 0, 0, 1, 382.25
1606744474, 2400, 2, 3, 0, 0, 0.43%, 0, 0, 1, 383.12
1606744479, 2403, 1, 3, 0, 0, 0.43%, 0, 0, 1, 383.40
1606744484, 2406, 0, 3, 0, 0, 0.43%, 0, 0, 1, 382.91
1606744489, 2408, 1, 3, 0, 0, 0.43%, 0, 0, 1, 382.54
1606744494, 2411, 0, 3, 0, 0, 0.43%, 0, 0, 1, 382.58
1606744499, 2413, 1, 3, 0, 0, 0.43%, 0, 0, 1, 383.03
1606744504, 2416, 0, 3, 0, 0, 0.43%, 0, 0, 1, 382.32
1606744510, 2418, 1, 3, 0, 0, 0.43%, 0, 0, 1, 381.11
1606744515, 2421, 0, 3, 0, 0, 0.43%, 0, 0, 1, 381.22
1606744520, 2423, 2, 3, 0, 0, 0.43%, 0, 0, 1, 381.88
1606744525, 2426, 0, 3, 0, 0, 0.43%, 0, 0, 1, 382.70
1606744530, 2428, 2, 3, 0, 0, 0.43%, 0, 0, 1, 382.18
1606744535, 2431, 1, 3, 0, 0, 0.43%, 0, 0, 1, 380.76
1606744541, 2434, 0, 3, 0, 0, 0.43%, 0, 0, 1, 381.65
1606744546, 2436, 1, 3, 0, 0, 0.43%, 0, 0, 1, 381.04
1606744551, 2439, 0, 3, 0, 0, 0.43%, 0, 0, 1, 381.01
1606744556, 2441, 2, 3, 0, 0, 0.43%, 0, 0, 1, 381.61
1606744561, 2444, 0, 3, 0, 0, 0.43%, 0, 0, 1, 380.48
1606744566, 2446, 2, 3, 0, 0, 0.43%, 0, 0, 1, 380.52
1606748112, 2448, 1, 3, 0, 0, 0.43%, 0, 0, 1, 0.00
1606748117, 2450, 2, 3, 0, 0, 0.43%, 0, 0, 1, 335.45
1606748122, 2453, 0, 3, 0, 0, 0.43%, 0, 0, 1, 366.42
1606748127, 2455, 1, 3, 0, 0, 0.43%, 0, 0, 1, 390.83
1606748132, 2458, 0, 3, 0, 0, 0.43%, 0, 0, 1, 396.67
1606748137, 2460, 2, 3, 0, 0, 0.43%, 0, 0, 1, 401.76
1606748142, 2463, 2, 3, 0, 0, 0.43%, 0, 0, 1, 400.34
1606748147, 2466, 0, 3, 0, 0, 0.43%, 0, 0, 1, 392.24
1606748153, 2468, 2, 3, 0, 0, 0.43%, 0, 0, 1, 398.75
1606748158, 2471, 1, 3, 0, 0, 0.43%, 0, 0, 1, 394.63
1606748163, 2474, 0, 3, 0, 0, 0.43%, 0, 0, 1, 389.17
1606748168, 2476, 2, 3, 0, 0, 0.43%, 0, 0, 1, 397.34
1606748173, 2479, 1, 3, 0, 0, 0.43%, 0, 0, 1, 389.99
1606748178, 2481, 2, 3, 0, 0, 0.43%, 0, 0, 1, 389.08
1606748183, 2484, 1, 3, 0, 0, 0.43%, 0, 0, 1, 389.93
1606748188, 2487, 0, 3, 0, 0, 0.43%, 0, 0, 1, 400.23
1606748193, 2489, 2, 3, 0, 0, 0.43%, 0, 0, 1, 401.07
1606748199, 2492, 1, 3, 0, 0, 0.43%, 0, 0, 1, 401.86
1606748204, 2495, 0, 3, 0, 0, 0.43%, 0, 0, 1, 401.92
1606748209, 2497, 2, 3, 0, 0, 0.43%, 0, 0, 1, 402.43
1606748214, 2500, 1, 3, 0, 0, 0.43%, 0, 0, 1, 399.32
1606748219, 2503, 0, 3, 0, 0, 0.43%, 0, 0, 1, 395.96
1606748224, 2505, 2, 3, 0, 0, 0.43%, 0, 0, 1, 400.50
1606748229, 2508, 1, 3, 0, 0, 0.43%, 0, 0, 1, 385.99
1606748235, 2511, 0, 3, 0, 0, 0.43%, 0, 0, 1, 387.43
1606748240, 2513, 2, 3, 0, 0, 0.43%, 0, 0, 1, 395.14
1606748245, 2516, 0, 3, 0, 0, 0.43%, 0, 0, 1, 392.85
1606748250, 2518, 2, 3, 0, 0, 0.43%, 0, 0, 1, 391.74
1606748255, 2521, 0, 3, 0, 0, 0.43%, 0, 0, 1, 376.56
1606748260, 2523, 1, 3, 0, 0, 0.43%, 0, 0, 1, 337.32
1606748265, 2526, 0, 3, 0, 0, 0.43%, 0, 0, 1, 372.92
1606748270, 2528, 1, 3, 0, 0, 0.43%, 0, 0, 1, 382.34
1606748275, 2531, 0, 3, 0, 0, 0.43%, 0, 0, 1, 371.11
1606748280, 2533, 1, 3, 0, 0, 0.43%, 0, 0, 1, 377.75
1606748285, 2536, 0, 3, 0, 0, 0.43%, 0, 0, 1, 386.27
1606748290, 2538, 1, 3, 0, 0, 0.43%, 0, 0, 1, 389.75
1606748295, 2541, 0, 3, 0, 0, 0.43%, 0, 0, 1, 391.84
1606748300, 2543, 2, 3, 0, 0, 0.43%, 0, 0, 1, 392.58
1606748306, 2546, 0, 3, 0, 0, 0.43%, 0, 0, 1, 384.74
1606748311, 2548, 2, 3, 0, 0, 0.43%, 0, 0, 1, 383.02
1606748316, 2551, 1, 3, 0, 0, 0.43%, 0, 0, 1, 380.16
1606748321, 2553, 2, 3, 0, 0, 0.43%, 0, 0, 1, 370.60
1606748326, 2556, 1, 3, 0, 0, 0.43%, 0, 0, 1, 382.53
1606748331, 2558, 2, 3, 0, 0, 0.43%, 0, 0, 1, 369.30
1606748336, 2561, 1, 3, 0, 0, 0.43%, 0, 0, 1, 377.82
1606748341, 2563, 2, 3, 0, 0, 0.43%, 0, 0, 1, 368.24
1606748346, 2566, 0, 3, 0, 0, 0.43%, 0, 0, 1, 378.43
1606748351, 2568, 2, 3, 0, 0, 0.43%, 0, 0, 1, 381.35
1606748356, 2571, 0, 3, 0, 0, 0.43%, 0, 0, 1, 376.49
1606748361, 2573, 2, 3, 0, 0, 0.43%, 0, 0, 1, 362.52
1606748366, 2575, 2, 3, 0, 0, 0.43%, 0, 0, 1, 356.49
1606748372, 2578, 1, 3, 0, 0, 0.43%, 0, 0, 1, 367.87
1606748377, 2581, 0, 3, 0, 0, 0.43%, 0, 0, 1, 375.60
1606748382, 2583, 1, 3, 0, 0, 0.43%, 0, 0, 1, 373.23
1606748387, 2585, 2, 3, 0, 0, 0.43%, 0, 0, 1, 375.96
1606748392, 2588, 0, 3, 0, 0, 0.43%, 0, 0, 1, 365.85
1606748397, 2590, 2, 3, 0, 0, 0.43%, 0, 0, 1, 372.36
1606748402, 2593, 0, 3, 0, 0, 0.43%, 0, 0, 1, 382.92
1606748407, 2595, 2, 3, 0, 0, 0.43%, 0, 0, 1, 384.72
1606748412, 2598, 1, 3, 0, 0, 0.43%, 0, 0, 1, 366.71
1606748418, 2600, 2, 3, 0, 0, 0.43%, 0, 0, 1, 367.27
1606748423, 2603, 0, 3, 0, 0, 0.43%, 0, 0, 1, 378.76
1606748428, 2605, 2, 3, 0, 0, 0.43%, 0, 0, 1, 387.43
1606748433, 2608, 1, 3, 0, 0, 0.43%, 0, 0, 1, 378.47
1606748438, 2610, 2, 3, 0, 0, 0.43%, 0, 0, 1, 379.00
1606748443, 2613, 1, 3, 0, 0, 0.43%, 0, 0, 1, 383.66
1606748448, 2615, 2, 3, 0, 0, 0.43%, 0, 0, 1, 388.67
1606748453, 2618, 1, 3, 0, 0, 0.43%, 0, 0, 1, 388.85
1606748458, 2621, 0, 3, 0, 0, 0.43%, 0, 0, 1, 390.24
1606748463, 2623, 1, 3, 0, 0, 0.43%, 0, 0, 1, 389.41
1606748468, 2626, 0, 3, 0, 0, 0.43%, 0, 0, 1, 379.29
1606748473, 2628, 1, 3, 0, 0, 0.43%, 0, 0, 1, 366.51
1606748478, 2631, 0, 3, 0, 0, 0.43%, 0, 0, 1, 375.67
1606748483, 2633, 1, 3, 0, 0, 0.43%, 0, 0, 1, 382.22
1606748489, 2636, 0, 3, 0, 0, 0.43%, 0, 0, 1, 380.12
1606748494, 2638, 1, 3, 0, 0, 0.43%, 0, 0, 1, 373.76
1606748499, 2641, 0, 3, 0, 0, 0.43%, 0, 0, 1, 383.23
1606748504, 2643, 1, 3, 0, 0, 0.43%, 0, 0, 1, 380.42
1606748509, 2646, 0, 3, 0, 0, 0.43%, 0, 0, 1, 376.18
1606748514, 2648, 1, 3, 0, 0, 0.43%, 0, 0, 1, 381.76
1606748519, 2651, 0, 3, 0, 0, 0.43%, 0, 0, 1, 384.01
1606748524, 2653, 1, 3, 0, 0, 0.43%, 0, 0, 1, 385.71
1606748529, 2656, 0, 3, 0, 0, 0.43%, 0, 0, 1, 383.93
1606748534, 2658, 2, 3, 0, 0, 0.43%, 0, 0, 1, 384.56
1606748539, 2661, 0, 3, 0, 0, 0.43%, 0, 0, 1, 384.71
1606748544, 2663, 2, 3, 0, 0, 0.43%, 0, 0, 1, 370.24
1606748549, 2666, 0, 3, 0, 0, 0.43%, 0, 0, 1, 373.52
1606748554, 2668, 2, 3, 0, 0, 0.43%, 0, 0, 1, 376.31
1606748560, 2671, 0, 3, 0, 0, 0.43%, 0, 0, 1, 376.39
1606748565, 2673, 2, 3, 0, 0, 0.43%, 0, 0, 1, 372.65
1606748570, 2676, 0, 3, 0, 0, 0.43%, 0, 0, 1, 372.88
1606748575, 2678, 2, 3, 0, 0, 0.43%, 0, 0, 1, 380.00
1606748580, 2681, 0, 3, 0, 0, 0.43%, 0, 0, 1, 384.19
1606748585, 2683, 2, 3, 0, 0, 0.43%, 0, 0, 1, 382.96
1606748590, 2686, 0, 3, 0, 0, 0.43%, 0, 0, 1, 374.41
1606748595, 2688, 2, 3, 0, 0, 0.43%, 0, 0, 1, 378.04
1606748600, 2691, 0, 3, 0, 0, 0.43%, 0, 0, 1, 383.07
1606748605, 2693, 2, 3, 0, 0, 0.43%, 0, 0, 1, 386.62
1606748610, 2696, 1, 3, 0, 0, 0.43%, 0, 0, 1, 372.25
1606748616, 2698, 0, 3, 0, 0, 0.43%, 0, 0, 1, 303.69
1606748621, 2700, 0, 3, 0, 0, 0.43%, 0, 0, 1, 287.93
1606748626, 2702, 0, 3, 0, 0, 0.43%, 0, 0, 1, 288.88
1606748631, 2703, 2, 3, 0, 0, 0.43%, 0, 0, 1, 289.01
1606748636, 2705, 2, 3, 0, 0, 0.43%, 0, 0, 1, 313.07
1606748641, 2708, 1, 3, 0, 0, 0.43%, 0, 0, 1, 370.70
1606748646, 2711, 0, 3, 0, 0, 0.43%, 0, 0, 1, 377.19
1606748651, 2713, 1, 3, 0, 0, 0.43%, 0, 0, 1, 383.82
1606748656, 2716, 0, 3, 0, 0, 0.43%, 0, 0, 1, 383.80
1606748661, 2718, 2, 3, 0, 0, 0.43%, 0, 0, 1, 384.44
1606748667, 2721, 0, 3, 0, 0, 0.43%, 0, 0, 1, 377.84
1606748672, 2723, 2, 3, 0, 0, 0.43%, 0, 0, 1, 381.31
1606748677, 2726, 1, 3, 0, 0, 0.43%, 0, 0, 1, 383.22
1606748682, 2728, 2, 3, 0, 0, 0.43%, 0, 0, 1, 384.39
1606748687, 2731, 1, 3, 0, 0, 0.43%, 0, 0, 1, 376.60
1606748692, 2733, 2, 3, 0, 0, 0.43%, 0, 0, 1, 377.68
1606748697, 2736, 1, 3, 0, 0, 0.43%, 0, 0, 1, 383.10
1606748703, 2739, 0, 3, 0, 0, 0.43%, 0, 0, 1, 376.38
1606748708, 2741, 1, 3, 0, 0, 0.43%, 0, 0, 1, 374.35
1606748713, 2743, 2, 3, 0, 0, 0.43%, 0, 0, 1, 361.19
1606748718, 2746, 0, 3, 0, 0, 0.43%, 0, 0, 1, 365.72
1606748723, 2748, 2, 3, 0, 0, 0.43%, 0, 0, 1, 375.36
1606748728, 2751, 0, 3, 0, 0, 0.43%, 0, 0, 1, 370.12
1606748733, 2753, 2, 3, 0, 0, 0.43%, 0, 0, 1, 366.64
1606748738, 2756, 0, 3, 0, 0, 0.43%, 0, 0, 1, 370.89
1606748743, 2758, 2, 3, 0, 0, 0.43%, 0, 0, 1, 380.52
1606748748, 2761, 0, 3, 0, 0, 0.43%, 0, 0, 1, 378.76
1606748753, 2763, 1, 3, 0, 0, 0.43%, 0, 0, 1, 370.61
1606748758, 2766, 0, 3, 0, 0, 0.43%, 0, 0, 1, 377.93
1606748763, 2768, 1, 3, 0, 0, 0.43%, 0, 0, 1, 369.59
1606748769, 2770, 2, 3, 0, 0, 0.43%, 0, 0, 1, 366.61
1606748774, 2773, 0, 3, 0, 0, 0.43%, 0, 0, 1, 355.09
1606748779, 2775, 2, 3, 0, 0, 0.43%, 0, 0, 1, 372.84
1606748784, 2778, 0, 3, 0, 0, 0.43%, 0, 0, 1, 357.53
1606748789, 2780, 2, 3, 0, 0, 0.43%, 0, 0, 1, 371.70
1606748794, 2783, 0, 3, 0, 0, 0.43%, 0, 0, 1, 367.05
1606748799, 2785, 1, 3, 0, 0, 0.43%, 0, 0, 1, 366.86
1606748804, 2787, 2, 3, 0, 0, 0.43%, 0, 0, 1, 355.55
1606748809, 2790, 1, 3, 0, 0, 0.43%, 0, 0, 1, 373.56
1606748814, 2792, 2, 3, 0, 0, 0.43%, 0, 0, 1, 360.82
1606748820, 2795, 0, 3, 0, 0, 0.43%, 0, 0, 1, 365.80
1606748825, 2797, 1, 3, 0, 0, 0.43%, 0, 0, 1, 362.23
1606748830, 2799, 2, 3, 0, 0, 0.43%, 0, 0, 1, 353.43
1606748835, 2802, 0, 3, 0, 0, 0.43%, 0, 0, 1, 362.33
1606748840, 2804, 1, 3, 0, 0, 0.43%, 0, 0, 1, 365.08
1606748845, 2806, 2, 3, 0, 0, 0.43%, 0, 0, 1, 352.38
1606748850, 2809, 0, 3, 0, 0, 0.43%, 0, 0, 1, 359.76
1606748855, 2811, 1, 3, 0, 0, 0.43%, 0, 0, 1, 359.98
1606748860, 2813, 2, 3, 0, 0, 0.43%, 0, 0, 1, 355.72
1606748865, 2816, 0, 3, 0, 0, 0.43%, 0, 0, 1, 358.54
1606748870, 2818, 1, 3, 0, 0, 0.43%, 0, 0, 1, 359.53
1606748875, 2821, 0, 3, 0, 0, 0.43%, 0, 0, 1, 363.59
1606748880, 2823, 1, 3, 0, 0, 0.43%, 0, 0, 1, 359.80
1606748885, 2825, 2, 3, 0, 0, 0.43%, 0, 0, 1, 358.63
1606748890, 2828, 0, 3, 0, 0, 0.43%, 0, 0, 1, 353.74
1606748895, 2830, 1, 3, 0, 0, 0.43%, 0, 0, 1, 354.38
1606748900, 2833, 0, 3, 0, 0, 0.43%, 0, 0, 1, 367.03
1606748906, 2835, 1, 3, 0, 0, 0.43%, 0, 0, 1, 356.98
1606748911, 2837, 2, 3, 0, 0, 0.43%, 0, 0, 1, 350.40
1606748916, 2839, 2, 3, 0, 0, 0.43%, 0, 0, 1, 342.75
1606748921, 2842, 0, 3, 0, 0, 0.43%, 0, 0, 1, 356.27
1606748926, 2844, 1, 3, 0, 0, 0.43%, 0, 0, 1, 331.73
1606748931, 2846, 0, 3, 0, 0, 0.43%, 0, 0, 1, 286.51
1606748936, 2848, 2, 3, 0, 0, 0.43%, 0, 0, 1, 356.36
1606748941, 2851, 0, 3, 0, 0, 0.43%, 0, 0, 1, 357.19
1606748946, 2853, 1, 3, 0, 0, 0.43%, 0, 0, 1, 371.56
1606748951, 2856, 0, 3, 0, 0, 0.43%, 0, 0, 1, 376.01
1606748956, 2858, 0, 3, 0, 0, 0.43%, 0, 0, 1, 343.36
1606748961, 2860, 1, 3, 0, 0, 0.43%, 0, 0, 1, 341.97
1606748966, 2862, 2, 3, 0, 0, 0.43%, 0, 0, 1, 358.54
1606748972, 2865, 1, 3, 0, 0, 0.43%, 0, 0, 1, 362.69
1606748977, 2867, 2, 3, 0, 0, 0.43%, 0, 0, 1, 357.38
1606748982, 2870, 0, 3, 0, 0, 0.43%, 0, 0, 1, 351.05
1606748987, 2872, 1, 3, 0, 0, 0.43%, 0, 0, 1, 343.10
1606748992, 2874, 2, 3, 0, 0, 0.43%, 0, 0, 1, 351.36
1606748997, 2877, 0, 3, 0, 0, 0.43%, 0, 0, 1, 349.61
1606749002, 2879, 0, 3, 0, 0, 0.43%, 0, 0, 1, 343.35
1606749007, 2881, 1, 3, 0, 0, 0.43%, 0, 0, 1, 343.09
1606749012, 2883, 2, 3, 0, 0, 0.43%, 0, 0, 1, 344.50
1606749017, 2886, 0, 3, 0, 0, 0.43%, 0, 0, 1, 342.62
1606749022, 2888, 0, 3, 0, 0, 0.43%, 0, 0, 1, 346.51
1606749027, 2890, 1, 3, 0, 0, 0.43%, 0, 0, 1, 351.50
1606749033, 2892, 2, 3, 0, 0, 0.43%, 0, 0, 1, 343.10
1606749038, 2895, 0, 3, 0, 0, 0.43%, 0, 0, 1, 354.48
1606749043, 2897, 1, 3, 0, 0, 0.43%, 0, 0, 1, 350.70
1606749048, 2899, 2, 3, 0, 0, 0.43%, 0, 0, 1, 348.69
1606749053, 2902, 0, 3, 0, 0, 0.43%, 0, 0, 1, 343.07
1606749058, 2904, 1, 3, 0, 0, 0.43%, 0, 0, 1, 352.55
1606749063, 2906, 2, 3, 0, 0, 0.43%, 0, 0, 1, 355.73
1606749068, 2909, 0, 3, 0, 0, 0.43%, 0, 0, 1, 360.58
1606749073, 2911, 1, 3, 0, 0, 0.43%, 0, 0, 1, 351.60
1606749078, 2913, 2, 3, 0, 0, 0.43%, 0, 0, 1, 353.25
1606749083, 2916, 0, 3, 0, 0, 0.43%, 0, 0, 1, 357.22
1606749088, 2918, 1, 3, 0, 0, 0.43%, 0, 0, 1, 349.63
1606749093, 2920, 2, 3, 0, 0, 0.43%, 0, 0, 1, 356.55
1606749098, 2923, 0, 3, 0, 0, 0.43%, 0, 0, 1, 359.13
1606749103, 2925, 1, 3, 0, 0, 0.43%, 0, 0, 1, 357.55
1606749108, 2927, 2, 3, 0, 0, 0.43%, 0, 0, 1, 353.51
1606749113, 2930, 0, 3, 0, 0, 0.43%, 0, 0, 1, 356.89
1606749118, 2932, 1, 3, 0, 0, 0.43%, 0, 0, 1, 362.08
1606749124, 2935, 0, 3, 0, 0, 0.43%, 0, 0, 1, 362.09
1606749129, 2937, 0, 3, 0, 0, 0.43%, 0, 0, 1, 354.39
1606749134, 2939, 2, 3, 0, 0, 0.43%, 0, 0, 1, 353.39
1606749139, 2942, 0, 3, 0, 0, 0.43%, 0, 0, 1, 352.69
1606749144, 2944, 1, 3, 0, 0, 0.43%, 0, 0, 1, 350.52
1606749149, 2946, 2, 3, 0, 0, 0.43%, 0, 0, 1, 358.54
1606749154, 2949, 0, 3, 0, 0, 0.43%, 0, 0, 1, 355.76
1606749159, 2951, 1, 3, 0, 0, 0.43%, 0, 0, 1, 360.67
1606749164, 2953, 2, 3, 0, 0, 0.43%, 0, 0, 1, 359.96
1606749169, 2956, 0, 3, 0, 0, 0.43%, 0, 0, 1, 359.53
1606749174, 2958, 1, 3, 0, 0, 0.43%, 0, 0, 1, 360.13
1606749179, 2960, 2, 3, 0, 0, 0.43%, 0, 0, 1, 362.43
1606749184, 2963, 0, 3, 0, 0, 0.43%, 0, 0, 1, 361.54
1606749189, 2965, 1, 3, 0, 0, 0.43%, 0, 0, 1, 360.04
1606749194, 2967, 2, 3, 0, 0, 0.43%, 0, 0, 1, 364.27
1606749199, 2970, 0, 3, 0, 0, 0.43%, 0, 0, 1, 358.49
1606749204, 2972, 1, 3, 0, 0, 0.43%, 0, 0, 1, 360.12
1606749209, 2974, 2, 3, 0, 0, 0.43%, 0, 0, 1, 356.16
1606749214, 2977, 0, 3, 0, 0, 0.43%, 0, 0, 1, 354.44
1606749219, 2979, 1, 3, 0, 0, 0.43%, 0, 0, 1, 357.34
1606749224, 2982, 0, 3, 0, 0, 0.43%, 0, 0, 1, 360.99
1606749229, 2984, 0, 3, 0, 0, 0.43%, 0, 0, 1, 351.90
1606749235, 2986, 1, 3, 0, 0, 0.43%, 0, 0, 1, 347.92
1606749240, 2988, 2, 3, 0, 0, 0.43%, 0, 0, 1, 349.79
1606749245, 2991, 0, 3, 0, 0, 0.43%, 0, 0, 1, 349.23
1606749250, 2993, 1, 3, 0, 0, 0.43%, 0, 0, 1, 343.67
1606749255, 2995, 2, 3, 0, 0, 0.43%, 0, 0, 1, 353.80
1606749260, 2998, 0, 3, 0, 0, 0.43%, 0, 0, 1, 355.21
1606749265, 3000, 2, 3, 0, 0, 0.43%, 0, 0, 1, 357.82
1606749270, 3003, 0, 3, 0, 0, 0.43%, 0, 0, 1, 349.54
1606749275, 3005, 1, 3, 0, 0, 0.43%, 0, 0, 1, 357.63
1606749280, 3007, 2, 3, 0, 0, 0.43%, 0, 0, 1, 360.57
1606749285, 3010, 0, 3, 0, 0, 0.43%, 0, 0, 1, 361.00
1606749290, 3012, 1, 3, 0, 0, 0.43%, 0, 0, 1, 357.60
1606749296, 3014, 2, 3, 0, 0, 0.43%, 0, 0, 1, 356.14
1606749301, 3017, 0, 3, 0, 0, 0.43%, 0, 0, 1, 355.15
1606749306, 3019, 1, 3, 0, 0, 0.43%, 0, 0, 1, 347.00
1606749311, 3021, 2, 3, 0, 0, 0.43%, 0, 0, 1, 356.03
1606749316, 3024, 0, 3, 0, 0, 0.43%, 0, 0, 1, 358.63
1606749321, 3026, 1, 3, 0, 0, 0.43%, 0, 0, 1, 356.45
1606749326, 3028, 2, 3, 0, 0, 0.43%, 0, 0, 1, 354.67
1606749331, 3031, 0, 3, 0, 0, 0.43%, 0, 0, 1, 360.97
1606749336, 3033, 1, 3, 0, 0, 0.43%, 0, 0, 1, 362.91
