# unix_time, cycles_done, cur_path, paths_total, pending_total, pending_favs, map_size, unique_crashes, unique_hangs, max_depth, execs_per_sec
1606739510, 0, 0, 3, 3, 1, 0.43%, 0, 0, 1, 558.14
1606739515, 3, 0, 3, 0, 0, 0.43%, 0, 0, 1, 414.58
1606739521, 5, 1, 3, 0, 0, 0.43%, 0, 0, 1, 385.27
1606739526, 8, 0, 3, 0, 0, 0.43%, 0, 0, 1, 381.95
1606739531, 10, 2, 3, 0, 0, 0.43%, 0, 0, 1, 385.23
1606739536, 13, 0, 3, 0, 0, 0.43%, 0, 0, 1, 383.94
1606739541, 15, 2, 3, 0, 0, 0.43%, 0, 0, 1, 383.24
1606739546, 18, 0, 3, 0, 0, 0.43%, 0, 0, 1, 383.21
1606739551, 20, 2, 3, 0, 0, 0.43%, 0, 0, 1, 382.93
1606739556, 23, 1, 3, 0, 0, 0.43%, 0, 0, 1, 375.49
1606739561, 25, 2, 3, 0, 0, 0.43%, 0, 0, 1, 377.80
1606739567, 28, 1, 3, 0, 0, 0.43%, 0, 0, 1, 371.04
1606739572, 30, 2, 3, 0, 0, 0.43%, 0, 0, 1, 359.00
1606739577, 33, 0, 3, 0, 0, 0.43%, 0, 0, 1, 350.68
1606739582, 35, 1, 3, 0, 0, 0.43%, 0, 0, 1, 361.09
1606739587, 37, 2, 3, 0, 0, 0.43%, 0, 0, 1, 359.34
1606739592, 40, 0, 3, 0, 0, 0.43%, 0, 0, 1, 369.54
1606739597, 42, 1, 3, 0, 0, 0.43%, 0, 0, 1, 368.53
1606739602, 45, 0, 3, 0, 0, 0.43%, 0, 0, 1, 373.84
1606739607, 47, 1, 3, 0, 0, 0.43%, 0, 0, 1, 372.87
1606739612, 50, 0, 3, 0, 0, 0.43%, 0, 0, 1, 378.74
1606739617, 52, 1, 3, 0, 0, 0.43%, 0, 0, 1, 374.48
1606739622, 55, 0, 3, 0, 0, 0.43%, 0, 0, 1, 379.05
1606739627, 57, 1, 3, 0, 0, 0.43%, 0, 0, 1, 356.36
1606739633, 59, 2, 3, 0, 0, 0.43%, 0, 0, 1, 366.33
1606739638, 61, 2, 3, 0, 0, 0.43%, 0, 0, 1, 310.45
1606739643, 64, 0, 3, 0, 0, 0.43%, 0, 0, 1, 352.19
1606739648, 66, 2, 3, 0, 0, 0.43%, 0, 0, 1, 362.17
1606739653, 69, 0, 3, 0, 0, 0.43%, 0, 0, 1, 366.63
1606739658, 71, 2, 3, 0, 0, 0.43%, 0, 0, 1, 375.09
1606739663, 74, 0, 3, 0, 0, 0.43%, 0, 0, 1, 365.57
1606739668, 76, 1, 3, 0, 0, 0.43%, 0, 0, 1, 362.70
1606739673, 78, 2, 3, 0, 0, 0.43%, 0, 0, 1, 366.61
1606739679, 81, 1, 3, 0, 0, 0.43%, 0, 0, 1, 352.40
1606739684, 83, 1, 3, 0, 0, 0.43%, 0, 0, 1, 309.83
1606739689, 85, 2, 3, 0, 0, 0.43%, 0, 0, 1, 333.68
1606739694, 87, 2, 3, 0, 0, 0.43%, 0, 0, 1, 351.52
1606739699, 90, 0, 3, 0, 0, 0.43%, 0, 0, 1, 354.86
1606739704, 92, 2, 3, 0, 0, 0.43%, 0, 0, 1, 361.07
1606739709, 95, 0, 3, 0, 0, 0.43%, 0, 0, 1, 366.47
1606739715, 97, 2, 3, 0, 0, 0.43%, 0, 0, 1, 377.71
1606739720, 100, 1, 3, 0, 0, 0.43%, 0, 0, 1, 380.86
1606739725, 102, 2, 3, 0, 0, 0.43%, 0, 0, 1, 365.16
1606739730, 105, 0, 3, 0, 0, 0.43%, 0, 0, 1, 373.22
1606739735, 107, 1, 3, 0, 0, 0.43%, 0, 0, 1, 367.62
1606739740, 110, 0, 3, 0, 0, 0.43%, 0, 0, 1, 371.03
1606739745, 112, 1, 3, 0, 0, 0.43%, 0, 0, 1, 366.57
1606739750, 114, 2, 3, 0, 0, 0.43%, 0, 0, 1, 359.61
1606739755, 117, 0, 3, 0, 0, 0.43%, 0, 0, 1, 357.04
1606739760, 119, 1, 3, 0, 0, 0.43%, 0, 0, 1, 343.26
1606739765, 121, 2, 3, 0, 0, 0.43%, 0, 0, 1, 358.05
1606739770, 124, 0, 3, 0, 0, 0.43%, 0, 0, 1, 365.05
1606739776, 126, 1, 3, 0, 0, 0.43%, 0, 0, 1, 370.60
1606739781, 129, 0, 3, 0, 0, 0.43%, 0, 0, 1, 371.59
1606739786, 131, 1, 3, 0, 0, 0.43%, 0, 0, 1, 370.83
1606739791, 133, 2, 3, 0, 0, 0.43%, 0, 0, 1, 367.82
1606739796, 136, 1, 3, 0, 0, 0.43%, 0, 0, 1, 372.55
1606739801, 139, 0, 3, 0, 0, 0.43%, 0, 0, 1, 377.00
1606739806, 141, 1, 3, 0, 0, 0.43%, 0, 0, 1, 377.48
1606739811, 144, 0, 3, 0, 0, 0.43%, 0, 0, 1, 375.57
1606739817, 146, 1, 3, 0, 0, 0.43%, 0, 0, 1, 375.95
1606739822, 149, 0, 3, 0, 0, 0.43%, 0, 0, 1, 377.37
1606739827, 151, 1, 3, 0, 0, 0.43%, 0, 0, 1, 376.49
1606739832, 154, 0, 3, 0, 0, 0.43%, 0, 0, 1, 376.57
1606739837, 156, 2, 3, 0, 0, 0.43%, 0, 0, 1, 378.68
1606739842, 159, 0, 3, 0, 0, 0.43%, 0, 0, 1, 378.04
1606739847, 161, 2, 3, 0, 0, 0.43%, 0, 0, 1, 377.44
1606739853, 164, 0, 3, 0, 0, 0.43%, 0, 0, 1, 377.24
1606739858, 166, 2, 3, 0, 0, 0.43%, 0, 0, 1, 378.31
1606739863, 169, 1, 3, 0, 0, 0.43%, 0, 0, 1, 378.32
1606739868, 171, 2, 3, 0, 0, 0.43%, 0, 0, 1, 364.38
1606739873, 174, 0, 3, 0, 0, 0.43%, 0, 0, 1, 369.46
1606739878, 176, 2, 3, 0, 0, 0.43%, 0, 0, 1, 378.93
1606739883, 179, 0, 3, 0, 0, 0.43%, 0, 0, 1, 380.07
1606739888, 181, 2, 3, 0, 0, 0.43%, 0, 0, 1, 380.58
1606739893, 184, 0, 3, 0, 0, 0.43%, 0, 0, 1, 372.16
1606739899, 186, 2, 3, 0, 0, 0.43%, 0, 0, 1, 375.41
1606739904, 189, 0, 3, 0, 0, 0.43%, 0, 0, 1, 370.70
1606739909, 191, 2, 3, 0, 0, 0.43%, 0, 0, 1, 373.41
1606739914, 194, 0, 3, 0, 0, 0.43%, 0, 0, 1, 371.21
1606739919, 196, 1, 3, 0, 0, 0.43%, 0, 0, 1, 360.92
1606739924, 198, 2, 3, 0, 0, 0.43%, 0, 0, 1, 362.58
1606739929, 201, 1, 3, 0, 0, 0.43%, 0, 0, 1, 361.33
1606739934, 203, 2, 3, 0, 0, 0.43%, 0, 0, 1, 356.37
1606739939, 206, 0, 3, 0, 0, 0.43%, 0, 0, 1, 361.09
1606739944, 208, 1, 3, 0, 0, 0.43%, 0, 0, 1, 344.15
1606739950, 210, 2, 3, 0, 0, 0.43%, 0, 0, 1, 355.41
1606739955, 213, 0, 3, 0, 0, 0.43%, 0, 0, 1, 367.37
1606739960, 215, 2, 3, 0, 0, 0.43%, 0, 0, 1, 375.56
1606739965, 218, 0, 3, 0, 0, 0.43%, 0, 0, 1, 375.73
1606739970, 220, 2, 3, 0, 0, 0.43%, 0, 0, 1, 367.15
1606739976, 223, 0, 3, 0, 0, 0.43%, 0, 0, 1, 372.97
1606739981, 225, 2, 3, 0, 0, 0.43%, 0, 0, 1, 369.60
1606739986, 228, 0, 3, 0, 0, 0.43%, 0, 0, 1, 368.01
1606739991, 230, 1, 3, 0, 0, 0.43%, 0, 0, 1, 368.21
1606739996, 233, 0, 3, 0, 0, 0.43%, 0, 0, 1, 368.24
1606740001, 235, 1, 3, 0, 0, 0.43%, 0, 0, 1, 370.42
1606740006, 237, 2, 3, 0, 0, 0.43%, 0, 0, 1, 328.60
1606740012, 240, 0, 3, 0, 0, 0.43%, 0, 0, 1, 336.82
1606740017, 242, 0, 3, 0, 0, 0.43%, 0, 0, 1, 349.42
1606740022, 244, 2, 3, 0, 0, 0.43%, 0, 0, 1, 370.24
1606740027, 247, 0, 3, 0, 0, 0.43%, 0, 0, 1, 368.23
1606740032, 249, 2, 3, 0, 0, 0.43%, 0, 0, 1, 364.64
1606740037, 252, 0, 3, 0, 0, 0.43%, 0, 0, 1, 362.07
1606740042, 254, 1, 3, 0, 0, 0.43%, 0, 0, 1, 369.77
1606740047, 256, 2, 3, 0, 0, 0.43%, 0, 0, 1, 355.38
1606740052, 259, 0, 3, 0, 0, 0.43%, 0, 0, 1, 366.33
1606740057, 261, 2, 3, 0, 0, 0.43%, 0, 0, 1, 371.53
1606740062, 264, 0, 3, 0, 0, 0.43%, 0, 0, 1, 361.50
1606740067, 266, 2, 3, 0, 0, 0.43%, 0, 0, 1, 371.93
1606740072, 269, 0, 3, 0, 0, 0.43%, 0, 0, 1, 370.21
1606740078, 271, 2, 3, 0, 0, 0.43%, 0, 0, 1, 369.29
1606740083, 274, 0, 3, 0, 0, 0.43%, 0, 0, 1, 366.38
1606740088, 276, 1, 3, 0, 0, 0.43%, 0, 0, 1, 367.08
1606740093, 279, 0, 3, 0, 0, 0.43%, 0, 0, 1, 367.41
1606740098, 281, 1, 3, 0, 0, 0.43%, 0, 0, 1, 375.38
1606740104, 284, 0, 3, 0, 0, 0.43%, 0, 0, 1, 370.99
1606740109, 286, 1, 3, 0, 0, 0.43%, 0, 0, 1, 374.14
1606740114, 289, 0, 3, 0, 0, 0.43%, 0, 0, 1, 365.59
1606740119, 291, 1, 3, 0, 0, 0.43%, 0, 0, 1, 370.13
1606740124, 294, 0, 3, 0, 0, 0.43%, 0, 0, 1, 375.49
1606740129, 296, 1, 3, 0, 0, 0.43%, 0, 0, 1, 366.20
1606740134, 298, 2, 3, 0, 0, 0.43%, 0, 0, 1, 361.21
1606740139, 301, 1, 3, 0, 0, 0.43%, 0, 0, 1, 361.13
1606740145, 303, 2, 3, 0, 0, 0.43%, 0, 0, 1, 365.96
1606740150, 306, 0, 3, 0, 0, 0.43%, 0, 0, 1, 366.70
1606740155, 308, 1, 3, 0, 0, 0.43%, 0, 0, 1, 356.02
1606740160, 310, 2, 3, 0, 0, 0.43%, 0, 0, 1, 351.45
1606740165, 313, 0, 3, 0, 0, 0.43%, 0, 0, 1, 359.82
1606740170, 315, 2, 3, 0, 0, 0.43%, 0, 0, 1, 365.48
1606740175, 318, 0, 3, 0, 0, 0.43%, 0, 0, 1, 353.82
1606740180, 320, 0, 3, 0, 0, 0.43%, 0, 0, 1, 308.44
1606740185, 322, 0, 3, 0, 0, 0.43%, 0, 0, 1, 333.67
1606740191, 324, 2, 3, 0, 0, 0.43%, 0, 0, 1, 367.91
1606740196, 327, 0, 3, 0, 0, 0.43%, 0, 0, 1, 369.25
1606740201, 329, 2, 3, 0, 0, 0.43%, 0, 0, 1, 370.16
1606740206, 332, 0, 3, 0, 0, 0.43%, 0, 0, 1, 375.68
1606740211, 334, 2, 3, 0, 0, 0.43%, 0, 0, 1, 368.66
1606740216, 337, 0, 3, 0, 0, 0.43%, 0, 0, 1, 370.84
1606740221, 339, 1, 3, 0, 0, 0.43%, 0, 0, 1, 368.20
1606740226, 342, 0, 3, 0, 0, 0.43%, 0, 0, 1, 377.51
1606740232, 344, 2, 3, 0, 0, 0.43%, 0, 0, 1, 378.11
1606740237, 347, 0, 3, 0, 0, 0.43%, 0, 0, 1, 376.70
1606740242, 349, 2, 3, 0, 0, 0.43%, 0, 0, 1, 377.56
1606740247, 352, 0, 3, 0, 0, 0.43%, 0, 0, 1, 376.35
1606740252, 354, 2, 3, 0, 0, 0.43%, 0, 0, 1, 358.26
1606740258, 357, 0, 3, 0, 0, 0.43%, 0, 0, 1, 367.91
1606740263, 359, 2, 3, 0, 0, 0.43%, 0, 0, 1, 371.03
1606740268, 362, 0, 3, 0, 0, 0.43%, 0, 0, 1, 346.98
1606740273, 364, 1, 3, 0, 0, 0.43%, 0, 0, 1, 336.34
1606740278, 366, 1, 3, 0, 0, 0.43%, 0, 0, 1, 348.03
1606740283, 368, 2, 3, 0, 0, 0.43%, 0, 0, 1, 352.09
1606740288, 371, 1, 3, 0, 0, 0.43%, 0, 0, 1, 371.71
1606740294, 373, 2, 3, 0, 0, 0.43%, 0, 0, 1, 368.23
1606740299, 376, 1, 3, 0, 0, 0.43%, 0, 0, 1, 367.97
1606740304, 378, 2, 3, 0, 0, 0.43%, 0, 0, 1, 346.44
1606740309, 381, 0, 3, 0, 0, 0.43%, 0, 0, 1, 344.42
1606740314, 383, 0, 3, 0, 0, 0.43%, 0, 0, 1, 350.33
1606740319, 385, 1, 3, 0, 0, 0.43%, 0, 0, 1, 341.60
1606740324, 388, 0, 3, 0, 0, 0.43%, 0, 0, 1, 365.99
1606740329, 390, 1, 3, 0, 0, 0.43%, 0, 0, 1, 372.97
1606740335, 392, 2, 3, 0, 0, 0.43%, 0, 0, 1, 360.78
1606740340, 395, 0, 3, 0, 0, 0.43%, 0, 0, 1, 355.88
1606740345, 397, 2, 3, 0, 0, 0.43%, 0, 0, 1, 371.13
1606740350, 400, 0, 3, 0, 0, 0.43%, 0, 0, 1, 366.80
1606740355, 402, 1, 3, 0, 0, 0.43%, 0, 0, 1, 362.01
1606740360, 405, 0, 3, 0, 0, 0.43%, 0, 0, 1, 371.63
1606740365, 407, 1, 3, 0, 0, 0.43%, 0, 0, 1, 358.42
1606740370, 410, 0, 3, 0, 0, 0.43%, 0, 0, 1, 372.22
1606740376, 412, 1, 3, 0, 0, 0.43%, 0, 0, 1, 363.34
1606740381, 414, 2, 3, 0, 0, 0.43%, 0, 0, 1, 368.20
1606740386, 417, 0, 3, 0, 0, 0.43%, 0, 0, 1, 367.01
1606740391, 419, 2, 3, 0, 0, 0.43%, 0, 0, 1, 362.85
1606740396, 422, 0, 3, 0, 0, 0.43%, 0, 0, 1, 370.20
1606740401, 424, 1, 3, 0, 0, 0.43%, 0, 0, 1, 361.41
1606740406, 426, 2, 3, 0, 0, 0.43%, 0, 0, 1, 351.24
1606740411, 429, 0, 3, 0, 0, 0.43%, 0, 0, 1, 349.34
1606740416, 431, 1, 3, 0, 0, 0.43%, 0, 0, 1, 353.15
1606740421, 433, 2, 3, 0, 0, 0.43%, 0, 0, 1, 343.36
1606740427, 436, 1, 3, 0, 0, 0.43%, 0, 0, 1, 361.21
1606740432, 438, 2, 3, 0, 0, 0.43%, 0, 0, 1, 356.94
1606740437, 441, 0, 3, 0, 0, 0.43%, 0, 0, 1, 371.69
1606740442, 443, 2, 3, 0, 0, 0.43%, 0, 0, 1, 376.90
1606740447, 446, 1, 3, 0, 0, 0.43%, 0, 0, 1, 376.59
1606740452, 448, 2, 3, 0, 0, 0.43%, 0, 0, 1, 358.21
1606740458, 451, 0, 3, 0, 0, 0.43%, 0, 0, 1, 372.23
1606740463, 453, 2, 3, 0, 0, 0.43%, 0, 0, 1, 354.57
1606740468, 456, 0, 3, 0, 0, 0.43%, 0, 0, 1, 365.83
1606740473, 458, 2, 3, 0, 0, 0.43%, 0, 0, 1, 375.67
1606740478, 461, 0, 3, 0, 0, 0.43%, 0, 0, 1, 365.40
1606740483, 463, 2, 3, 0, 0, 0.43%, 0, 0, 1, 372.47
1606740489, 466, 0, 3, 0, 0, 0.43%, 0, 0, 1, 371.23
1606740494, 468, 2, 3, 0, 0, 0.43%, 0, 0, 1, 375.80
1606740499, 471, 0, 3, 0, 0, 0.43%, 0, 0, 1, 375.17
1606740504, 473, 2, 3, 0, 0, 0.43%, 0, 0, 1, 362.85
1606740509, 476, 0, 3, 0, 0, 0.43%, 0, 0, 1, 361.54
1606740514, 478, 1, 3, 0, 0, 0.43%, 0, 0, 1, 365.92
1606740519, 480, 2, 3, 0, 0, 0.43%, 0, 0, 1, 367.08
1606740524, 483, 0, 3, 0, 0, 0.43%, 0, 0, 1, 364.45
1606740529, 485, 1, 3, 0, 0, 0.43%, 0, 0, 1, 359.85
1606740535, 488, 0, 3, 0, 0, 0.43%, 0, 0, 1, 367.48
1606740540, 490, 1, 3, 0, 0, 0.43%, 0, 0, 1, 368.94
1606740545, 492, 2, 3, 0, 0, 0.43%, 0, 0, 1, 363.50
1606740550, 495, 1, 3, 0, 0, 0.43%, 0, 0, 1, 370.29
1606740555, 497, 2, 3, 0, 0, 0.43%, 0, 0, 1, 354.50
1606740560, 500, 0, 3, 0, 0, 0.43%, 0, 0, 1, 363.89
1606740565, 502, 2, 3, 0, 0, 0.43%, 0, 0, 1, 363.52
1606740570, 504, 2, 3, 0, 0, 0.43%, 0, 0, 1, 352.80
1606740575, 507, 0, 3, 0, 0, 0.43%, 0, 0, 1, 358.19
1606740580, 509, 2, 3, 0, 0, 0.43%, 0, 0, 1, 364.79
1606740585, 512, 0, 3, 0, 0, 0.43%, 0, 0, 1, 363.14
1606740590, 514, 1, 3, 0, 0, 0.43%, 0, 0, 1, 366.90
1606740596, 517, 0, 3, 0, 0, 0.43%, 0, 0, 1, 375.17
1606740601, 519, 1, 3, 0, 0, 0.43%, 0, 0, 1, 376.83
1606740606, 522, 0, 3, 0, 0, 0.43%, 0, 0, 1, 375.88
1606740611, 524, 1, 3, 0, 0, 0.43%, 0, 0, 1, 367.95
1606740616, 526, 2, 3, 0, 0, 0.43%, 0, 0, 1, 369.27
1606740621, 529, 1, 3, 0, 0, 0.43%, 0, 0, 1, 372.04
1606740626, 531, 2, 3, 0, 0, 0.43%, 0, 0, 1, 369.35
1606740631, 534, 1, 3, 0, 0, 0.43%, 0, 0, 1, 365.92
1606740636, 536, 2, 3, 0, 0, 0.43%, 0, 0, 1, 363.55
1606740642, 539, 0, 3, 0, 0, 0.43%, 0, 0, 1, 366.33
1606740647, 541, 1, 3, 0, 0, 0.43%, 0, 0, 1, 372.74
1606740652, 544, 0, 3, 0, 0, 0.43%, 0, 0, 1, 365.58
1606740657, 546, 1, 3, 0, 0, 0.43%, 0, 0, 1, 364.67
1606740662, 548, 2, 3, 0, 0, 0.43%, 0, 0, 1, 370.66
1606740667, 551, 1, 3, 0, 0, 0.43%, 0, 0, 1, 365.59
1606740672, 553, 2, 3, 0, 0, 0.43%, 0, 0, 1, 368.28
1606740677, 556, 0, 3, 0, 0, 0.43%, 0, 0, 1, 367.37
1606740682, 558, 2, 3, 0, 0, 0.43%, 0, 0, 1, 368.43
1606740688, 561, 0, 3, 0, 0, 0.43%, 0, 0, 1, 376.55
1606740693, 563, 2, 3, 0, 0, 0.43%, 0, 0, 1, 368.01
1606740698, 566, 0, 3, 0, 0, 0.43%, 0, 0, 1, 369.94
1606740703, 568, 2, 3, 0, 0, 0.43%, 0, 0, 1, 372.68
1606740708, 571, 0, 3, 0, 0, 0.43%, 0, 0, 1, 369.57
1606740713, 573, 2, 3, 0, 0, 0.43%, 0, 0, 1, 370.66
1606740719, 576, 0, 3, 0, 0, 0.43%, 0, 0, 1, 366.14
1606740724, 578, 1, 3, 0, 0, 0.43%, 0, 0, 1, 367.49
1606740729, 581, 0, 3, 0, 0, 0.43%, 0, 0, 1, 375.51
1606740734, 583, 2, 3, 0, 0, 0.43%, 0, 0, 1, 377.28
1606740739, 586, 0, 3, 0, 0, 0.43%, 0, 0, 1, 378.47
1606740744, 588, 2, 3, 0, 0, 0.43%, 0, 0, 1, 377.49
1606740749, 591, 0, 3, 0, 0, 0.43%, 0, 0, 1, 372.10
1606740754, 593, 2, 3, 0, 0, 0.43%, 0, 0, 1, 377.91
1606740760, 596, 0, 3, 0, 0, 0.43%, 0, 0, 1, 376.07
1606740765, 598, 2, 3, 0, 0, 0.43%, 0, 0, 1, 374.24
1606740770, 601, 0, 3, 0, 0, 0.43%, 0, 0, 1, 375.53
1606740775, 603, 2, 3, 0, 0, 0.43%, 0, 0, 1, 370.96
1606740780, 606, 0, 3, 0, 0, 0.43%, 0, 0, 1, 371.37
1606740786, 608, 2, 3, 0, 0, 0.43%, 0, 0, 1, 379.99
1606740791, 611, 0, 3, 0, 0, 0.43%, 0, 0, 1, 371.09
1606740796, 613, 1, 3, 0, 0, 0.43%, 0, 0, 1, 364.68
1606740801, 616, 0, 3, 0, 0, 0.43%, 0, 0, 1, 367.88
1606740806, 618, 1, 3, 0, 0, 0.43%, 0, 0, 1, 372.78
1606740811, 621, 0, 3, 0, 0, 0.43%, 0, 0, 1, 371.16
1606740816, 623, 1, 3, 0, 0, 0.43%, 0, 0, 1, 368.81
1606740821, 625, 2, 3, 0, 0, 0.43%, 0, 0, 1, 368.58
1606740826, 628, 1, 3, 0, 0, 0.43%, 0, 0, 1, 375.18
1606740831, 630, 2, 3, 0, 0, 0.43%, 0, 0, 1, 363.65
1606740836, 633, 0, 3, 0, 0, 0.43%, 0, 0, 1, 373.51
1606740842, 635, 2, 3, 0, 0, 0.43%, 0, 0, 1, 374.28
1606740847, 638, 0, 3, 0, 0, 0.43%, 0, 0, 1, 368.08
1606740852, 640, 1, 3, 0, 0, 0.43%, 0, 0, 1, 357.28
1606740857, 643, 0, 3, 0, 0, 0.43%, 0, 0, 1, 365.51
1606740862, 645, 1, 3, 0, 0, 0.43%, 0, 0, 1, 371.89
1606740867, 647, 2, 3, 0, 0, 0.43%, 0, 0, 1, 351.81
1606740872, 650, 0, 3, 0, 0, 0.43%, 0, 0, 1, 352.82
1606740878, 652, 1, 3, 0, 0, 0.43%, 0, 0, 1, 348.16
1606740883, 654, 2, 3, 0, 0, 0.43%, 0, 0, 1, 348.66
1606740888, 657, 0, 3, 0, 0, 0.43%, 0, 0, 1, 357.59
1606740893, 659, 1, 3, 0, 0, 0.43%, 0, 0, 1, 357.85
1606740898, 661, 2, 3, 0, 0, 0.43%, 0, 0, 1, 360.77
1606740903, 664, 0, 3, 0, 0, 0.43%, 0, 0, 1, 357.08
1606740908, 666, 2, 3, 0, 0, 0.43%, 0, 0, 1, 361.86
1606740913, 669, 0, 3, 0, 0, 0.43%, 0, 0, 1, 357.36
1606740918, 671, 1, 3, 0, 0, 0.43%, 0, 0, 1, 359.25
1606740923, 673, 2, 3, 0, 0, 0.43%, 0, 0, 1, 362.52
1606740928, 676, 0, 3, 0, 0, 0.43%, 0, 0, 1, 364.01
1606740933, 678, 2, 3, 0, 0, 0.43%, 0, 0, 1, 374.31
1606740939, 681, 0, 3, 0, 0, 0.43%, 0, 0, 1, 376.09
1606740944, 683, 2, 3, 0, 0, 0.43%, 0, 0, 1, 377.87
1606740949, 686, 1, 3, 0, 0, 0.43%, 0, 0, 1, 378.56
1606740954, 688, 2, 3, 0, 0, 0.43%, 0, 0, 1, 375.42
1606740959, 691, 1, 3, 0, 0, 0.43%, 0, 0, 1, 377.18
1606740964, 693, 2, 3, 0, 0, 0.43%, 0, 0, 1, 364.58
1606740969, 696, 0, 3, 0, 0, 0.43%, 0, 0, 1, 354.43
1606740975, 698, 1, 3, 0, 0, 0.43%, 0, 0, 1, 369.26
1606740980, 701, 0, 3, 0, 0, 0.43%, 0, 0, 1, 370.65
1606740985, 703, 1, 3, 0, 0, 0.43%, 0, 0, 1, 371.41
1606740990, 705, 2, 3, 0, 0, 0.43%, 0, 0, 1, 362.11
1606740995, 708, 0, 3, 0, 0, 0.43%, 0, 0, 1, 356.58
1606741000, 710, 1, 3, 0, 0, 0.43%, 0, 0, 1, 353.84
1606741005, 712, 2, 3, 0, 0, 0.43%, 0, 0, 1, 345.44
1606741010, 715, 0, 3, 0, 0, 0.43%, 0, 0, 1, 342.84
1606741015, 717, 1, 3, 0, 0, 0.43%, 0, 0, 1, 347.47
1606741020, 719, 2, 3, 0, 0, 0.43%, 0, 0, 1, 347.89
1606741025, 722, 0, 3, 0, 0, 0.43%, 0, 0, 1, 345.32
1606741030, 724, 1, 3, 0, 0, 0.43%, 0, 0, 1, 346.42
1606741036, 726, 2, 3, 0, 0, 0.43%, 0, 0, 1, 348.52
1606741041, 729, 0, 3, 0, 0, 0.43%, 0, 0, 1, 353.90
1606741046, 731, 1, 3, 0, 0, 0.43%, 0, 0, 1, 346.21
1606741051, 733, 1, 3, 0, 0, 0.43%, 0, 0, 1, 348.06
1606741056, 735, 2, 3, 0, 0, 0.43%, 0, 0, 1, 345.77
1606741061, 738, 0, 3, 0, 0, 0.43%, 0, 0, 1, 343.95
1606741066, 740, 1, 3, 0, 0, 0.43%, 0, 0, 1, 356.05
1606741071, 742, 2, 3, 0, 0, 0.43%, 0, 0, 1, 358.37
1606741076, 745, 1, 3, 0, 0, 0.43%, 0, 0, 1, 367.48
1606741081, 747, 2, 3, 0, 0, 0.43%, 0, 0, 1, 372.78
1606741086, 750, 1, 3, 0, 0, 0.43%, 0, 0, 1, 374.17
1606741091, 752, 2, 3, 0, 0, 0.43%, 0, 0, 1, 367.73
1606741097, 755, 0, 3, 0, 0, 0.43%, 0, 0, 1, 373.91
1606741102, 757, 2, 3, 0, 0, 0.43%, 0, 0, 1, 374.49
1606741107, 760, 0, 3, 0, 0, 0.43%, 0, 0, 1, 374.35
1606741112, 762, 2, 3, 0, 0, 0.43%, 0, 0, 1, 373.32
1606741117, 765, 0, 3, 0, 0, 0.43%, 0, 0, 1, 375.41
1606741122, 767, 1, 3, 0, 0, 0.43%, 0, 0, 1, 359.67
1606741127, 770, 0, 3, 0, 0, 0.43%, 0, 0, 1, 363.82
1606741133, 772, 1, 3, 0, 0, 0.43%, 0, 0, 1, 369.15
1606741138, 774, 2, 3, 0, 0, 0.43%, 0, 0, 1, 358.95
1606741143, 777, 1, 3, 0, 0, 0.43%, 0, 0, 1, 366.90
1606741148, 779, 2, 3, 0, 0, 0.43%, 0, 0, 1, 370.94
1606741153, 782, 0, 3, 0, 0, 0.43%, 0, 0, 1, 360.40
1606741158, 784, 1, 3, 0, 0, 0.43%, 0, 0, 1, 363.03
1606741163, 786, 2, 3, 0, 0, 0.43%, 0, 0, 1, 356.96
1606741168, 789, 1, 3, 0, 0, 0.43%, 0, 0, 1, 369.12
1606741173, 791, 2, 3, 0, 0, 0.43%, 0, 0, 1, 374.05
1606741178, 794, 1, 3, 0, 0, 0.43%, 0, 0, 1, 374.05
1606741184, 796, 2, 3, 0, 0, 0.43%, 0, 0, 1, 374.08
1606741189, 799, 0, 3, 0, 0, 0.43%, 0, 0, 1, 359.95
1606741194, 801, 1, 3, 0, 0, 0.43%, 0, 0, 1, 355.93
1606741199, 803, 2, 3, 0, 0, 0.43%, 0, 0, 1, 363.60
1606741204, 806, 1, 3, 0, 0, 0.43%, 0, 0, 1, 371.64
1606741209, 808, 2, 3, 0, 0, 0.43%, 0, 0, 1, 372.13
1606741214, 811, 0, 3, 0, 0, 0.43%, 0, 0, 1, 363.51
1606741219, 813, 1, 3, 0, 0, 0.43%, 0, 0, 1, 355.63
1606741224, 815, 2, 3, 0, 0, 0.43%, 0, 0, 1, 358.01
1606741229, 818, 0, 3, 0, 0, 0.43%, 0, 0, 1, 351.86
1606741234, 820, 2, 3, 0, 0, 0.43%, 0, 0, 1, 368.64
1606741239, 823, 0, 3, 0, 0, 0.43%, 0, 0, 1, 363.77
1606741244, 825, 1, 3, 0, 0, 0.43%, 0, 0, 1, 368.26
1606741249, 827, 2, 3, 0, 0, 0.43%, 0, 0, 1, 367.34
1606741254, 830, 1, 3, 0, 0, 0.43%, 0, 0, 1, 366.28
1606741259, 832, 2, 3, 0, 0, 0.43%, 0, 0, 1, 364.65
1606741264, 835, 0, 3, 0, 0, 0.43%, 0, 0, 1, 369.31
1606741270, 837, 1, 3, 0, 0, 0.43%, 0, 0, 1, 364.47
1606741275, 839, 2, 3, 0, 0, 0.43%, 0, 0, 1, 352.17
1606741280, 842, 0, 3, 0, 0, 0.43%, 0, 0, 1, 355.26
1606741285, 844, 1, 3, 0, 0, 0.43%, 0, 0, 1, 346.84
1606741290, 847, 0, 3, 0, 0, 0.43%, 0, 0, 1, 364.21
1606741295, 849, 0, 3, 0, 0, 0.43%, 0, 0, 1, 342.55
1606741300, 851, 2, 3, 0, 0, 0.43%, 0, 0, 1, 366.79
1606741305, 854, 0, 3, 0, 0, 0.43%, 0, 0, 1, 371.42
1606741310, 856, 2, 3, 0, 0, 0.43%, 0, 0, 1, 373.35
1606741316, 859, 0, 3, 0, 0, 0.43%, 0, 0, 1, 375.24
1606741321, 861, 1, 3, 0, 0, 0.43%, 0, 0, 1, 365.51
1606741326, 864, 0, 3, 0, 0, 0.43%, 0, 0, 1, 360.93
1606741331, 866, 1, 3, 0, 0, 0.43%, 0, 0, 1, 367.93
1606741336, 868, 2, 3, 0, 0, 0.43%, 0, 0, 1, 362.24
1606741341, 871, 0, 3, 0, 0, 0.43%, 0, 0, 1, 361.17
1606741346, 873, 1, 3, 0, 0, 0.43%, 0, 0, 1, 353.94
1606741351, 875, 1, 3, 0, 0, 0.43%, 0, 0, 1, 320.67
1606741356, 877, 2, 3, 0, 0, 0.43%, 0, 0, 1, 343.68
1606741361, 880, 0, 3, 0, 0, 0.43%, 0, 0, 1, 349.33
1606741366, 882, 1, 3, 0, 0, 0.43%, 0, 0, 1, 352.04
1606741371, 884, 2, 3, 0, 0, 0.43%, 0, 0, 1, 353.07
1606741377, 887, 0, 3, 0, 0, 0.43%, 0, 0, 1, 353.99
1606741382, 889, 1, 3, 0, 0, 0.43%, 0, 0, 1, 356.28
1606741387, 891, 2, 3, 0, 0, 0.43%, 0, 0, 1, 356.85
1606741392, 894, 0, 3, 0, 0, 0.43%, 0, 0, 1, 358.22
1606741397, 896, 1, 3, 0, 0, 0.43%, 0, 0, 1, 352.27
1606741402, 898, 2, 3, 0, 0, 0.43%, 0, 0, 1, 356.73
1606741407, 901, 1, 3, 0, 0, 0.43%, 0, 0, 1, 357.62
1606741412, 903, 2, 3, 0, 0, 0.43%, 0, 0, 1, 355.91
1606741417, 906, 0, 3, 0, 0, 0.43%, 0, 0, 1, 356.40
1606741422, 908, 1, 3, 0, 0, 0.43%, 0, 0, 1, 356.86
1606741427, 910, 2, 3, 0, 0, 0.43%, 0, 0, 1, 353.04
1606741432, 913, 0, 3, 0, 0, 0.43%, 0, 0, 1, 357.03
1606741437, 915, 1, 3, 0, 0, 0.43%, 0, 0, 1, 357.72
1606741442, 917, 2, 3, 0, 0, 0.43%, 0, 0, 1, 357.88
1606741447, 920, 0, 3, 0, 0, 0.43%, 0, 0, 1, 357.80
1606741452, 922, 1, 3, 0, 0, 0.43%, 0, 0, 1, 350.47
1606741458, 924, 2, 3, 0, 0, 0.43%, 0, 0, 1, 347.24
1606741463, 927, 0, 3, 0, 0, 0.43%, 0, 0, 1, 355.81
1606741468, 929, 1, 3, 0, 0, 0.43%, 0, 0, 1, 356.10
1606741473, 931, 2, 3, 0, 0, 0.43%, 0, 0, 1, 351.34
1606741478, 934, 0, 3, 0, 0, 0.43%, 0, 0, 1, 353.75
1606741483, 936, 1, 3, 0, 0, 0.43%, 0, 0, 1, 352.61
1606741488, 938, 1, 3, 0, 0, 0.43%, 0, 0, 1, 345.78
1606741493, 940, 2, 3, 0, 0, 0.43%, 0, 0, 1, 350.67
1606741498, 943, 0, 3, 0, 0, 0.43%, 0, 0, 1, 343.03
1606741503, 945, 1, 3, 0, 0, 0.43%, 0, 0, 1, 353.98
1606741508, 947, 2, 3, 0, 0, 0.43%, 0, 0, 1, 355.26
1606741513, 950, 0, 3, 0, 0, 0.43%, 0, 0, 1, 351.04
1606741518, 952, 1, 3, 0, 0, 0.43%, 0, 0, 1, 355.95
1606741523, 954, 2, 3, 0, 0, 0.43%, 0, 0, 1, 356.99
1606741528, 957, 0, 3, 0, 0, 0.43%, 0, 0, 1, 359.05
1606741533, 959, 1, 3, 0, 0, 0.43%, 0, 0, 1, 346.07
1606741538, 961, 1, 3, 0, 0, 0.43%, 0, 0, 1, 327.03
1606741543, 963, 2, 3, 0, 0, 0.43%, 0, 0, 1, 314.03
1606741548, 965, 2, 3, 0, 0, 0.43%, 0, 0, 1, 335.80
1606741554, 968, 0, 3, 0, 0, 0.43%, 0, 0, 1, 345.59
1606741559, 970, 1, 3, 0, 0, 0.43%, 0, 0, 1, 354.61
1606741564, 972, 2, 3, 0, 0, 0.43%, 0, 0, 1, 342.55
1606741569, 975, 0, 3, 0, 0, 0.43%, 0, 0, 1, 340.56
1606741574, 976, 2, 3, 0, 0, 0.43%, 0, 0, 1, 296.19
1606741579, 978, 1, 3, 0, 0, 0.43%, 0, 0, 1, 264.91
1606741584, 980, 1, 3, 0, 0, 0.43%, 0, 0, 1, 265.22
1606741589, 982, 0, 3, 0, 0, 0.43%, 0, 0, 1, 277.73
1606741594, 984, 1, 3, 0, 0, 0.43%, 0, 0, 1, 332.88
1606741599, 986, 2, 3, 0, 0, 0.43%, 0, 0, 1, 327.54
1606741605, 989, 0, 3, 0, 0, 0.43%, 0, 0, 1, 338.99
1606741610, 991, 1, 3, 0, 0, 0.43%, 0, 0, 1, 346.17
1606741615, 993, 1, 3, 0, 0, 0.43%, 0, 0, 1, 331.13
1606741620, 995, 1, 3, 0, 0, 0.43%, 0, 0, 1, 315.25
1606741625, 997, 2, 3, 0, 0, 0.43%, 0, 0, 1, 342.74
1606741630, 1000, 0, 3, 0, 0, 0.43%, 0, 0, 1, 344.91
1606741635, 1002, 1, 3, 0, 0, 0.43%, 0, 0, 1, 333.23
1606741640, 1004, 2, 3, 0, 0, 0.43%, 0, 0, 1, 338.23
1606741645, 1006, 2, 3, 0, 0, 0.43%, 0, 0, 1, 317.12
1606741651, 1009, 0, 3, 0, 0, 0.43%, 0, 0, 1, 338.76
1606741656, 1010, 2, 3, 0, 0, 0.43%, 0, 0, 1, 280.35
1606741661, 1012, 2, 3, 0, 0, 0.43%, 0, 0, 1, 288.28
1606741666, 1015, 0, 3, 0, 0, 0.43%, 0, 0, 1, 340.81
1606741671, 1017, 1, 3, 0, 0, 0.43%, 0, 0, 1, 344.05
1606741676, 1019, 2, 3, 0, 0, 0.43%, 0, 0, 1, 348.07
1606741681, 1022, 0, 3, 0, 0, 0.43%, 0, 0, 1, 347.75
1606741686, 1024, 0, 3, 0, 0, 0.43%, 0, 0, 1, 342.48
1606741691, 1026, 1, 3, 0, 0, 0.43%, 0, 0, 1, 349.94
1606741696, 1028, 2, 3, 0, 0, 0.43%, 0, 0, 1, 356.62
1606741701, 1031, 0, 3, 0, 0, 0.43%, 0, 0, 1, 355.97
1606741706, 1033, 1, 3, 0, 0, 0.43%, 0, 0, 1, 360.40
1606741711, 1036, 0, 3, 0, 0, 0.43%, 0, 0, 1, 362.53
1606741716, 1038, 1, 3, 0, 0, 0.43%, 0, 0, 1, 364.10
1606741721, 1040, 2, 3, 0, 0, 0.43%, 0, 0, 1, 361.28
1606741726, 1043, 0, 3, 0, 0, 0.43%, 0, 0, 1, 362.32
1606741731, 1045, 1, 3, 0, 0, 0.43%, 0, 0, 1, 356.54
1606741737, 1047, 2, 3, 0, 0, 0.43%, 0, 0, 1, 361.38
1606741742, 1050, 0, 3, 0, 0, 0.43%, 0, 0, 1, 357.63
1606741747, 1052, 1, 3, 0, 0, 0.43%, 0, 0, 1, 351.85
1606741752, 1054, 1, 3, 0, 0, 0.43%, 0, 0, 1, 327.59
1606741757, 1056, 2, 3, 0, 0, 0.43%, 0, 0, 1, 330.07
1606741762, 1059, 0, 3, 0, 0, 0.43%, 0, 0, 1, 338.10
1606741767, 1061, 0, 3, 0, 0, 0.43%, 0, 0, 1, 320.70
1606741772, 1063, 1, 3, 0, 0, 0.43%, 0, 0, 1, 319.72
1606741777, 1065, 2, 3, 0, 0, 0.43%, 0, 0, 1, 336.00
1606741783, 1068, 0, 3, 0, 0, 0.43%, 0, 0, 1, 349.74
1606741788, 1070, 1, 3, 0, 0, 0.43%, 0, 0, 1, 346.37
1606741793, 1072, 2, 3, 0, 0, 0.43%, 0, 0, 1, 338.70
1606741798, 1074, 2, 3, 0, 0, 0.43%, 0, 0, 1, 330.55
1606741803, 1077, 0, 3, 0, 0, 0.43%, 0, 0, 1, 347.72
1606741808, 1079, 1, 3, 0, 0, 0.43%, 0, 0, 1, 339.92
1606741813, 1081, 1, 3, 0, 0, 0.43%, 0, 0, 1, 329.87
1606741818, 1083, 2, 3, 0, 0, 0.43%, 0, 0, 1, 353.00
1606741823, 1086, 0, 3, 0, 0, 0.43%, 0, 0, 1, 355.91
1606741828, 1088, 1, 3, 0, 0, 0.43%, 0, 0, 1, 355.15
1606741833, 1091, 0, 3, 0, 0, 0.43%, 0, 0, 1, 367.83
1606741838, 1093, 1, 3, 0, 0, 0.43%, 0, 0, 1, 357.17
1606741843, 1095, 2, 3, 0, 0, 0.43%, 0, 0, 1, 364.78
1606741848, 1098, 0, 3, 0, 0, 0.43%, 0, 0, 1, 355.65
1606741853, 1100, 1, 3, 0, 0, 0.43%, 0, 0, 1, 364.58
1606741859, 1102, 2, 3, 0, 0, 0.43%, 0, 0, 1, 363.71
1606741864, 1105, 0, 3, 0, 0, 0.43%, 0, 0, 1, 352.33
1606741869, 1107, 1, 3, 0, 0, 0.43%, 0, 0, 1, 333.94
1606741874, 1109, 2, 3, 0, 0, 0.43%, 0, 0, 1, 355.31
1606741879, 1112, 0, 3, 0, 0, 0.43%, 0, 0, 1, 361.11
1606741884, 1114, 1, 3, 0, 0, 0.43%, 0, 0, 1, 363.19
1606741889, 1116, 1, 3, 0, 0, 0.43%, 0, 0, 1, 298.62
1606741894, 1118, 0, 3, 0, 0, 0.43%, 0, 0, 1, 274.88
1606741899, 1119, 2, 3, 0, 0, 0.43%, 0, 0, 1, 273.79
1606741904, 1121, 2, 3, 0, 0, 0.43%, 0, 0, 1, 279.59
1606741909, 1123, 2, 3, 0, 0, 0.43%, 0, 0, 1, 277.08
1606741915, 1125, 2, 3, 0, 0, 0.43%, 0, 0, 1, 276.97
1606741920, 1127, 2, 3, 0, 0, 0.43%, 0, 0, 1, 322.30
1606741925, 1129, 2, 3, 0, 0, 0.43%, 0, 0, 1, 324.33
1606741930, 1132, 0, 3, 0, 0, 0.43%, 0, 0, 1, 353.77
1606741935, 1134, 2, 3, 0, 0, 0.43%, 0, 0, 1, 364.36
1606741940, 1137, 0, 3, 0, 0, 0.43%, 0, 0, 1, 367.87
1606741945, 1139, 1, 3, 0, 0, 0.43%, 0, 0, 1, 366.60
1606741950, 1142, 0, 3, 0, 0, 0.43%, 0, 0, 1, 375.58
1606741955, 1144, 1, 3, 0, 0, 0.43%, 0, 0, 1, 377.67
1606741961, 1147, 0, 3, 0, 0, 0.43%, 0, 0, 1, 377.41
1606741966, 1149, 2, 3, 0, 0, 0.43%, 0, 0, 1, 378.74
1606741971, 1152, 0, 3, 0, 0, 0.43%, 0, 0, 1, 378.09
1606741976, 1154, 2, 3, 0, 0, 0.43%, 0, 0, 1, 369.89
1606741981, 1157, 0, 3, 0, 0, 0.43%, 0, 0, 1, 377.04
1606741986, 1159, 2, 3, 0, 0, 0.43%, 0, 0, 1, 376.06
1606741992, 1162, 1, 3, 0, 0, 0.43%, 0, 0, 1, 377.57
1606741997, 1164, 2, 3, 0, 0, 0.43%, 0, 0, 1, 378.93
1606742002, 1167, 1, 3, 0, 0, 0.43%, 0, 0, 1, 380.26
1606742007, 1170, 0, 3, 0, 0, 0.43%, 0, 0, 1, 380.25
1606742012, 1172, 1, 3, 0, 0, 0.43%, 0, 0, 1, 377.30
1606742017, 1175, 0, 3, 0, 0, 0.43%, 0, 0, 1, 371.71
1606742023, 1177, 1, 3, 0, 0, 0.43%, 0, 0, 1, 371.27
1606742028, 1179, 2, 3, 0, 0, 0.43%, 0, 0, 1, 372.00
1606742033, 1182, 1, 3, 0, 0, 0.43%, 0, 0, 1, 370.38
1606742038, 1184, 2, 3, 0, 0, 0.43%, 0, 0, 1, 374.77
1606742043, 1187, 1, 3, 0, 0, 0.43%, 0, 0, 1, 373.21
1606742048, 1189, 2, 3, 0, 0, 0.43%, 0, 0, 1, 376.54
1606742054, 1192, 1, 3, 0, 0, 0.43%, 0, 0, 1, 366.77
1606742059, 1194, 2, 3, 0, 0, 0.43%, 0, 0, 1, 372.30
1606742064, 1197, 1, 3, 0, 0, 0.43%, 0, 0, 1, 368.63
1606742069, 1199, 2, 3, 0, 0, 0.43%, 0, 0, 1, 365.20
1606742074, 1202, 1, 3, 0, 0, 0.43%, 0, 0, 1, 369.75
1606742079, 1204, 2, 3, 0, 0, 0.43%, 0, 0, 1, 377.26
1606742084, 1207, 1, 3, 0, 0, 0.43%, 0, 0, 1, 379.26
1606742089, 1209, 2, 3, 0, 0, 0.43%, 0, 0, 1, 380.61
1606742095, 1212, 1, 3, 0, 0, 0.43%, 0, 0, 1, 362.54
1606742100, 1214, 1, 3, 0, 0, 0.43%, 0, 0, 1, 344.50
1606742105, 1217, 0, 3, 0, 0, 0.43%, 0, 0, 1, 371.75
1606742110, 1219, 2, 3, 0, 0, 0.43%, 0, 0, 1, 376.96
1606742115, 1222, 0, 3, 0, 0, 0.43%, 0, 0, 1, 373.56
1606742120, 1224, 2, 3, 0, 0, 0.43%, 0, 0, 1, 375.18
1606742126, 1227, 0, 3, 0, 0, 0.43%, 0, 0, 1, 377.07
1606742131, 1229, 2, 3, 0, 0, 0.43%, 0, 0, 1, 377.83
1606742136, 1232, 1, 3, 0, 0, 0.43%, 0, 0, 1, 377.40
1606742141, 1234, 2, 3, 0, 0, 0.43%, 0, 0, 1, 374.15
1606742146, 1237, 0, 3, 0, 0, 0.43%, 0, 0, 1, 374.28
1606742151, 1239, 2, 3, 0, 0, 0.43%, 0, 0, 1, 377.07
1606742156, 1242, 0, 3, 0, 0, 0.43%, 0, 0, 1, 367.71
1606742161, 1244, 2, 3, 0, 0, 0.43%, 0, 0, 1, 372.50
1606742167, 1247, 0, 3, 0, 0, 0.43%, 0, 0, 1, 378.35
1606742172, 1249, 2, 3, 0, 0, 0.43%, 0, 0, 1, 380.41
1606742177, 1252, 1, 3, 0, 0, 0.43%, 0, 0, 1, 380.14
1606742182, 1254, 2, 3, 0, 0, 0.43%, 0, 0, 1, 380.57
1606742187, 1257, 1, 3, 0, 0, 0.43%, 0, 0, 1, 379.24
1606742192, 1260, 0, 3, 0, 0, 0.43%, 0, 0, 1, 380.28
1606742197, 1262, 1, 3, 0, 0, 0.43%, 0, 0, 1, 378.56
1606742203, 1265, 0, 3, 0, 0, 0.43%, 0, 0, 1, 379.17
1606742208, 1267, 2, 3, 0, 0, 0.43%, 0, 0, 1, 379.86
1606742213, 1270, 0, 3, 0, 0, 0.43%, 0, 0, 1, 367.14
1606742218, 1272, 2, 3, 0, 0, 0.43%, 0, 0, 1, 376.88
1606742223, 1275, 0, 3, 0, 0, 0.43%, 0, 0, 1, 379.43
1606742228, 1277, 2, 3, 0, 0, 0.43%, 0, 0, 1, 379.50
1606742234, 1280, 0, 3, 0, 0, 0.43%, 0, 0, 1, 380.21
1606742239, 1282, 2, 3, 0, 0, 0.43%, 0, 0, 1, 367.16
1606742244, 1285, 0, 3, 0, 0, 0.43%, 0, 0, 1, 365.07
1606742249, 1287, 1, 3, 0, 0, 0.43%, 0, 0, 1, 357.08
1606742254, 1289, 2, 3, 0, 0, 0.43%, 0, 0, 1, 360.69
1606742259, 1292, 1, 3, 0, 0, 0.43%, 0, 0, 1, 367.13
1606742264, 1294, 2, 3, 0, 0, 0.43%, 0, 0, 1, 360.42
1606742270, 1297, 0, 3, 0, 0, 0.43%, 0, 0, 1, 366.89
1606742275, 1299, 2, 3, 0, 0, 0.43%, 0, 0, 1, 372.95
1606742280, 1302, 0, 3, 0, 0, 0.43%, 0, 0, 1, 363.41
1606742285, 1304, 2, 3, 0, 0, 0.43%, 0, 0, 1, 376.36
1606742290, 1307, 0, 3, 0, 0, 0.43%, 0, 0, 1, 381.06
1606742295, 1309, 2, 3, 0, 0, 0.43%, 0, 0, 1, 382.10
1606742300, 1312, 1, 3, 0, 0, 0.43%, 0, 0, 1, 382.89
1606742306, 1314, 2, 3, 0, 0, 0.43%, 0, 0, 1, 380.48
1606742311, 1317, 1, 3, 0, 0, 0.43%, 0, 0, 1, 380.66
1606742316, 1320, 0, 3, 0, 0, 0.43%, 0, 0, 1, 382.23
1606742321, 1322, 1, 3, 0, 0, 0.43%, 0, 0, 1, 384.15
1606742326, 1325, 0, 3, 0, 0, 0.43%, 0, 0, 1, 384.72
1606742331, 1327, 2, 3, 0, 0, 0.43%, 0, 0, 1, 383.71
1606742336, 1330, 0, 3, 0, 0, 0.43%, 0, 0, 1, 383.66
1606742341, 1332, 2, 3, 0, 0, 0.43%, 0, 0, 1, 366.56
1606742346, 1334, 2, 3, 0, 0, 0.43%, 0, 0, 1, 349.67
1606742351, 1337, 1, 3, 0, 0, 0.43%, 0, 0, 1, 357.56
1606742356, 1339, 2, 3, 0, 0, 0.43%, 0, 0, 1, 378.60
1606742362, 1342, 1, 3, 0, 0, 0.43%, 0, 0, 1, 379.08
1606742367, 1345, 0, 3, 0, 0, 0.43%, 0, 0, 1, 375.09
1606742372, 1347, 1, 3, 0, 0, 0.43%, 0, 0, 1, 379.99
1606742377, 1350, 0, 3, 0, 0, 0.43%, 0, 0, 1, 380.34
1606742382, 1352, 2, 3, 0, 0, 0.43%, 0, 0, 1, 381.21
1606742387, 1355, 0, 3, 0, 0, 0.43%, 0, 0, 1, 381.57
1606742393, 1357, 2, 3, 0, 0, 0.43%, 0, 0, 1, 380.75
1606742398, 1360, 1, 3, 0, 0, 0.43%, 0, 0, 1, 379.20
1606742403, 1362, 2, 3, 0, 0, 0.43%, 0, 0, 1, 376.94
1606742408, 1365, 1, 3, 0, 0, 0.43%, 0, 0, 1, 379.52
1606742413, 1367, 2, 3, 0, 0, 0.43%, 0, 0, 1, 380.77
1606742418, 1370, 1, 3, 0, 0, 0.43%, 0, 0, 1, 380.60
1606742424, 1373, 0, 3, 0, 0, 0.43%, 0, 0, 1, 381.01
1606742429, 1375, 1, 3, 0, 0, 0.43%, 0, 0, 1, 373.75
1606742434, 1378, 0, 3, 0, 0, 0.43%, 0, 0, 1, 373.00
1606742439, 1380, 1, 3, 0, 0, 0.43%, 0, 0, 1, 359.28
1606742444, 1382, 2, 3, 0, 0, 0.43%, 0, 0, 1, 359.20
1606742449, 1385, 0, 3, 0, 0, 0.43%, 0, 0, 1, 353.09
1606742454, 1387, 2, 3, 0, 0, 0.43%, 0, 0, 1, 376.41
1606742459, 1390, 0, 3, 0, 0, 0.43%, 0, 0, 1, 380.21
1606742465, 1392, 2, 3, 0, 0, 0.43%, 0, 0, 1, 382.13
1606742470, 1395, 1, 3, 0, 0, 0.43%, 0, 0, 1, 382.29
1606742475, 1397, 2, 3, 0, 0, 0.43%, 0, 0, 1, 382.22
1606742480, 1400, 1, 3, 0, 0, 0.43%, 0, 0, 1, 382.26
1606742485, 1403, 0, 3, 0, 0, 0.43%, 0, 0, 1, 381.79
1606742490, 1405, 1, 3, 0, 0, 0.43%, 0, 0, 1, 381.67
1606742495, 1408, 0, 3, 0, 0, 0.43%, 0, 0, 1, 381.79
1606742500, 1410, 1, 3, 0, 0, 0.43%, 0, 0, 1, 381.42
1606742506, 1413, 0, 3, 0, 0, 0.43%, 0, 0, 1, 381.12
1606742511, 1415, 2, 3, 0, 0, 0.43%, 0, 0, 1, 382.02
1606742516, 1418, 0, 3, 0, 0, 0.43%, 0, 0, 1, 382.17
1606742521, 1420, 2, 3, 0, 0, 0.43%, 0, 0, 1, 380.18
1606742526, 1423, 1, 3, 0, 0, 0.43%, 0, 0, 1, 382.50
1606742531, 1425, 2, 3, 0, 0, 0.43%, 0, 0, 1, 381.98
1606742536, 1428, 1, 3, 0, 0, 0.43%, 0, 0, 1, 382.31
1606742542, 1431, 0, 3, 0, 0, 0.43%, 0, 0, 1, 380.33
1606742547, 1433, 1, 3, 0, 0, 0.43%, 0, 0, 1, 381.41
1606742552, 1436, 0, 3, 0, 0, 0.43%, 0, 0, 1, 379.16
1606742557, 1438, 2, 3, 0, 0, 0.43%, 0, 0, 1, 378.75
1606742562, 1441, 0, 3, 0, 0, 0.43%, 0, 0, 1, 379.83
1606742567, 1443, 2, 3, 0, 0, 0.43%, 0, 0, 1, 380.09
1606742572, 1446, 1, 3, 0, 0, 0.43%, 0, 0, 1, 381.81
1606742577, 1448, 2, 3, 0, 0, 0.43%, 0, 0, 1, 379.77
1606742583, 1451, 1, 3, 0, 0, 0.43%, 0, 0, 1, 380.55
1606742588, 1453, 2, 3, 0, 0, 0.43%, 0, 0, 1, 359.11
1606742593, 1456, 0, 3, 0, 0, 0.43%, 0, 0, 1, 377.39
1606742598, 1458, 2, 3, 0, 0, 0.43%, 0, 0, 1, 380.79
1606742603, 1461, 1, 3, 0, 0, 0.43%, 0, 0, 1, 382.24
1606742608, 1463, 2, 3, 0, 0, 0.43%, 0, 0, 1, 381.01
1606742613, 1466, 1, 3, 0, 0, 0.43%, 0, 0, 1, 378.23
1606742618, 1469, 0, 3, 0, 0, 0.43%, 0, 0, 1, 381.15
1606742624, 1471, 1, 3, 0, 0, 0.43%, 0, 0, 1, 382.93
1606742629, 1474, 0, 3, 0, 0, 0.43%, 0, 0, 1, 382.74
1606742634, 1476, 2, 3, 0, 0, 0.43%, 0, 0, 1, 382.30
1606742639, 1479, 0, 3, 0, 0, 0.43%, 0, 0, 1, 381.48
1606742644, 1481, 2, 3, 0, 0, 0.43%, 0, 0, 1, 382.29
1606742649, 1484, 0, 3, 0, 0, 0.43%, 0, 0, 1, 381.85
1606742654, 1486, 2, 3, 0, 0, 0.43%, 0, 0, 1, 382.80
1606742659, 1489, 1, 3, 0, 0, 0.43%, 0, 0, 1, 382.38
1606742665, 1491, 2, 3, 0, 0, 0.43%, 0, 0, 1, 383.02
1606742670, 1494, 1, 3, 0, 0, 0.43%, 0, 0, 1, 382.38
1606742675, 1497, 0, 3, 0, 0, 0.43%, 0, 0, 1, 375.11
1606742680, 1499, 1, 3, 0, 0, 0.43%, 0, 0, 1, 382.21
1606742685, 1502, 0, 3, 0, 0, 0.43%, 0, 0, 1, 383.87
1606742690, 1504, 2, 3, 0, 0, 0.43%, 0, 0, 1, 382.29
1606742695, 1507, 0, 3, 0, 0, 0.43%, 0, 0, 1, 383.18
1606742701, 1509, 2, 3, 0, 0, 0.43%, 0, 0, 1, 383.59
1606742706, 1512, 1, 3, 0, 0, 0.43%, 0, 0, 1, 383.07
1606742711, 1515, 0, 3, 0, 0, 0.43%, 0, 0, 1, 383.12
1606742716, 1517, 1, 3, 0, 0, 0.43%, 0, 0, 1, 383.02
1606742721, 1520, 0, 3, 0, 0, 0.43%, 0, 0, 1, 381.27
1606742726, 1522, 2, 3, 0, 0, 0.43%, 0, 0, 1, 383.36
1606742731, 1525, 0, 3, 0, 0, 0.43%, 0, 0, 1, 383.52
1606742737, 1527, 2, 3, 0, 0, 0.43%, 0, 0, 1, 383.02
1606742742, 1530, 1, 3, 0, 0, 0.43%, 0, 0, 1, 383.58
1606742747, 1532, 2, 3, 0, 0, 0.43%, 0, 0, 1, 383.21
1606742752, 1535, 1, 3, 0, 0, 0.43%, 0, 0, 1, 383.06
1606742757, 1538, 0, 3, 0, 0, 0.43%, 0, 0, 1, 383.31
1606742762, 1540, 1, 3, 0, 0, 0.43%, 0, 0, 1, 383.13
1606742767, 1543, 0, 3, 0, 0, 0.43%, 0, 0, 1, 384.02
1606742773, 1545, 2, 3, 0, 0, 0.43%, 0, 0, 1, 383.78
1606742778, 1548, 1, 3, 0, 0, 0.43%, 0, 0, 1, 383.35
1606742783, 1550, 2, 3, 0, 0, 0.43%, 0, 0, 1, 383.25
1606742788, 1553, 1, 3, 0, 0, 0.43%, 0, 0, 1, 383.88
1606742793, 1556, 0, 3, 0, 0, 0.43%, 0, 0, 1, 382.88
1606742798, 1558, 1, 3, 0, 0, 0.43%, 0, 0, 1, 382.58
1606742803, 1561, 0, 3, 0, 0, 0.43%, 0, 0, 1, 383.71
1606742808, 1563, 2, 3, 0, 0, 0.43%, 0, 0, 1, 382.94
1606742814, 1566, 0, 3, 0, 0, 0.43%, 0, 0, 1, 383.34
1606742819, 1568, 2, 3, 0, 0, 0.43%, 0, 0, 1, 383.99
1606742824, 1571, 1, 3, 0, 0, 0.43%, 0, 0, 1, 383.73
1606742829, 1573, 2, 3, 0, 0, 0.43%, 0, 0, 1, 383.64
1606742834, 1576, 1, 3, 0, 0, 0.43%, 0, 0, 1, 382.95
1606742839, 1579, 0, 3, 0, 0, 0.43%, 0, 0, 1, 382.28
1606742844, 1581, 1, 3, 0, 0, 0.43%, 0, 0, 1, 382.56
1606742850, 1584, 0, 3, 0, 0, 0.43%, 0, 0, 1, 382.96
1606742855, 1586, 2, 3, 0, 0, 0.43%, 0, 0, 1, 383.22
1606742860, 1589, 0, 3, 0, 0, 0.43%, 0, 0, 1, 383.39
1606742865, 1591, 2, 3, 0, 0, 0.43%, 0, 0, 1, 383.79
1606742870, 1594, 1, 3, 0, 0, 0.43%, 0, 0, 1, 382.95
1606742875, 1596, 2, 3, 0, 0, 0.43%, 0, 0, 1, 383.41
1606742880, 1599, 1, 3, 0, 0, 0.43%, 0, 0, 1, 383.13
1606742885, 1602, 0, 3, 0, 0, 0.43%, 0, 0, 1, 383.49
1606742891, 1604, 2, 3, 0, 0, 0.43%, 0, 0, 1, 382.59
1606742896, 1607, 0, 3, 0, 0, 0.43%, 0, 0, 1, 382.94
1606742901, 1609, 2, 3, 0, 0, 0.43%, 0, 0, 1, 383.63
1606742906, 1612, 1, 3, 0, 0, 0.43%, 0, 0, 1, 383.94
1606742911, 1614, 2, 3, 0, 0, 0.43%, 0, 0, 1, 384.30
1606742916, 1617, 1, 3, 0, 0, 0.43%, 0, 0, 1, 384.37
1606742921, 1620, 0, 3, 0, 0, 0.43%, 0, 0, 1, 380.41
1606742927, 1622, 1, 3, 0, 0, 0.43%, 0, 0, 1, 377.37
1606742932, 1625, 0, 3, 0, 0, 0.43%, 0, 0, 1, 379.05
1606742937, 1627, 2, 3, 0, 0, 0.43%, 0, 0, 1, 382.30
1606742942, 1630, 0, 3, 0, 0, 0.43%, 0, 0, 1, 383.25
1606742947, 1632, 2, 3, 0, 0, 0.43%, 0, 0, 1, 382.28
1606742952, 1635, 1, 3, 0, 0, 0.43%, 0, 0, 1, 381.96
1606742958, 1637, 2, 3, 0, 0, 0.43%, 0, 0, 1, 381.91
1606742963, 1640, 1, 3, 0, 0, 0.43%, 0, 0, 1, 381.83
1606742968, 1643, 0, 3, 0, 0, 0.43%, 0, 0, 1, 382.92
1606742973, 1645, 1, 3, 0, 0, 0.43%, 0, 0, 1, 382.83
1606742978, 1648, 0, 3, 0, 0, 0.43%, 0, 0, 1, 382.82
1606742983, 1650, 2, 3, 0, 0, 0.43%, 0, 0, 1, 381.60
1606742988, 1653, 0, 3, 0, 0, 0.43%, 0, 0, 1, 382.11
1606742993, 1655, 2, 3, 0, 0, 0.43%, 0, 0, 1, 382.81
1606742999, 1658, 1, 3, 0, 0, 0.43%, 0, 0, 1, 381.68
1606743004, 1660, 2, 3, 0, 0, 0.43%, 0, 0, 1, 382.56
1606743009, 1663, 1, 3, 0, 0, 0.43%, 0, 0, 1, 381.79
1606743014, 1666, 0, 3, 0, 0, 0.43%, 0, 0, 1, 382.58
1606743019, 1668, 1, 3, 0, 0, 0.43%, 0, 0, 1, 382.74
1606743024, 1671, 0, 3, 0, 0, 0.43%, 0, 0, 1, 382.09
1606743029, 1673, 2, 3, 0, 0, 0.43%, 0, 0, 1, 382.20
1606743034, 1676, 0, 3, 0, 0, 0.43%, 0, 0, 1, 382.25
1606743040, 1678, 2, 3, 0, 0, 0.43%, 0, 0, 1, 382.22
1606743045, 1681, 1, 3, 0, 0, 0.43%, 0, 0, 1, 379.60
1606743050, 1683, 2, 3, 0, 0, 0.43%, 0, 0, 1, 381.45
1606743055, 1686, 1, 3, 0, 0, 0.43%, 0, 0, 1, 382.84
1606743060, 1689, 0, 3, 0, 0, 0.43%, 0, 0, 1, 381.65
1606743065, 1691, 1, 3, 0, 0, 0.43%, 0, 0, 1, 381.71
1606743070, 1694, 0, 3, 0, 0, 0.43%, 0, 0, 1, 382.04
1606743075, 1696, 1, 3, 0, 0, 0.43%, 0, 0, 1, 382.82
1606743081, 1699, 0, 3, 0, 0, 0.43%, 0, 0, 1, 382.88
1606743086, 1701, 2, 3, 0, 0, 0.43%, 0, 0, 1, 382.91
1606743091, 1704, 1, 3, 0, 0, 0.43%, 0, 0, 1, 382.79
1606743096, 1706, 2, 3, 0, 0, 0.43%, 0, 0, 1, 382.17
1606743101, 1709, 1, 3, 0, 0, 0.43%, 0, 0, 1, 382.64
1606743106, 1712, 0, 3, 0, 0, 0.43%, 0, 0, 1, 383.87
1606743111, 1714, 1, 3, 0, 0, 0.43%, 0, 0, 1, 383.41
1606743117, 1717, 0, 3, 0, 0, 0.43%, 0, 0, 1, 383.32
1606743122, 1719, 2, 3, 0, 0, 0.43%, 0, 0, 1, 382.94
1606743127, 1722, 0, 3, 0, 0, 0.43%, 0, 0, 1, 379.69
1606743132, 1724, 2, 3, 0, 0, 0.43%, 0, 0, 1, 381.93
1606743137, 1727, 1, 3, 0, 0, 0.43%, 0, 0, 1, 382.16
1606743142, 1729, 2, 3, 0, 0, 0.43%, 0, 0, 1, 382.99
1606743147, 1732, 1, 3, 0, 0, 0.43%, 0, 0, 1, 382.65
1606743152, 1735, 0, 3, 0, 0, 0.43%, 0, 0, 1, 382.86
1606743158, 1737, 1, 3, 0, 0, 0.43%, 0, 0, 1, 382.01
1606743163, 1740, 0, 3, 0, 0, 0.43%, 0, 0, 1, 379.99
1606743168, 1742, 2, 3, 0, 0, 0.43%, 0, 0, 1, 381.17
1606743173, 1745, 0, 3, 0, 0, 0.43%, 0, 0, 1, 382.14
1606743178, 1747, 2, 3, 0, 0, 0.43%, 0, 0, 1, 382.40
1606743183, 1750, 1, 3, 0, 0, 0.43%, 0, 0, 1, 382.38
1606743188, 1752, 2, 3, 0, 0, 0.43%, 0, 0, 1, 381.81
1606743193, 1755, 1, 3, 0, 0, 0.43%, 0, 0, 1, 382.94
1606743199, 1757, 2, 3, 0, 0, 0.43%, 0, 0, 1, 383.02
1606743204, 1760, 1, 3, 0, 0, 0.43%, 0, 0, 1, 383.09
1606743209, 1763, 0, 3, 0, 0, 0.43%, 0, 0, 1, 383.00
1606743214, 1765, 1, 3, 0, 0, 0.43%, 0, 0, 1, 382.21
1606743219, 1768, 0, 3, 0, 0, 0.43%, 0, 0, 1, 382.98
1606743224, 1770, 2, 3, 0, 0, 0.43%, 0, 0, 1, 383.63
1606743229, 1773, 0, 3, 0, 0, 0.43%, 0, 0, 1, 383.20
1606743234, 1775, 2, 3, 0, 0, 0.43%, 0, 0, 1, 382.33
1606743240, 1778, 1, 3, 0, 0, 0.43%, 0, 0, 1, 382.47
1606743245, 1780, 2, 3, 0, 0, 0.43%, 0, 0, 1, 382.42
1606743250, 1783, 1, 3, 0, 0, 0.43%, 0, 0, 1, 382.35
1606743255, 1786, 0, 3, 0, 0, 0.43%, 0, 0, 1, 381.94
1606743260, 1788, 1, 3, 0, 0, 0.43%, 0, 0, 1, 381.19
1606743265, 1791, 0, 3, 0, 0, 0.43%, 0, 0, 1, 381.59
1606743270, 1793, 2, 3, 0, 0, 0.43%, 0, 0, 1, 382.06
1606743275, 1796, 0, 3, 0, 0, 0.43%, 0, 0, 1, 381.95
1606743281, 1798, 2, 3, 0, 0, 0.43%, 0, 0, 1, 382.11
1606743286, 1801, 1, 3, 0, 0, 0.43%, 0, 0, 1, 381.40
1606743291, 1803, 2, 3, 0, 0, 0.43%, 0, 0, 1, 382.67
1606743296, 1806, 1, 3, 0, 0, 0.43%, 0, 0, 1, 382.51
1606743301, 1809, 0, 3, 0, 0, 0.43%, 0, 0, 1, 382.20
1606743306, 1811, 1, 3, 0, 0, 0.43%, 0, 0, 1, 382.51
1606743311, 1814, 0, 3, 0, 0, 0.43%, 0, 0, 1, 382.16
1606743316, 1816, 2, 3, 0, 0, 0.43%, 0, 0, 1, 382.40
1606743322, 1819, 0, 3, 0, 0, 0.43%, 0, 0, 1, 382.45
1606743327, 1821, 2, 3, 0, 0, 0.43%, 0, 0, 1, 382.61
1606743332, 1824, 1, 3, 0, 0, 0.43%, 0, 0, 1, 381.98
1606743337, 1826, 2, 3, 0, 0, 0.43%, 0, 0, 1, 382.24
1606743342, 1829, 1, 3, 0, 0, 0.43%, 0, 0, 1, 382.11
1606743347, 1832, 0, 3, 0, 0, 0.43%, 0, 0, 1, 382.39
1606743352, 1834, 1, 3, 0, 0, 0.43%, 0, 0, 1, 382.46
1606743358, 1837, 0, 3, 0, 0, 0.43%, 0, 0, 1, 382.46
1606743363, 1839, 2, 3, 0, 0, 0.43%, 0, 0, 1, 382.72
1606743368, 1842, 0, 3, 0, 0, 0.43%, 0, 0, 1, 382.38
1606743373, 1844, 2, 3, 0, 0, 0.43%, 0, 0, 1, 381.88
1606743378, 1847, 0, 3, 0, 0, 0.43%, 0, 0, 1, 382.15
1606743383, 1849, 2, 3, 0, 0, 0.43%, 0, 0, 1, 382.52
1606743388, 1852, 1, 3, 0, 0, 0.43%, 0, 0, 1, 382.15
1606743393, 1855, 0, 3, 0, 0, 0.43%, 0, 0, 1, 382.16
1606743399, 1857, 1, 3, 0, 0, 0.43%, 0, 0, 1, 382.19
1606743404, 1860, 0, 3, 0, 0, 0.43%, 0, 0, 1, 381.87
1606743409, 1862, 1, 3, 0, 0, 0.43%, 0, 0, 1, 381.66
1606743414, 1865, 0, 3, 0, 0, 0.43%, 0, 0, 1, 382.73
1606743419, 1867, 2, 3, 0, 0, 0.43%, 0, 0, 1, 383.00
1606743424, 1870, 0, 3, 0, 0, 0.43%, 0, 0, 1, 382.43
1606743429, 1872, 2, 3, 0, 0, 0.43%, 0, 0, 1, 382.57
1606743434, 1875, 1, 3, 0, 0, 0.43%, 0, 0, 1, 383.04
1606743440, 1878, 0, 3, 0, 0, 0.43%, 0, 0, 1, 382.96
1606743445, 1880, 1, 3, 0, 0, 0.43%, 0, 0, 1, 382.64
1606743450, 1883, 0, 3, 0, 0, 0.43%, 0, 0, 1, 382.61
1606743455, 1885, 1, 3, 0, 0, 0.43%, 0, 0, 1, 381.58
1606743460, 1888, 0, 3, 0, 0, 0.43%, 0, 0, 1, 382.47
1606743465, 1890, 2, 3, 0, 0, 0.43%, 0, 0, 1, 382.67
1606743470, 1893, 1, 3, 0, 0, 0.43%, 0, 0, 1, 383.02
1606743475, 1895, 2, 3, 0, 0, 0.43%, 0, 0, 1, 382.76
1606743481, 1898, 1, 3, 0, 0, 0.43%, 0, 0, 1, 382.18
1606743486, 1900, 2, 3, 0, 0, 0.43%, 0, 0, 1, 382.42
1606743491, 1903, 1, 3, 0, 0, 0.43%, 0, 0, 1, 382.55
1606743496, 1906, 0, 3, 0, 0, 0.43%, 0, 0, 1, 382.48
1606743501, 1908, 1, 3, 0, 0, 0.43%, 0, 0, 1, 381.71
1606743506, 1911, 0, 3, 0, 0, 0.43%, 0, 0, 1, 381.75
1606743511, 1913, 2, 3, 0, 0, 0.43%, 0, 0, 1, 381.69
1606743516, 1916, 0, 3, 0, 0, 0.43%, 0, 0, 1, 381.01
1606743522, 1918, 2, 3, 0, 0, 0.43%, 0, 0, 1, 380.81
1606743527, 1921, 1, 3, 0, 0, 0.43%, 0, 0, 1, 382.23
1606743532, 1923, 2, 3, 0, 0, 0.43%, 0, 0, 1, 382.00
1606743537, 1926, 1, 3, 0, 0, 0.43%, 0, 0, 1, 382.47
1606743542, 1929, 0, 3, 0, 0, 0.43%, 0, 0, 1, 383.01
1606743547, 1931, 1, 3, 0, 0, 0.43%, 0, 0, 1, 382.78
1606743552, 1934, 0, 3, 0, 0, 0.43%, 0, 0, 1, 382.75
1606743558, 1936, 2, 3, 0, 0, 0.43%, 0, 0, 1, 382.69
1606743563, 1939, 0, 3, 0, 0, 0.43%, 0, 0, 1, 382.70
1606743568, 1941, 2, 3, 0, 0, 0.43%, 0, 0, 1, 383.00
1606743573, 1944, 1, 3, 0, 0, 0.43%, 0, 0, 1, 383.26
1606743578, 1946, 2, 3, 0, 0, 0.43%, 0, 0, 1, 382.45
1606743583, 1949, 1, 3, 0, 0, 0.43%, 0, 0, 1, 383.35
1606743588, 1952, 0, 3, 0, 0, 0.43%, 0, 0, 1, 383.29
1606743594, 1954, 1, 3, 0, 0, 0.43%, 0, 0, 1, 382.69
1606743599, 1957, 0, 3, 0, 0, 0.43%, 0, 0, 1, 383.22
1606743604, 1959, 2, 3, 0, 0, 0.43%, 0, 0, 1, 383.17
1606743609, 1962, 1, 3, 0, 0, 0.43%, 0, 0, 1, 383.68
1606743614, 1964, 2, 3, 0, 0, 0.43%, 0, 0, 1, 381.89
1606743619, 1967, 1, 3, 0, 0, 0.43%, 0, 0, 1, 381.81
1606743624, 1969, 2, 3, 0, 0, 0.43%, 0, 0, 1, 383.03
1606743629, 1972, 1, 3, 0, 0, 0.43%, 0, 0, 1, 382.95
1606743635, 1975, 0, 3, 0, 0, 0.43%, 0, 0, 1, 382.54
1606743640, 1977, 1, 3, 0, 0, 0.43%, 0, 0, 1, 382.44
1606743645, 1980, 0, 3, 0, 0, 0.43%, 0, 0, 1, 382.36
1606743650, 1982, 2, 3, 0, 0, 0.43%, 0, 0, 1, 383.32
1606743655, 1985, 0, 3, 0, 0, 0.43%, 0, 0, 1, 381.49
1606743660, 1987, 2, 3, 0, 0, 0.43%, 0, 0, 1, 382.48
1606743665, 1990, 1, 3, 0, 0, 0.43%, 0, 0, 1, 382.70
1606743670, 1992, 2, 3, 0, 0, 0.43%, 0, 0, 1, 382.90
1606743676, 1995, 1, 3, 0, 0, 0.43%, 0, 0, 1, 382.91
1606743681, 1998, 0, 3, 0, 0, 0.43%, 0, 0, 1, 383.04
1606743686, 2000, 1, 3, 0, 0, 0.43%, 0, 0, 1, 382.89
1606743691, 2003, 0, 3, 0, 0, 0.43%, 0, 0, 1, 383.06
1606743696, 2005, 2, 3, 0, 0, 0.43%, 0, 0, 1, 383.14
1606743701, 2008, 0, 3, 0, 0, 0.43%, 0, 0, 1, 382.94
1606743706, 2010, 2, 3, 0, 0, 0.43%, 0, 0, 1, 383.14
1606743711, 2013, 1, 3, 0, 0, 0.43%, 0, 0, 1, 382.42
1606743717, 2015, 2, 3, 0, 0, 0.43%, 0, 0, 1, 382.55
1606743722, 2018, 1, 3, 0, 0, 0.43%, 0, 0, 1, 382.44
1606743727, 2021, 0, 3, 0, 0, 0.43%, 0, 0, 1, 377.68
1606743732, 2023, 1, 3, 0, 0, 0.43%, 0, 0, 1, 382.88
1606743737, 2026, 0, 3, 0, 0, 0.43%, 0, 0, 1, 382.65
1606743742, 2028, 2, 3, 0, 0, 0.43%, 0, 0, 1, 383.17
1606743747, 2031, 0, 3, 0, 0, 0.43%, 0, 0, 1, 384.25
1606743753, 2033, 2, 3, 0, 0, 0.43%, 0, 0, 1, 384.89
1606743758, 2036, 1, 3, 0, 0, 0.43%, 0, 0, 1, 384.52
1606743763, 2039, 0, 3, 0, 0, 0.43%, 0, 0, 1, 383.87
1606743768, 2041, 1, 3, 0, 0, 0.43%, 0, 0, 1, 384.87
1606743773, 2044, 0, 3, 0, 0, 0.43%, 0, 0, 1, 384.80
1606743778, 2046, 2, 3, 0, 0, 0.43%, 0, 0, 1, 383.97
1606743784, 2049, 1, 3, 0, 0, 0.43%, 0, 0, 1, 384.08
1606743789, 2051, 2, 3, 0, 0, 0.43%, 0, 0, 1, 384.25
1606743794, 2054, 1, 3, 0, 0, 0.43%, 0, 0, 1, 384.28
1606743799, 2057, 0, 3, 0, 0, 0.43%, 0, 0, 1, 384.59
1606743804, 2059, 2, 3, 0, 0, 0.43%, 0, 0, 1, 384.22
1606743809, 2062, 0, 3, 0, 0, 0.43%, 0, 0, 1, 383.78
1606743815, 2064, 2, 3, 0, 0, 0.43%, 0, 0, 1, 384.52
1606743820, 2067, 1, 3, 0, 0, 0.43%, 0, 0, 1, 384.76
1606743825, 2070, 0, 3, 0, 0, 0.43%, 0, 0, 1, 384.16
1606743830, 2072, 1, 3, 0, 0, 0.43%, 0, 0, 1, 384.34
1606743835, 2075, 0, 3, 0, 0, 0.43%, 0, 0, 1, 384.31
1606743840, 2077, 2, 3, 0, 0, 0.43%, 0, 0, 1, 384.52
1606743845, 2080, 0, 3, 0, 0, 0.43%, 0, 0, 1, 384.44
1606743850, 2082, 2, 3, 0, 0, 0.43%, 0, 0, 1, 384.62
1606743856, 2085, 1, 3, 0, 0, 0.43%, 0, 0, 1, 384.96
1606743861, 2088, 0, 3, 0, 0, 0.43%, 0, 0, 1, 384.90
1606743866, 2090, 2, 3, 0, 0, 0.43%, 0, 0, 1, 384.95
1606743871, 2093, 0, 3, 0, 0, 0.43%, 0, 0, 1, 384.57
1606743876, 2095, 2, 3, 0, 0, 0.43%, 0, 0, 1, 383.40
1606743881, 2098, 0, 3, 0, 0, 0.43%, 0, 0, 1, 383.59
1606743886, 2100, 2, 3, 0, 0, 0.43%, 0, 0, 1, 384.30
1606743891, 2103, 1, 3, 0, 0, 0.43%, 0, 0, 1, 384.61
1606743897, 2105, 2, 3, 0, 0, 0.43%, 0, 0, 1, 381.83
1606743902, 2108, 1, 3, 0, 0, 0.43%, 0, 0, 1, 383.18
1606743907, 2111, 0, 3, 0, 0, 0.43%, 0, 0, 1, 384.35
1606743912, 2113, 2, 3, 0, 0, 0.43%, 0, 0, 1, 383.99
1606743917, 2116, 1, 3, 0, 0, 0.43%, 0, 0, 1, 384.50
1606743922, 2118, 2, 3, 0, 0, 0.43%, 0, 0, 1, 383.94
1606743928, 2121, 1, 3, 0, 0, 0.43%, 0, 0, 1, 384.26
1606743933, 2124, 0, 3, 0, 0, 0.43%, 0, 0, 1, 378.20
1606743938, 2126, 1, 3, 0, 0, 0.43%, 0, 0, 1, 382.58
1606743943, 2129, 0, 3, 0, 0, 0.43%, 0, 0, 1, 384.22
1606743948, 2131, 2, 3, 0, 0, 0.43%, 0, 0, 1, 384.92
1606743954, 2134, 1, 3, 0, 0, 0.43%, 0, 0, 1, 384.90
1606743959, 2137, 0, 3, 0, 0, 0.43%, 0, 0, 1, 384.08
1606743964, 2139, 1, 3, 0, 0, 0.43%, 0, 0, 1, 384.35
1606743969, 2142, 0, 3, 0, 0, 0.43%, 0, 0, 1, 384.20
1606743974, 2144, 2, 3, 0, 0, 0.43%, 0, 0, 1, 383.31
1606743979, 2147, 0, 3, 0, 0, 0.43%, 0, 0, 1, 384.31
1606743984, 2149, 2, 3, 0, 0, 0.43%, 0, 0, 1, 384.35
1606743990, 2152, 1, 3, 0, 0, 0.43%, 0, 0, 1, 384.19
1606743995, 2155, 0, 3, 0, 0, 0.43%, 0, 0, 1, 384.73
1606744000, 2157, 1, 3, 0, 0, 0.43%, 0, 0, 1, 384.75
1606744005, 2160, 0, 3, 0, 0, 0.43%, 0, 0, 1, 384.31
1606744010, 2162, 2, 3, 0, 0, 0.43%, 0, 0, 1, 384.06
1606744015, 2165, 1, 3, 0, 0, 0.43%, 0, 0, 1, 384.19
1606744021, 2167, 2, 3, 0, 0, 0.43%, 0, 0, 1, 382.51
1606744026, 2170, 1, 3, 0, 0, 0.43%, 0, 0, 1, 383.95
1606744031, 2173, 0, 3, 0, 0, 0.43%, 0, 0, 1, 384.63
1606744036, 2175, 1, 3, 0, 0, 0.43%, 0, 0, 1, 384.34
1606744041, 2178, 0, 3, 0, 0, 0.43%, 0, 0, 1, 384.05
1606744046, 2180, 2, 3, 0, 0, 0.43%, 0, 0, 1, 384.06
1606744051, 2183, 1, 3, 0, 0, 0.43%, 0, 0, 1, 384.27
1606744056, 2185, 2, 3, 0, 0, 0.43%, 0, 0, 1, 383.58
1606744062, 2188, 1, 3, 0, 0, 0.43%, 0, 0, 1, 384.64
1606744067, 2191, 0, 3, 0, 0, 0.43%, 0, 0, 1, 384.94
1606744072, 2193, 2, 3, 0, 0, 0.43%, 0, 0, 1, 384.21
1606744077, 2196, 0, 3, 0, 0, 0.43%, 0, 0, 1, 384.29
1606744082, 2198, 2, 3, 0, 0, 0.43%, 0, 0, 1, 384.53
1606744088, 2201, 1, 3, 0, 0, 0.43%, 0, 0, 1, 384.95
1606744093, 2204, 0, 3, 0, 0, 0.43%, 0, 0, 1, 384.08
1606744098, 2206, 1, 3, 0, 0, 0.43%, 0, 0, 1, 383.91
1606744103, 2209, 0, 3, 0, 0, 0.43%, 0, 0, 1, 384.40
1606744108, 2211, 2, 3, 0, 0, 0.43%, 0, 0, 1, 384.53
1606744113, 2214, 1, 3, 0, 0, 0.43%, 0, 0, 1, 383.31
1606744119, 2216, 2, 3, 0, 0, 0.43%, 0, 0, 1, 384.06
1606744124, 2219, 1, 3, 0, 0, 0.43%, 0, 0, 1, 384.75
1606744129, 2222, 0, 3, 0, 0, 0.43%, 0, 0, 1, 384.26
1606744134, 2224, 2, 3, 0, 0, 0.43%, 0, 0, 1, 383.92
1606744139, 2227, 0, 3, 0, 0, 0.43%, 0, 0, 1, 382.90
1606744144, 2229, 2, 3, 0, 0, 0.43%, 0, 0, 1, 382.27
1606744150, 2232, 1, 3, 0, 0, 0.43%, 0, 0, 1, 383.46
1606744155, 2235, 0, 3, 0, 0, 0.43%, 0, 0, 1, 384.41
1606744160, 2237, 1, 3, 0, 0, 0.43%, 0, 0, 1, 384.56
1606744165, 2240, 0, 3, 0, 0, 0.43%, 0, 0, 1, 384.42
1606744170, 2242, 2, 3, 0, 0, 0.43%, 0, 0, 1, 384.75
1606744175, 2245, 0, 3, 0, 0, 0.43%, 0, 0, 1, 384.33
1606744180, 2247, 2, 3, 0, 0, 0.43%, 0, 0, 1, 384.58
1606744186, 2250, 1, 3, 0, 0, 0.43%, 0, 0, 1, 384.66
1606744191, 2253, 0, 3, 0, 0, 0.43%, 0, 0, 1, 384.52
1606744196, 2255, 2, 3, 0, 0, 0.43%, 0, 0, 1, 384.84
1606744201, 2258, 0, 3, 0, 0, 0.43%, 0, 0, 1, 384.53
1606744206, 2260, 2, 3, 0, 0, 0.43%, 0, 0, 1, 384.73
1606744211, 2263, 1, 3, 0, 0, 0.43%, 0, 0, 1, 382.57
1606744217, 2266, 0, 3, 0, 0, 0.43%, 0, 0, 1, 384.58
1606744222, 2268, 1, 3, 0, 0, 0.43%, 0, 0, 1, 384.52
1606744227, 2271, 0, 3, 0, 0, 0.43%, 0, 0, 1, 384.93
1606744232, 2273, 2, 3, 0, 0, 0.43%, 0, 0, 1, 384.34
1606744237, 2276, 1, 3, 0, 0, 0.43%, 0, 0, 1, 384.00
1606744242, 2278, 2, 3, 0, 0, 0.43%, 0, 0, 1, 384.41
1606744247, 2281, 1, 3, 0, 0, 0.43%, 0, 0, 1, 384.21
1606744253, 2284, 0, 3, 0, 0, 0.43%, 0, 0, 1, 383.70
1606744258, 2286, 1, 3, 0, 0, 0.43%, 0, 0, 1, 383.65
1606744263, 2289, 0, 3, 0, 0, 0.43%, 0, 0, 1, 383.96
1606744268, 2291, 2, 3, 0, 0, 0.43%, 0, 0, 1, 383.69
1606744273, 2294, 0, 3, 0, 0, 0.43%, 0, 0, 1, 384.64
1606744278, 2296, 2, 3, 0, 0, 0.43%, 0, 0, 1, 384.82
1606744283, 2299, 1, 3, 0, 0, 0.43%, 0, 0, 1, 384.07
1606744289, 2302, 0, 3, 0, 0, 0.43%, 0, 0, 1, 383.73
1606744294, 2304, 2, 3, 0, 0, 0.43%, 0, 0, 1, 383.67
1606744299, 2307, 0, 3, 0, 0, 0.43%, 0, 0, 1, 384.04
1606744304, 2309, 2, 3, 0, 0, 0.43%, 0, 0, 1, 384.05
1606744309, 2312, 1, 3, 0, 0, 0.43%, 0, 0, 1, 383.40
1606744314, 2314, 2, 3, 0, 0, 0.43%, 0, 0, 1, 384.70
1606744319, 2317, 1, 3, 0, 0, 0.43%, 0, 0, 1, 385.17
1606744324, 2319, 2, 3, 0, 0, 0.43%, 0, 0, 1, 384.32
1606744330, 2322, 1, 3, 0, 0, 0.43%, 0, 0, 1, 378.76
1606744335, 2325, 0, 3, 0, 0, 0.43%, 0, 0, 1, 383.17
1606744340, 2327, 2, 3, 0, 0, 0.43%, 0, 0, 1, 384.70
1606744345, 2330, 0, 3, 0, 0, 0.43%, 0, 0, 1, 384.80
1606744350, 2332, 2, 3, 0, 0, 0.43%, 0, 0, 1, 385.02
1606744355, 2335, 1, 3, 0, 0, 0.43%, 0, 0, 1, 385.03
1606744360, 2338, 0, 3, 0, 0, 0.43%, 0, 0, 1, 384.19
1606744366, 2340, 1, 3, 0, 0, 0.43%, 0, 0, 1, 384.41
1606744371, 2343, 0, 3, 0, 0, 0.43%, 0, 0, 1, 384.50
1606744376, 2345, 2, 3, 0, 0, 0.43%, 0, 0, 1, 384.02
1606744381, 2348, 1, 3, 0, 0, 0.43%, 0, 0, 1, 384.00
1606744386, 2350, 2, 3, 0, 0, 0.43%, 0, 0, 1, 380.88
1606744391, 2353, 1, 3, 0, 0, 0.43%, 0, 0, 1, 383.39
1606744397, 2356, 0, 3, 0, 0, 0.43%, 0, 0, 1, 383.16
1606744402, 2358, 2, 3, 0, 0, 0.43%, 0, 0, 1, 384.34
1606744407, 2361, 0, 3, 0, 0, 0.43%, 0, 0, 1, 382.58
1606744412, 2363, 2, 3, 0, 0, 0.43%, 0, 0, 1, 382.91
1606744417, 2366, 1, 3, 0, 0, 0.43%, 0, 0, 1, 383.32
1606744422, 2368, 2, 3, 0, 0, 0.43%, 0, 0, 1, 381.29
1606744428, 2371, 1, 3, 0, 0, 0.43%, 0, 0, 1, 383.68
1606744433, 2374, 0, 3, 0, 0, 0.43%, 0, 0, 1, 384.34
1606744438, 2376, 2, 3, 0, 0, 0.43%, 0, 0, 1, 384.06
1606744443, 2379, 0, 3, 0, 0, 0.43%, 0, 0, 1, 381.17
1606744448, 2381, 2, 3, 0, 0, 0.43%, 0, 0, 1, 381.86
1606744454, 2384, 1, 3, 0, 0, 0.43%, 0, 0, 1, 382.05
1606744459, 2387, 0, 3, 0, 0, 0.43%, 0, 0, 1, 382.03
1606744464, 2389, 1, 3, 0, 0, 0.43%, 0, 0, 1, 382.50
1606744469, 2392, 0, 3, 0, 0, 0.43%, 0, 0, 1, 381.74
1606744474, 2394, 2, 3, 0, 0, 0.43%, 0, 0, 1, 383.06
1606744479, 2397, 0, 3, 0, 0, 0.43%, 0, 0, 1, 382.62
1606744485, 2399, 2, 3, 0, 0, 0.43%, 0, 0, 1, 381.71
1606744490, 2402, 1, 3, 0, 0, 0.43%, 0, 0, 1, 382.41
1606744495, 2404, 2, 3, 0, 0, 0.43%, 0, 0, 1, 381.81
1606744500, 2407, 1, 3, 0, 0, 0.43%, 0, 0, 1, 382.07
1606744505, 2410, 0, 3, 0, 0, 0.43%, 0, 0, 1, 381.55
1606744510, 2412, 1, 3, 0, 0, 0.43%, 0, 0, 1, 380.22
1606744515, 2415, 0, 3, 0, 0, 0.43%, 0, 0, 1, 380.41
1606744520, 2417, 2, 3, 0, 0, 0.43%, 0, 0, 1, 381.41
1606744526, 2420, 0, 3, 0, 0, 0.43%, 0, 0, 1, 381.33
1606744531, 2422, 2, 3, 0, 0, 0.43%, 0, 0, 1, 380.94
1606744536, 2425, 1, 3, 0, 0, 0.43%, 0, 0, 1, 380.09
1606744541, 2427, 2, 3, 0, 0, 0.43%, 0, 0, 1, 380.11
1606744546, 2430, 1, 3, 0, 0, 0.43%, 0, 0, 1, 380.54
1606744551, 2432, 2, 3, 0, 0, 0.43%, 0, 0, 1, 380.46
1606744556, 2435, 1, 3, 0, 0, 0.43%, 0, 0, 1, 381.30
1606744561, 2438, 0, 3, 0, 0, 0.43%, 0, 0, 1, 380.61
1606744567, 2440, 1, 3, 0, 0, 0.43%, 0, 0, 1, 369.56
1606748112, 2442, 0, 3, 0, 0, 0.43%, 0, 0, 1, 0.00
1606748117, 2444, 1, 3, 0, 0, 0.43%, 0, 0, 1, 343.55
1606748122, 2446, 2, 3, 0, 0, 0.43%, 0, 0, 1, 356.08
1606748127, 2449, 0, 3, 0, 0, 0.43%, 0, 0, 1, 383.56
1606748132, 2451, 2, 3, 0, 0, 0.43%, 0, 0, 1, 389.78
1606748137, 2454, 1, 3, 0, 0, 0.43%, 0, 0, 1, 396.86
1606748142, 2457, 0, 3, 0, 0, 0.43%, 0, 0, 1, 396.40
1606748148, 2459, 2, 3, 0, 0, 0.43%, 0, 0, 1, 388.42
1606748153, 2462, 1, 3, 0, 0, 0.43%, 0, 0, 1, 396.66
1606748158, 2465, 0, 3, 0, 0, 0.43%, 0, 0, 1, 390.23
1606748163, 2467, 1, 3, 0, 0, 0.43%, 0, 0, 1, 385.91
1606748168, 2470, 0, 3, 0, 0, 0.43%, 0, 0, 1, 396.55
1606748173, 2472, 2, 3, 0, 0, 0.43%, 0, 0, 1, 388.88
1606748179, 2475, 1, 3, 0, 0, 0.43%, 0, 0, 1, 387.51
1606748184, 2478, 0, 3, 0, 0, 0.43%, 0, 0, 1, 392.16
1606748189, 2480, 2, 3, 0, 0, 0.43%, 0, 0, 1, 400.91
1606748194, 2483, 1, 3, 0, 0, 0.43%, 0, 0, 1, 401.42
1606748199, 2486, 0, 3, 0, 0, 0.43%, 0, 0, 1, 401.73
1606748204, 2488, 2, 3, 0, 0, 0.43%, 0, 0, 1, 401.53
1606748209, 2491, 1, 3, 0, 0, 0.43%, 0, 0, 1, 393.61
1606748215, 2494, 0, 3, 0, 0, 0.43%, 0, 0, 1, 399.09
1606748220, 2496, 2, 3, 0, 0, 0.43%, 0, 0, 1, 395.67
1606748225, 2499, 1, 3, 0, 0, 0.43%, 0, 0, 1, 400.61
1606748230, 2502, 0, 3, 0, 0, 0.43%, 0, 0, 1, 384.47
1606748235, 2504, 1, 3, 0, 0, 0.43%, 0, 0, 1, 381.91
1606748240, 2507, 0, 3, 0, 0, 0.43%, 0, 0, 1, 394.76
1606748245, 2509, 2, 3, 0, 0, 0.43%, 0, 0, 1, 393.70
1606748250, 2512, 1, 3, 0, 0, 0.43%, 0, 0, 1, 387.99
1606748255, 2514, 2, 3, 0, 0, 0.43%, 0, 0, 1, 367.15
1606748260, 2516, 2, 3, 0, 0, 0.43%, 0, 0, 1, 333.14
1606748265, 2519, 1, 3, 0, 0, 0.43%, 0, 0, 1, 371.85
1606748270, 2521, 2, 3, 0, 0, 0.43%, 0, 0, 1, 379.50
1606748275, 2524, 0, 3, 0, 0, 0.43%, 0, 0, 1, 368.57
1606748280, 2526, 2, 3, 0, 0, 0.43%, 0, 0, 1, 378.11
1606748286, 2529, 0, 3, 0, 0, 0.43%, 0, 0, 1, 386.03
1606748291, 2531, 2, 3, 0, 0, 0.43%, 0, 0, 1, 390.04
1606748296, 2534, 1, 3, 0, 0, 0.43%, 0, 0, 1, 392.33
1606748301, 2537, 0, 3, 0, 0, 0.43%, 0, 0, 1, 392.11
1606748306, 2539, 1, 3, 0, 0, 0.43%, 0, 0, 1, 383.35
1606748311, 2542, 0, 3, 0, 0, 0.43%, 0, 0, 1, 383.27
1606748316, 2544, 1, 3, 0, 0, 0.43%, 0, 0, 1, 379.99
1606748321, 2546, 2, 3, 0, 0, 0.43%, 0, 0, 1, 369.44
1606748326, 2549, 1, 3, 0, 0, 0.43%, 0, 0, 1, 382.12
1606748331, 2551, 2, 3, 0, 0, 0.43%, 0, 0, 1, 369.20
1606748336, 2554, 1, 3, 0, 0, 0.43%, 0, 0, 1, 376.06
1606748341, 2556, 2, 3, 0, 0, 0.43%, 0, 0, 1, 367.49
1606748346, 2559, 0, 3, 0, 0, 0.43%, 0, 0, 1, 377.71
1606748351, 2561, 2, 3, 0, 0, 0.43%, 0, 0, 1, 381.93
1606748356, 2564, 0, 3, 0, 0, 0.43%, 0, 0, 1, 376.68
1606748361, 2566, 1, 3, 0, 0, 0.43%, 0, 0, 1, 360.23
1606748366, 2568, 2, 3, 0, 0, 0.43%, 0, 0, 1, 343.61
1606748371, 2571, 0, 3, 0, 0, 0.43%, 0, 0, 1, 351.39
1606748376, 2573, 1, 3, 0, 0, 0.43%, 0, 0, 1, 361.45
1606748381, 2576, 0, 3, 0, 0, 0.43%, 0, 0, 1, 368.74
1606748387, 2578, 1, 3, 0, 0, 0.43%, 0, 0, 1, 374.87
1606748392, 2581, 0, 3, 0, 0, 0.43%, 0, 0, 1, 365.11
1606748397, 2583, 1, 3, 0, 0, 0.43%, 0, 0, 1, 372.80
1606748402, 2586, 0, 3, 0, 0, 0.43%, 0, 0, 1, 382.58
1606748407, 2588, 1, 3, 0, 0, 0.43%, 0, 0, 1, 384.29
1606748412, 2591, 0, 3, 0, 0, 0.43%, 0, 0, 1, 364.31
1606748417, 2593, 1, 3, 0, 0, 0.43%, 0, 0, 1, 365.18
1606748423, 2595, 2, 3, 0, 0, 0.43%, 0, 0, 1, 378.09
1606748428, 2598, 1, 3, 0, 0, 0.43%, 0, 0, 1, 386.97
1606748433, 2601, 0, 3, 0, 0, 0.43%, 0, 0, 1, 379.29
1606748438, 2603, 1, 3, 0, 0, 0.43%, 0, 0, 1, 378.15
1606748443, 2606, 0, 3, 0, 0, 0.43%, 0, 0, 1, 383.66
1606748448, 2608, 2, 3, 0, 0, 0.43%, 0, 0, 1, 388.50
1606748453, 2611, 0, 3, 0, 0, 0.43%, 0, 0, 1, 388.43
1606748458, 2613, 2, 3, 0, 0, 0.43%, 0, 0, 1, 390.24
1606748463, 2616, 1, 3, 0, 0, 0.43%, 0, 0, 1, 389.14
1606748468, 2618, 2, 3, 0, 0, 0.43%, 0, 0, 1, 377.34
1606748473, 2621, 0, 3, 0, 0, 0.43%, 0, 0, 1, 365.00
1606748478, 2623, 1, 3, 0, 0, 0.43%, 0, 0, 1, 374.48
1606748483, 2626, 0, 3, 0, 0, 0.43%, 0, 0, 1, 381.92
1606748489, 2628, 2, 3, 0, 0, 0.43%, 0, 0, 1, 380.47
1606748494, 2631, 0, 3, 0, 0, 0.43%, 0, 0, 1, 373.05
1606748499, 2633, 2, 3, 0, 0, 0.43%, 0, 0, 1, 382.69
1606748504, 2636, 1, 3, 0, 0, 0.43%, 0, 0, 1, 380.22
1606748509, 2638, 2, 3, 0, 0, 0.43%, 0, 0, 1, 375.98
1606748514, 2641, 1, 3, 0, 0, 0.43%, 0, 0, 1, 381.58
1606748519, 2643, 2, 3, 0, 0, 0.43%, 0, 0, 1, 384.62
1606748524, 2646, 1, 3, 0, 0, 0.43%, 0, 0, 1, 386.11
1606748529, 2649, 0, 3, 0, 0, 0.43%, 0, 0, 1, 384.38
1606748534, 2651, 1, 3, 0, 0, 0.43%, 0, 0, 1, 385.27
1606748540, 2654, 0, 3, 0, 0, 0.43%, 0, 0, 1, 384.97
1606748545, 2656, 1, 3, 0, 0, 0.43%, 0, 0, 1, 369.99
1606748550, 2658, 2, 3, 0, 0, 0.43%, 0, 0, 1, 371.68
1606748555, 2661, 1, 3, 0, 0, 0.43%, 0, 0, 1, 375.40
1606748560, 2664, 0, 3, 0, 0, 0.43%, 0, 0, 1, 375.89
1606748565, 2666, 1, 3, 0, 0, 0.43%, 0, 0, 1, 372.28
1606748570, 2668, 2, 3, 0, 0, 0.43%, 0, 0, 1, 374.13
1606748575, 2671, 1, 3, 0, 0, 0.43%, 0, 0, 1, 380.30
1606748580, 2674, 0, 3, 0, 0, 0.43%, 0, 0, 1, 384.21
1606748585, 2676, 1, 3, 0, 0, 0.43%, 0, 0, 1, 383.31
1606748590, 2679, 0, 3, 0, 0, 0.43%, 0, 0, 1, 374.07
1606748596, 2681, 1, 3, 0, 0, 0.43%, 0, 0, 1, 378.73
1606748601, 2684, 0, 3, 0, 0, 0.43%, 0, 0, 1, 382.61
1606748606, 2686, 1, 3, 0, 0, 0.43%, 0, 0, 1, 385.70
1606748611, 2689, 0, 3, 0, 0, 0.43%, 0, 0, 1, 364.00
1606748616, 2690, 2, 3, 0, 0, 0.43%, 0, 0, 1, 297.98
1606748621, 2692, 2, 3, 0, 0, 0.43%, 0, 0, 1, 289.00
1606748626, 2694, 1, 3, 0, 0, 0.43%, 0, 0, 1, 285.26
1606748631, 2696, 1, 3, 0, 0, 0.43%, 0, 0, 1, 285.50
1606748636, 2698, 1, 3, 0, 0, 0.43%, 0, 0, 1, 313.57
1606748641, 2701, 0, 3, 0, 0, 0.43%, 0, 0, 1, 370.84
1606748646, 2703, 1, 3, 0, 0, 0.43%, 0, 0, 1, 377.22
1606748651, 2706, 0, 3, 0, 0, 0.43%, 0, 0, 1, 383.94
1606748656, 2708, 2, 3, 0, 0, 0.43%, 0, 0, 1, 383.96
1606748661, 2711, 0, 3, 0, 0, 0.43%, 0, 0, 1, 384.43
1606748667, 2713, 2, 3, 0, 0, 0.43%, 0, 0, 1, 377.04
1606748672, 2716, 0, 3, 0, 0, 0.43%, 0, 0, 1, 380.99
1606748677, 2718, 2, 3, 0, 0, 0.43%, 0, 0, 1, 383.42
1606748682, 2721, 1, 3, 0, 0, 0.43%, 0, 0, 1, 384.87
1606748687, 2723, 2, 3, 0, 0, 0.43%, 0, 0, 1, 378.90
1606748692, 2726, 0, 3, 0, 0, 0.43%, 0, 0, 1, 378.24
1606748697, 2728, 2, 3, 0, 0, 0.43%, 0, 0, 1, 383.03
1606748702, 2731, 1, 3, 0, 0, 0.43%, 0, 0, 1, 376.28
1606748707, 2733, 2, 3, 0, 0, 0.43%, 0, 0, 1, 375.66
1606748712, 2736, 0, 3, 0, 0, 0.43%, 0, 0, 1, 362.70
1606748717, 2738, 1, 3, 0, 0, 0.43%, 0, 0, 1, 346.52
1606748722, 2740, 2, 3, 0, 0, 0.43%, 0, 0, 1, 368.10
1606748727, 2743, 1, 3, 0, 0, 0.43%, 0, 0, 1, 367.31
1606748732, 2745, 2, 3, 0, 0, 0.43%, 0, 0, 1, 364.68
1606748738, 2748, 0, 3, 0, 0, 0.43%, 0, 0, 1, 370.03
1606748743, 2750, 2, 3, 0, 0, 0.43%, 0, 0, 1, 381.79
1606748748, 2753, 1, 3, 0, 0, 0.43%, 0, 0, 1, 377.35
1606748753, 2755, 2, 3, 0, 0, 0.43%, 0, 0, 1, 370.98
1606748758, 2758, 0, 3, 0, 0, 0.43%, 0, 0, 1, 375.23
1606748763, 2760, 2, 3, 0, 0, 0.43%, 0, 0, 1, 367.55
1606748768, 2763, 0, 3, 0, 0, 0.43%, 0, 0, 1, 364.38
1606748773, 2765, 1, 3, 0, 0, 0.43%, 0, 0, 1, 351.05
1606748778, 2767, 2, 3, 0, 0, 0.43%, 0, 0, 1, 371.94
1606748783, 2770, 0, 3, 0, 0, 0.43%, 0, 0, 1, 356.46
1606748788, 2772, 1, 3, 0, 0, 0.43%, 0, 0, 1, 370.14
1606748793, 2774, 2, 3, 0, 0, 0.43%, 0, 0, 1, 359.71
1606748798, 2777, 1, 3, 0, 0, 0.43%, 0, 0, 1, 368.15
1606748803, 2779, 2, 3, 0, 0, 0.43%, 0, 0, 1, 353.00
1606748809, 2782, 0, 3, 0, 0, 0.43%, 0, 0, 1, 373.78
1606748814, 2784, 1, 3, 0, 0, 0.43%, 0, 0, 1, 356.98
1606748819, 2787, 0, 3, 0, 0, 0.43%, 0, 0, 1, 364.99
1606748824, 2789, 1, 3, 0, 0, 0.43%, 0, 0, 1, 360.58
1606748829, 2791, 2, 3, 0, 0, 0.43%, 0, 0, 1, 357.77
1606748834, 2794, 0, 3, 0, 0, 0.43%, 0, 0, 1, 360.89
1606748839, 2796, 1, 3, 0, 0, 0.43%, 0, 0, 1, 360.77
1606748844, 2798, 2, 3, 0, 0, 0.43%, 0, 0, 1, 354.53
1606748849, 2801, 0, 3, 0, 0, 0.43%, 0, 0, 1, 351.77
1606748854, 2803, 1, 3, 0, 0, 0.43%, 0, 0, 1, 358.48
1606748859, 2805, 2, 3, 0, 0, 0.43%, 0, 0, 1, 355.69
1606748864, 2808, 0, 3, 0, 0, 0.43%, 0, 0, 1, 358.37
1606748869, 2810, 1, 3, 0, 0, 0.43%, 0, 0, 1, 360.75
1606748874, 2812, 2, 3, 0, 0, 0.43%, 0, 0, 1, 362.80
1606748879, 2815, 0, 3, 0, 0, 0.43%, 0, 0, 1, 356.49
1606748884, 2817, 1, 3, 0, 0, 0.43%, 0, 0, 1, 361.16
1606748889, 2819, 2, 3, 0, 0, 0.43%, 0, 0, 1, 348.51
1606748894, 2821, 2, 3, 0, 0, 0.43%, 0, 0, 1, 342.70
1606748899, 2824, 0, 3, 0, 0, 0.43%, 0, 0, 1, 346.35
1606748904, 2826, 1, 3, 0, 0, 0.43%, 0, 0, 1, 339.86
1606748909, 2828, 2, 3, 0, 0, 0.43%, 0, 0, 1, 353.02
1606748914, 2831, 0, 3, 0, 0, 0.43%, 0, 0, 1, 343.39
1606748920, 2833, 1, 3, 0, 0, 0.43%, 0, 0, 1, 344.73
1606748925, 2835, 1, 3, 0, 0, 0.43%, 0, 0, 1, 337.59
1606748930, 2837, 0, 3, 0, 0, 0.43%, 0, 0, 1, 256.49
1606748935, 2839, 1, 3, 0, 0, 0.43%, 0, 0, 1, 340.45
1606748940, 2841, 2, 3, 0, 0, 0.43%, 0, 0, 1, 347.28
1606748945, 2844, 0, 3, 0, 0, 0.43%, 0, 0, 1, 346.12
1606748950, 2846, 1, 3, 0, 0, 0.43%, 0, 0, 1, 360.63
1606748955, 2848, 2, 3, 0, 0, 0.43%, 0, 0, 1, 338.24
1606748961, 2851, 0, 3, 0, 0, 0.43%, 0, 0, 1, 339.18
1606748966, 2853, 1, 3, 0, 0, 0.43%, 0, 0, 1, 350.35
1606748971, 2855, 2, 3, 0, 0, 0.43%, 0, 0, 1, 348.78
1606748976, 2858, 0, 3, 0, 0, 0.43%, 0, 0, 1, 346.47
1606748981, 2860, 1, 3, 0, 0, 0.43%, 0, 0, 1, 344.37
1606748986, 2862, 1, 3, 0, 0, 0.43%, 0, 0, 1, 336.31
1606748991, 2864, 2, 3, 0, 0, 0.43%, 0, 0, 1, 343.25
1606748996, 2867, 0, 3, 0, 0, 0.43%, 0, 0, 1, 339.44
1606749002, 2869, 1, 3, 0, 0, 0.43%, 0, 0, 1, 328.23
1606749007, 2871, 2, 3, 0, 0, 0.43%, 0, 0, 1, 341.06
1606749012, 2873, 2, 3, 0, 0, 0.43%, 0, 0, 1, 338.77
1606749017, 2876, 0, 3, 0, 0, 0.43%, 0, 0, 1, 335.15
1606749022, 2878, 1, 3, 0, 0, 0.43%, 0, 0, 1, 344.37
1606749027, 2880, 1, 3, 0, 0, 0.43%, 0, 0, 1, 338.36
1606749032, 2882, 2, 3, 0, 0, 0.43%, 0, 0, 1, 325.33
1606749037, 2884, 2, 3, 0, 0, 0.43%, 0, 0, 1, 334.92
1606749042, 2887, 0, 3, 0, 0, 0.43%, 0, 0, 1, 350.12
1606749047, 2889, 1, 3, 0, 0, 0.43%, 0, 0, 1, 349.84
1606749053, 2891, 2, 3, 0, 0, 0.43%, 0, 0, 1, 337.63
1606749058, 2894, 0, 3, 0, 0, 0.43%, 0, 0, 1, 350.34
1606749063, 2896, 1, 3, 0, 0, 0.43%, 0, 0, 1, 354.43
1606749068, 2898, 2, 3, 0, 0, 0.43%, 0, 0, 1, 357.21
1606749073, 2901, 0, 3, 0, 0, 0.43%, 0, 0, 1, 356.42
1606749078, 2903, 1, 3, 0, 0, 0.43%, 0, 0, 1, 350.03
1606749083, 2905, 2, 3, 0, 0, 0.43%, 0, 0, 1, 356.02
1606749088, 2908, 0, 3, 0, 0, 0.43%, 0, 0, 1, 345.92
1606749093, 2910, 1, 3, 0, 0, 0.43%, 0, 0, 1, 353.60
1606749098, 2912, 2, 3, 0, 0, 0.43%, 0, 0, 1, 357.16
1606749103, 2915, 0, 3, 0, 0, 0.43%, 0, 0, 1, 355.86
1606749108, 2917, 1, 3, 0, 0, 0.43%, 0, 0, 1, 353.35
1606749113, 2919, 2, 3, 0, 0, 0.43%, 0, 0, 1, 355.29
1606749118, 2922, 0, 3, 0, 0, 0.43%, 0, 0, 1, 361.79
1606749123, 2924, 1, 3, 0, 0, 0.43%, 0, 0, 1, 360.80
1606749128, 2926, 2, 3, 0, 0, 0.43%, 0, 0, 1, 351.84
1606749134, 2929, 1, 3, 0, 0, 0.43%, 0, 0, 1, 356.33
1606749139, 2931, 2, 3, 0, 0, 0.43%, 0, 0, 1, 351.65
1606749144, 2933, 2, 3, 0, 0, 0.43%, 0, 0, 1, 347.49
1606749149, 2936, 1, 3, 0, 0, 0.43%, 0, 0, 1, 357.31
1606749154, 2938, 1, 3, 0, 0, 0.43%, 0, 0, 1, 347.36
1606749159, 2940, 2, 3, 0, 0, 0.43%, 0, 0, 1, 341.78
1606749164, 2943, 0, 3, 0, 0, 0.43%, 0, 0, 1, 353.01
1606749169, 2945, 1, 3, 0, 0, 0.43%, 0, 0, 1, 356.56
1606749174, 2947, 2, 3, 0, 0, 0.43%, 0, 0, 1, 357.69
1606749179, 2950, 0, 3, 0, 0, 0.43%, 0, 0, 1, 358.00
1606749184, 2952, 1, 3, 0, 0, 0.43%, 0, 0, 1, 360.63
1606749189, 2954, 2, 3, 0, 0, 0.43%, 0, 0, 1, 354.91
1606749194, 2957, 1, 3, 0, 0, 0.43%, 0, 0, 1, 362.42
1606749199, 2959, 2, 3, 0, 0, 0.43%, 0, 0, 1, 359.35
1606749205, 2962, 0, 3, 0, 0, 0.43%, 0, 0, 1, 358.59
1606749210, 2964, 1, 3, 0, 0, 0.43%, 0, 0, 1, 357.33
1606749215, 2966, 2, 3, 0, 0, 0.43%, 0, 0, 1, 354.77
1606749220, 2969, 0, 3, 0, 0, 0.43%, 0, 0, 1, 358.63
1606749225, 2971, 1, 3, 0, 0, 0.43%, 0, 0, 1, 361.86
1606749230, 2973, 2, 3, 0, 0, 0.43%, 0, 0, 1, 356.67
1606749235, 2976, 0, 3, 0, 0, 0.43%, 0, 0, 1, 347.37
1606749240, 2978, 1, 3, 0, 0, 0.43%, 0, 0, 1, 347.87
1606749245, 2980, 2, 3, 0, 0, 0.43%, 0, 0, 1, 343.93
1606749250, 2982, 2, 3, 0, 0, 0.43%, 0, 0, 1, 338.68
1606749255, 2985, 0, 3, 0, 0, 0.43%, 0, 0, 1, 349.66
1606749260, 2987, 1, 3, 0, 0, 0.43%, 0, 0, 1, 353.21
1606749265, 2989, 2, 3, 0, 0, 0.43%, 0, 0, 1, 356.29
1606749270, 2992, 0, 3, 0, 0, 0.43%, 0, 0, 1, 356.99
1606749275, 2994, 1, 3, 0, 0, 0.43%, 0, 0, 1, 358.80
1606749280, 2996, 2, 3, 0, 0, 0.43%, 0, 0, 1, 354.49
1606749285, 2999, 1, 3, 0, 0, 0.43%, 0, 0, 1, 357.06
1606749290, 3001, 1, 3, 0, 0, 0.43%, 0, 0, 1, 355.97
1606749296, 3003, 2, 3, 0, 0, 0.43%, 0, 0, 1, 355.49
1606749301, 3006, 0, 3, 0, 0, 0.43%, 0, 0, 1, 354.47
1606749306, 3008, 1, 3, 0, 0, 0.43%, 0, 0, 1, 344.88
1606749311, 3010, 2, 3, 0, 0, 0.43%, 0, 0, 1, 354.39
1606749316, 3013, 0, 3, 0, 0, 0.43%, 0, 0, 1, 354.22
1606749321, 3015, 1, 3, 0, 0, 0.43%, 0, 0, 1, 345.12
1606749326, 3017, 2, 3, 0, 0, 0.43%, 0, 0, 1, 352.43
1606749331, 3020, 0, 3, 0, 0, 0.43%, 0, 0, 1, 360.14
1606749336, 3022, 1, 3, 0, 0, 0.43%, 0, 0, 1, 362.31
